1.330730000000000000e+05
1.234570000000000000e+05
1.300730000000000000e+05
1.257330000000000000e+05
1.225010000000000000e+05
1.380870000000000000e+05
1.349930000000000000e+05
1.234450000000000000e+05
1.486030000000000000e+05
1.369480000000000000e+05
1.306510000000000000e+05
1.299910000000000000e+05
1.328780000000000000e+05
1.500850000000000000e+05
1.487880000000000000e+05
1.287610000000000000e+05
1.274660000000000000e+05
1.261800000000000000e+05
1.339430000000000000e+05
1.505410000000000000e+05
1.307240000000000000e+05
1.464900000000000000e+05
1.366120000000000000e+05
1.260050000000000000e+05
1.278210000000000000e+05
1.447090000000000000e+05
1.357490000000000000e+05
1.263340000000000000e+05
1.319240000000000000e+05
1.330990000000000000e+05
1.282160000000000000e+05
1.314310000000000000e+05
1.315540000000000000e+05
1.377370000000000000e+05
1.345560000000000000e+05
1.256140000000000000e+05
1.445780000000000000e+05
1.295070000000000000e+05
1.394620000000000000e+05
1.212770000000000000e+05
1.278340000000000000e+05
1.202130000000000000e+05
1.363390000000000000e+05
1.407360000000000000e+05
1.372710000000000000e+05
1.341110000000000000e+05
1.352940000000000000e+05
1.354660000000000000e+05
1.369600000000000000e+05
1.332440000000000000e+05
