2.906980000000000000e+05
2.906980000000000000e+05
2.906980000000000000e+05
2.906980000000000000e+05
2.906980000000000000e+05
2.906980000000000000e+05
2.906980000000000000e+05
2.906980000000000000e+05
2.906980000000000000e+05
2.906980000000000000e+05
2.906980000000000000e+05
2.906980000000000000e+05
2.906980000000000000e+05
2.906980000000000000e+05
2.906980000000000000e+05
2.906980000000000000e+05
2.906980000000000000e+05
2.906980000000000000e+05
2.906980000000000000e+05
2.906980000000000000e+05
2.906980000000000000e+05
2.906980000000000000e+05
2.906980000000000000e+05
2.906980000000000000e+05
2.906980000000000000e+05
2.906980000000000000e+05
2.906980000000000000e+05
2.906980000000000000e+05
2.906980000000000000e+05
2.906980000000000000e+05
2.906980000000000000e+05
2.906980000000000000e+05
2.906980000000000000e+05
2.906980000000000000e+05
2.906980000000000000e+05
2.906980000000000000e+05
2.906980000000000000e+05
2.906980000000000000e+05
2.906980000000000000e+05
2.906980000000000000e+05
2.906980000000000000e+05
2.906980000000000000e+05
2.906980000000000000e+05
2.906980000000000000e+05
2.906980000000000000e+05
2.906980000000000000e+05
2.906980000000000000e+05
2.906980000000000000e+05
2.906980000000000000e+05
2.906980000000000000e+05
