2.290780000000000000e+05
2.290780000000000000e+05
2.290780000000000000e+05
2.290780000000000000e+05
2.290780000000000000e+05
2.290780000000000000e+05
2.290780000000000000e+05
2.290780000000000000e+05
2.290780000000000000e+05
2.290780000000000000e+05
2.290780000000000000e+05
2.290780000000000000e+05
2.290780000000000000e+05
2.290780000000000000e+05
2.290780000000000000e+05
2.290780000000000000e+05
2.290780000000000000e+05
2.290780000000000000e+05
2.290780000000000000e+05
2.290780000000000000e+05
2.290780000000000000e+05
2.290780000000000000e+05
2.290780000000000000e+05
2.290780000000000000e+05
2.290780000000000000e+05
2.290780000000000000e+05
2.290780000000000000e+05
2.290780000000000000e+05
2.290780000000000000e+05
2.290780000000000000e+05
2.290780000000000000e+05
2.290780000000000000e+05
2.290780000000000000e+05
2.290780000000000000e+05
2.290780000000000000e+05
2.290780000000000000e+05
2.290780000000000000e+05
2.290780000000000000e+05
2.290780000000000000e+05
2.290780000000000000e+05
2.290780000000000000e+05
2.290780000000000000e+05
2.290780000000000000e+05
2.290780000000000000e+05
2.290780000000000000e+05
2.290780000000000000e+05
2.290780000000000000e+05
2.290780000000000000e+05
2.290780000000000000e+05
2.290780000000000000e+05
