4.815200000000000000e+04
2.581400000000000000e+04
3.396600000000000000e+04
8.113700000000000000e+04
2.501700000000000000e+04
4.950300000000000000e+04
5.057400000000000000e+04
6.896400000000000000e+04
4.750500000000000000e+04
7.155800000000000000e+04
3.867600000000000000e+04
5.000400000000000000e+04
5.417600000000000000e+04
2.252100000000000000e+04
2.937300000000000000e+04
5.570900000000000000e+04
3.950000000000000000e+04
5.481000000000000000e+04
3.102300000000000000e+04
4.681200000000000000e+04
7.457800000000000000e+04
5.544800000000000000e+04
5.166500000000000000e+04
4.787300000000000000e+04
3.012200000000000000e+04
6.127200000000000000e+04
5.949500000000000000e+04
6.257900000000000000e+04
3.129800000000000000e+04
3.725400000000000000e+04
2.539300000000000000e+04
6.778400000000000000e+04
3.867800000000000000e+04
4.096600000000000000e+04
4.605400000000000000e+04
6.063000000000000000e+03
5.825000000000000000e+04
6.269400000000000000e+04
3.760700000000000000e+04
3.437000000000000000e+04
6.207000000000000000e+04
6.598900000000000000e+04
2.008400000000000000e+04
4.752000000000000000e+04
5.819400000000000000e+04
3.078700000000000000e+04
8.411500000000000000e+04
3.630700000000000000e+04
2.803000000000000000e+04
6.728200000000000000e+04
