7.093600000000000000e+04
2.932200000000000000e+04
6.072100000000000000e+04
6.956000000000000000e+04
3.532400000000000000e+04
4.491600000000000000e+04
3.501700000000000000e+04
4.575600000000000000e+04
4.256200000000000000e+04
6.463200000000000000e+04
4.145200000000000000e+04
3.534300000000000000e+04
5.838700000000000000e+04
5.486300000000000000e+04
6.364600000000000000e+04
4.203900000000000000e+04
5.455500000000000000e+04
2.755900000000000000e+04
5.847600000000000000e+04
2.014700000000000000e+04
5.238100000000000000e+04
5.680800000000000000e+04
5.816200000000000000e+04
4.607000000000000000e+04
6.277000000000000000e+04
3.068000000000000000e+04
3.477300000000000000e+04
4.443400000000000000e+04
5.764000000000000000e+04
5.205800000000000000e+04
3.246700000000000000e+04
4.150800000000000000e+04
2.066600000000000000e+04
5.158400000000000000e+04
2.940200000000000000e+04
6.465200000000000000e+04
6.077700000000000000e+04
6.004300000000000000e+04
1.541600000000000000e+04
2.688600000000000000e+04
6.154000000000000000e+04
5.530700000000000000e+04
4.521400000000000000e+04
5.029800000000000000e+04
3.216100000000000000e+04
6.643800000000000000e+04
3.677000000000000000e+04
3.066500000000000000e+04
5.852300000000000000e+04
4.095100000000000000e+04
