8.144700000000000000e+04
6.512600000000000000e+04
4.697200000000000000e+04
7.692800000000000000e+04
5.576000000000000000e+04
6.691700000000000000e+04
5.261400000000000000e+04
6.176900000000000000e+04
7.253400000000000000e+04
8.292800000000000000e+04
6.935500000000000000e+04
7.930600000000000000e+04
6.535700000000000000e+04
6.948800000000000000e+04
9.675600000000000000e+04
4.544000000000000000e+04
8.178500000000000000e+04
5.728000000000000000e+04
7.575000000000000000e+04
6.212200000000000000e+04
7.522100000000000000e+04
6.703800000000000000e+04
7.727700000000000000e+04
6.570600000000000000e+04
7.049800000000000000e+04
5.673500000000000000e+04
6.333600000000000000e+04
6.775800000000000000e+04
7.497700000000000000e+04
6.128800000000000000e+04
4.382300000000000000e+04
6.996900000000000000e+04
5.927600000000000000e+04
7.263600000000000000e+04
4.907000000000000000e+04
1.076800000000000000e+05
5.370300000000000000e+04
5.369100000000000000e+04
3.820800000000000000e+04
4.655300000000000000e+04
7.943200000000000000e+04
5.961400000000000000e+04
7.625300000000000000e+04
5.991200000000000000e+04
7.569500000000000000e+04
8.526100000000000000e+04
7.871100000000000000e+04
2.229400000000000000e+04
5.836800000000000000e+04
4.637300000000000000e+04
