1.823700000000000000e+04
3.092600000000000000e+04
1.300300000000000000e+04
3.208000000000000000e+04
2.511900000000000000e+04
4.614900000000000000e+04
1.831500000000000000e+04
1.715000000000000000e+03
3.603300000000000000e+04
3.819300000000000000e+04
5.198300000000000000e+04
3.034900000000000000e+04
5.246300000000000000e+04
3.283300000000000000e+04
7.623000000000000000e+03
3.796000000000000000e+03
2.600500000000000000e+04
3.956200000000000000e+04
2.262800000000000000e+04
3.016700000000000000e+04
5.034100000000000000e+04
2.048000000000000000e+04
3.365200000000000000e+04
4.775900000000000000e+04
1.560000000000000000e+04
3.098200000000000000e+04
2.008300000000000000e+04
3.225000000000000000e+03
4.001400000000000000e+04
3.057500000000000000e+04
2.658300000000000000e+04
3.003400000000000000e+04
1.092100000000000000e+04
1.462400000000000000e+04
1.051600000000000000e+04
2.621000000000000000e+04
3.742600000000000000e+04
4.489100000000000000e+04
1.958300000000000000e+04
2.824400000000000000e+04
1.186400000000000000e+04
3.124800000000000000e+04
1.606900000000000000e+04
1.569100000000000000e+04
2.327500000000000000e+04
9.495000000000000000e+03
1.427100000000000000e+04
4.042500000000000000e+04
1.922600000000000000e+04
2.423000000000000000e+04
