7.691500000000000000e+04
7.445800000000000000e+04
7.008000000000000000e+04
5.806900000000000000e+04
1.037720000000000000e+05
1.231320000000000000e+05
9.619900000000000000e+04
8.726900000000000000e+04
1.168310000000000000e+05
7.490900000000000000e+04
9.105200000000000000e+04
1.041840000000000000e+05
5.230800000000000000e+04
7.879800000000000000e+04
8.532100000000000000e+04
6.685700000000000000e+04
7.774100000000000000e+04
1.049930000000000000e+05
7.038300000000000000e+04
9.260000000000000000e+04
7.614700000000000000e+04
1.067400000000000000e+05
1.220480000000000000e+05
5.196000000000000000e+04
1.103100000000000000e+05
8.371800000000000000e+04
6.308800000000000000e+04
7.708200000000000000e+04
1.306950000000000000e+05
6.210300000000000000e+04
7.681600000000000000e+04
1.239840000000000000e+05
7.051300000000000000e+04
4.790100000000000000e+04
6.503900000000000000e+04
8.434800000000000000e+04
8.475500000000000000e+04
8.071800000000000000e+04
6.687300000000000000e+04
7.798000000000000000e+04
6.238500000000000000e+04
8.568400000000000000e+04
2.111200000000000000e+04
6.960200000000000000e+04
7.134100000000000000e+04
3.671800000000000000e+04
8.155400000000000000e+04
6.385000000000000000e+04
9.064700000000000000e+04
5.741400000000000000e+04
