1.887800000000000000e+04
2.454400000000000000e+04
1.299200000000000000e+04
3.695900000000000000e+04
1.965100000000000000e+04
4.460000000000000000e+04
1.957400000000000000e+04
1.081900000000000000e+04
2.032300000000000000e+04
4.133500000000000000e+04
5.827600000000000000e+04
1.838800000000000000e+04
4.978600000000000000e+04
3.529500000000000000e+04
5.825000000000000000e+03
8.006000000000000000e+03
1.804300000000000000e+04
2.709200000000000000e+04
3.502000000000000000e+04
2.776300000000000000e+04
3.824400000000000000e+04
1.767300000000000000e+04
3.826000000000000000e+04
2.617300000000000000e+04
8.888000000000000000e+03
4.098200000000000000e+04
2.885500000000000000e+04
2.127400000000000000e+04
3.663500000000000000e+04
1.957100000000000000e+04
3.735700000000000000e+04
2.471400000000000000e+04
1.699200000000000000e+04
1.137600000000000000e+04
1.783400000000000000e+04
4.007400000000000000e+04
3.643300000000000000e+04
2.944500000000000000e+04
1.981700000000000000e+04
1.348600000000000000e+04
3.344200000000000000e+04
4.290600000000000000e+04
1.714400000000000000e+04
2.642000000000000000e+04
4.170000000000000000e+04
1.124300000000000000e+04
1.342000000000000000e+04
3.498800000000000000e+04
2.367000000000000000e+04
3.888500000000000000e+04
