8.729600000000000000e+04
1.058250000000000000e+05
7.210500000000000000e+04
9.109700000000000000e+04
6.529500000000000000e+04
6.257600000000000000e+04
5.966000000000000000e+04
9.390000000000000000e+04
5.290900000000000000e+04
6.819200000000000000e+04
6.998500000000000000e+04
1.054860000000000000e+05
4.455000000000000000e+04
6.568100000000000000e+04
7.253800000000000000e+04
4.019000000000000000e+04
6.652900000000000000e+04
6.520100000000000000e+04
7.548200000000000000e+04
5.424400000000000000e+04
6.954500000000000000e+04
5.929400000000000000e+04
5.308900000000000000e+04
5.205400000000000000e+04
8.783200000000000000e+04
6.543900000000000000e+04
4.788600000000000000e+04
7.284200000000000000e+04
7.225200000000000000e+04
8.570000000000000000e+04
6.240300000000000000e+04
7.485800000000000000e+04
7.227700000000000000e+04
1.094090000000000000e+05
8.209400000000000000e+04
4.323200000000000000e+04
4.922800000000000000e+04
5.468400000000000000e+04
6.806300000000000000e+04
6.518200000000000000e+04
6.485100000000000000e+04
5.658900000000000000e+04
6.553900000000000000e+04
7.018100000000000000e+04
5.860300000000000000e+04
8.559400000000000000e+04
6.069800000000000000e+04
5.271000000000000000e+04
4.980200000000000000e+04
6.150400000000000000e+04
