5.581800000000000000e+04
6.689100000000000000e+04
8.631100000000000000e+04
5.583200000000000000e+04
6.838800000000000000e+04
7.117700000000000000e+04
7.546600000000000000e+04
7.709700000000000000e+04
7.230200000000000000e+04
9.675300000000000000e+04
7.196800000000000000e+04
6.605200000000000000e+04
6.716900000000000000e+04
8.765100000000000000e+04
5.936500000000000000e+04
7.109600000000000000e+04
6.114300000000000000e+04
6.706800000000000000e+04
7.816000000000000000e+04
5.698400000000000000e+04
6.246300000000000000e+04
8.259100000000000000e+04
6.808800000000000000e+04
7.502000000000000000e+04
6.346100000000000000e+04
7.900800000000000000e+04
6.966700000000000000e+04
7.970500000000000000e+04
9.045700000000000000e+04
8.503700000000000000e+04
5.947100000000000000e+04
7.452500000000000000e+04
6.859900000000000000e+04
7.590500000000000000e+04
6.840700000000000000e+04
9.590000000000000000e+04
6.670800000000000000e+04
6.632500000000000000e+04
7.943900000000000000e+04
7.751200000000000000e+04
7.658500000000000000e+04
6.104600000000000000e+04
7.647400000000000000e+04
6.395800000000000000e+04
8.058900000000000000e+04
7.883500000000000000e+04
7.121900000000000000e+04
7.524100000000000000e+04
9.476400000000000000e+04
8.294200000000000000e+04
