6.514900000000000000e+04
8.544700000000000000e+04
6.428800000000000000e+04
8.434500000000000000e+04
9.319400000000000000e+04
8.039300000000000000e+04
7.033200000000000000e+04
6.435900000000000000e+04
7.601100000000000000e+04
7.660300000000000000e+04
7.930800000000000000e+04
9.139600000000000000e+04
7.054900000000000000e+04
8.746500000000000000e+04
9.614500000000000000e+04
6.796100000000000000e+04
7.906700000000000000e+04
6.273700000000000000e+04
7.443800000000000000e+04
1.042410000000000000e+05
7.961600000000000000e+04
6.008600000000000000e+04
6.376900000000000000e+04
7.743400000000000000e+04
9.662500000000000000e+04
6.168800000000000000e+04
7.006900000000000000e+04
9.785400000000000000e+04
7.826600000000000000e+04
9.566200000000000000e+04
7.982900000000000000e+04
5.968100000000000000e+04
5.805300000000000000e+04
4.492600000000000000e+04
8.963200000000000000e+04
8.435000000000000000e+04
6.616200000000000000e+04
5.532100000000000000e+04
5.830500000000000000e+04
7.983300000000000000e+04
1.040690000000000000e+05
7.455200000000000000e+04
7.617000000000000000e+04
8.708100000000000000e+04
6.544100000000000000e+04
6.734500000000000000e+04
7.020300000000000000e+04
9.161800000000000000e+04
7.015200000000000000e+04
8.572100000000000000e+04
