8.307500000000000000e+04
6.719600000000000000e+04
5.725900000000000000e+04
1.019150000000000000e+05
7.883600000000000000e+04
8.235300000000000000e+04
7.915000000000000000e+04
6.082500000000000000e+04
5.471400000000000000e+04
6.138700000000000000e+04
9.865700000000000000e+04
1.003460000000000000e+05
8.730800000000000000e+04
8.796900000000000000e+04
1.059020000000000000e+05
7.622300000000000000e+04
8.224200000000000000e+04
7.098100000000000000e+04
9.154300000000000000e+04
7.735900000000000000e+04
9.300600000000000000e+04
6.824400000000000000e+04
7.793300000000000000e+04
1.001810000000000000e+05
7.762700000000000000e+04
8.934300000000000000e+04
7.356900000000000000e+04
1.046060000000000000e+05
6.831800000000000000e+04
9.158200000000000000e+04
8.996200000000000000e+04
7.834500000000000000e+04
6.958300000000000000e+04
9.131100000000000000e+04
8.067500000000000000e+04
6.782100000000000000e+04
1.050750000000000000e+05
9.495300000000000000e+04
6.624100000000000000e+04
9.590600000000000000e+04
9.635300000000000000e+04
5.919600000000000000e+04
6.893600000000000000e+04
1.064500000000000000e+05
7.222300000000000000e+04
4.876800000000000000e+04
8.303200000000000000e+04
9.601100000000000000e+04
9.266600000000000000e+04
7.097000000000000000e+04
