9.085900000000000000e+04
8.411100000000000000e+04
4.337700000000000000e+04
8.062000000000000000e+04
7.680900000000000000e+04
8.358100000000000000e+04
1.031740000000000000e+05
6.315100000000000000e+04
8.458700000000000000e+04
9.551400000000000000e+04
8.681400000000000000e+04
7.011800000000000000e+04
9.289400000000000000e+04
5.186800000000000000e+04
1.019610000000000000e+05
8.318100000000000000e+04
7.856200000000000000e+04
9.959300000000000000e+04
8.552800000000000000e+04
9.015500000000000000e+04
7.123500000000000000e+04
5.260900000000000000e+04
7.378300000000000000e+04
9.533100000000000000e+04
8.072900000000000000e+04
8.093900000000000000e+04
8.444700000000000000e+04
8.382400000000000000e+04
6.383300000000000000e+04
9.540400000000000000e+04
1.051780000000000000e+05
9.120300000000000000e+04
7.440100000000000000e+04
7.869400000000000000e+04
7.857900000000000000e+04
8.621900000000000000e+04
6.816100000000000000e+04
5.442800000000000000e+04
8.039300000000000000e+04
8.390200000000000000e+04
7.469200000000000000e+04
6.626300000000000000e+04
9.829000000000000000e+04
8.217900000000000000e+04
9.470100000000000000e+04
5.706600000000000000e+04
8.507500000000000000e+04
1.096160000000000000e+05
9.669700000000000000e+04
8.466900000000000000e+04
