1.085920000000000000e+05
9.956600000000000000e+04
1.136240000000000000e+05
1.275320000000000000e+05
1.011230000000000000e+05
8.592700000000000000e+04
8.797500000000000000e+04
1.359820000000000000e+05
8.873100000000000000e+04
7.024200000000000000e+04
8.211700000000000000e+04
9.491900000000000000e+04
9.229600000000000000e+04
9.948500000000000000e+04
8.164400000000000000e+04
9.635200000000000000e+04
9.445900000000000000e+04
9.260300000000000000e+04
8.296400000000000000e+04
8.956400000000000000e+04
9.733000000000000000e+04
6.740900000000000000e+04
8.535500000000000000e+04
7.595000000000000000e+04
8.431500000000000000e+04
1.028250000000000000e+05
8.990700000000000000e+04
6.005000000000000000e+04
7.866300000000000000e+04
8.916200000000000000e+04
8.066800000000000000e+04
8.770500000000000000e+04
1.029720000000000000e+05
9.598300000000000000e+04
8.727400000000000000e+04
1.124180000000000000e+05
8.816700000000000000e+04
1.029050000000000000e+05
1.056400000000000000e+05
8.342000000000000000e+04
9.260900000000000000e+04
1.067540000000000000e+05
9.849500000000000000e+04
1.083630000000000000e+05
1.057840000000000000e+05
1.225630000000000000e+05
1.371880000000000000e+05
9.397300000000000000e+04
6.993500000000000000e+04
9.886700000000000000e+04
