2.720670000000000000e+05
2.743840000000000000e+05
3.633290000000000000e+05
3.024380000000000000e+05
3.235420000000000000e+05
2.837800000000000000e+05
3.061640000000000000e+05
3.249180000000000000e+05
2.996130000000000000e+05
2.974210000000000000e+05
3.179850000000000000e+05
3.562960000000000000e+05
3.318650000000000000e+05
3.026850000000000000e+05
3.261920000000000000e+05
2.808580000000000000e+05
2.766790000000000000e+05
2.938980000000000000e+05
3.550510000000000000e+05
2.851700000000000000e+05
3.189130000000000000e+05
2.204220000000000000e+05
2.860550000000000000e+05
3.769810000000000000e+05
3.098630000000000000e+05
2.902360000000000000e+05
2.819070000000000000e+05
2.920490000000000000e+05
3.560620000000000000e+05
3.251060000000000000e+05
3.270590000000000000e+05
2.944120000000000000e+05
2.979680000000000000e+05
2.814960000000000000e+05
3.347130000000000000e+05
2.894690000000000000e+05
2.855160000000000000e+05
2.930430000000000000e+05
2.373650000000000000e+05
3.221120000000000000e+05
3.194470000000000000e+05
2.622120000000000000e+05
2.912980000000000000e+05
2.723040000000000000e+05
2.488210000000000000e+05
2.865830000000000000e+05
3.155630000000000000e+05
3.258990000000000000e+05
2.929320000000000000e+05
3.282790000000000000e+05
