4.005580000000000000e+05
2.497750000000000000e+05
3.048640000000000000e+05
3.084770000000000000e+05
3.240670000000000000e+05
3.933640000000000000e+05
4.119300000000000000e+05
2.577100000000000000e+05
3.306100000000000000e+05
3.521250000000000000e+05
3.716250000000000000e+05
2.779460000000000000e+05
3.800980000000000000e+05
3.767130000000000000e+05
3.280340000000000000e+05
3.323840000000000000e+05
2.883250000000000000e+05
2.799040000000000000e+05
3.711610000000000000e+05
3.456030000000000000e+05
3.704920000000000000e+05
2.044950000000000000e+05
2.873670000000000000e+05
3.030630000000000000e+05
3.330690000000000000e+05
3.098310000000000000e+05
3.321050000000000000e+05
3.951420000000000000e+05
3.262340000000000000e+05
2.225780000000000000e+05
2.675790000000000000e+05
3.452530000000000000e+05
3.703390000000000000e+05
3.296360000000000000e+05
2.890680000000000000e+05
3.732990000000000000e+05
3.327260000000000000e+05
3.705660000000000000e+05
3.622340000000000000e+05
3.753300000000000000e+05
3.765690000000000000e+05
4.079700000000000000e+05
2.452720000000000000e+05
3.563170000000000000e+05
3.321910000000000000e+05
2.992520000000000000e+05
3.024610000000000000e+05
3.369790000000000000e+05
3.684140000000000000e+05
3.539390000000000000e+05
