3.715990000000000000e+05
2.494640000000000000e+05
3.014330000000000000e+05
3.426020000000000000e+05
3.346670000000000000e+05
3.674100000000000000e+05
3.883870000000000000e+05
3.817360000000000000e+05
3.296420000000000000e+05
3.247860000000000000e+05
2.926430000000000000e+05
3.793560000000000000e+05
4.289870000000000000e+05
3.714700000000000000e+05
4.049230000000000000e+05
3.084300000000000000e+05
3.244370000000000000e+05
3.430680000000000000e+05
4.124690000000000000e+05
3.025000000000000000e+05
3.105540000000000000e+05
2.081980000000000000e+05
2.244890000000000000e+05
3.687620000000000000e+05
3.832950000000000000e+05
3.304000000000000000e+05
2.502960000000000000e+05
3.984550000000000000e+05
2.940940000000000000e+05
2.485990000000000000e+05
3.469560000000000000e+05
4.163800000000000000e+05
3.103440000000000000e+05
3.245550000000000000e+05
2.829200000000000000e+05
3.480100000000000000e+05
3.945890000000000000e+05
3.965420000000000000e+05
2.033790000000000000e+05
3.803910000000000000e+05
3.774610000000000000e+05
2.661420000000000000e+05
3.531130000000000000e+05
3.620960000000000000e+05
3.570750000000000000e+05
2.314970000000000000e+05
3.840800000000000000e+05
3.605540000000000000e+05
4.487920000000000000e+05
3.235230000000000000e+05
