1.366350000000000000e+05
6.876400000000000000e+04
2.200860000000000000e+05
6.062800000000000000e+04
1.991920000000000000e+05
1.965160000000000000e+05
2.443300000000000000e+05
1.973410000000000000e+05
5.723800000000000000e+04
2.676210000000000000e+05
1.146270000000000000e+05
2.015210000000000000e+05
9.688700000000000000e+04
2.273600000000000000e+05
1.399690000000000000e+05
1.410360000000000000e+05
2.618430000000000000e+05
1.827450000000000000e+05
2.807250000000000000e+05
2.953300000000000000e+05
1.778860000000000000e+05
1.497940000000000000e+05
2.253590000000000000e+05
1.710070000000000000e+05
2.029070000000000000e+05
1.834440000000000000e+05
2.156640000000000000e+05
1.307660000000000000e+05
1.574890000000000000e+05
1.271530000000000000e+05
1.372100000000000000e+05
1.303300000000000000e+05
2.885330000000000000e+05
5.985400000000000000e+04
1.629710000000000000e+05
1.213310000000000000e+05
9.383000000000000000e+04
1.310140000000000000e+05
1.158790000000000000e+05
2.604550000000000000e+05
3.606200000000000000e+04
2.610940000000000000e+05
2.231240000000000000e+05
1.501110000000000000e+05
1.072390000000000000e+05
2.934270000000000000e+05
2.179800000000000000e+05
1.320920000000000000e+05
2.397560000000000000e+05
2.011820000000000000e+05
