2.333730000000000000e+05
1.444030000000000000e+05
2.124030000000000000e+05
1.467370000000000000e+05
1.526110000000000000e+05
3.099780000000000000e+05
2.854190000000000000e+05
2.500510000000000000e+05
1.159210000000000000e+05
2.126560000000000000e+05
1.675410000000000000e+05
2.885130000000000000e+05
1.935330000000000000e+05
2.040100000000000000e+05
2.383290000000000000e+05
1.834290000000000000e+05
2.612120000000000000e+05
2.789160000000000000e+05
2.792270000000000000e+05
3.396680000000000000e+05
3.322010000000000000e+05
7.116400000000000000e+04
1.778100000000000000e+05
2.340130000000000000e+05
3.104270000000000000e+05
3.127010000000000000e+05
3.130550000000000000e+05
2.434660000000000000e+05
2.404390000000000000e+05
1.915130000000000000e+05
2.776640000000000000e+05
1.387290000000000000e+05
3.227320000000000000e+05
1.597140000000000000e+05
3.625990000000000000e+05
2.202660000000000000e+05
2.521360000000000000e+05
3.398130000000000000e+05
2.969290000000000000e+05
1.871270000000000000e+05
2.226040000000000000e+05
2.566060000000000000e+05
2.266790000000000000e+05
1.766320000000000000e+05
1.474620000000000000e+05
3.226210000000000000e+05
2.713960000000000000e+05
2.612240000000000000e+05
1.374930000000000000e+05
1.614400000000000000e+05
