3.169320000000000000e+05
1.876660000000000000e+05
2.828510000000000000e+05
2.427740000000000000e+05
3.343120000000000000e+05
2.774010000000000000e+05
2.978200000000000000e+05
2.520410000000000000e+05
1.966060000000000000e+05
2.536100000000000000e+05
2.375640000000000000e+05
3.565900000000000000e+05
2.528720000000000000e+05
2.570550000000000000e+05
2.810150000000000000e+05
2.809860000000000000e+05
2.796110000000000000e+05
2.739130000000000000e+05
2.881190000000000000e+05
2.984000000000000000e+05
2.916080000000000000e+05
1.991690000000000000e+05
2.235380000000000000e+05
2.858450000000000000e+05
2.161360000000000000e+05
2.387270000000000000e+05
2.314230000000000000e+05
2.658240000000000000e+05
2.092840000000000000e+05
2.377090000000000000e+05
3.248860000000000000e+05
3.057280000000000000e+05
2.904740000000000000e+05
2.620580000000000000e+05
2.258320000000000000e+05
2.948910000000000000e+05
1.707210000000000000e+05
2.838960000000000000e+05
2.807380000000000000e+05
2.908850000000000000e+05
2.830340000000000000e+05
2.851730000000000000e+05
2.400050000000000000e+05
2.907910000000000000e+05
2.863530000000000000e+05
2.426370000000000000e+05
2.286620000000000000e+05
2.464990000000000000e+05
3.289250000000000000e+05
2.790260000000000000e+05
