1.705210000000000000e+05
2.606980000000000000e+05
1.499690000000000000e+05
6.564000000000000000e+04
2.721000000000000000e+04
8.459400000000000000e+04
1.828700000000000000e+05
9.014600000000000000e+04
4.729600000000000000e+04
1.022230000000000000e+05
1.731860000000000000e+05
4.767900000000000000e+04
3.402100000000000000e+04
7.478000000000000000e+04
1.263320000000000000e+05
5.612400000000000000e+04
4.137300000000000000e+04
1.857020000000000000e+05
1.621380000000000000e+05
2.067700000000000000e+05
1.388150000000000000e+05
1.071880000000000000e+05
2.173150000000000000e+05
9.741300000000000000e+04
2.382020000000000000e+05
2.196090000000000000e+05
1.358790000000000000e+05
1.304240000000000000e+05
9.208200000000000000e+04
3.355400000000000000e+04
7.783200000000000000e+04
9.288000000000000000e+04
1.863800000000000000e+05
1.635670000000000000e+05
1.466960000000000000e+05
1.401940000000000000e+05
2.769670000000000000e+05
2.520800000000000000e+04
5.200000000000000000e+02
2.750700000000000000e+04
1.422870000000000000e+05
6.001700000000000000e+04
1.036780000000000000e+05
2.405100000000000000e+04
3.032170000000000000e+05
1.836320000000000000e+05
6.334800000000000000e+04
6.473800000000000000e+04
4.326700000000000000e+04
1.406680000000000000e+05
