1.255750000000000000e+05
8.015900000000000000e+04
2.369780000000000000e+05
1.099080000000000000e+05
1.846410000000000000e+05
1.077370000000000000e+05
2.181860000000000000e+05
2.381390000000000000e+05
1.000090000000000000e+05
2.394930000000000000e+05
1.721930000000000000e+05
2.405670000000000000e+05
2.947900000000000000e+04
1.121820000000000000e+05
2.428860000000000000e+05
8.054600000000000000e+04
1.528510000000000000e+05
1.386840000000000000e+05
7.450300000000000000e+04
2.249930000000000000e+05
1.320640000000000000e+05
1.891020000000000000e+05
2.514860000000000000e+05
3.574000000000000000e+04
1.931480000000000000e+05
2.311320000000000000e+05
1.616160000000000000e+05
6.073700000000000000e+04
1.286730000000000000e+05
2.513530000000000000e+05
1.737100000000000000e+05
1.109080000000000000e+05
2.599930000000000000e+05
2.233530000000000000e+05
2.386940000000000000e+05
1.510020000000000000e+05
2.334850000000000000e+05
2.821720000000000000e+05
1.270900000000000000e+04
2.166640000000000000e+05
1.915460000000000000e+05
1.498230000000000000e+05
2.109000000000000000e+05
3.801200000000000000e+04
2.404910000000000000e+05
1.102750000000000000e+05
2.765840000000000000e+05
1.619500000000000000e+05
1.644860000000000000e+05
5.744900000000000000e+04
