1.065680000000000000e+05
7.485500000000000000e+04
9.702300000000000000e+04
8.529500000000000000e+04
9.065900000000000000e+04
2.842200000000000000e+04
2.928000000000000000e+04
1.542950000000000000e+05
1.222000000000000000e+05
1.014420000000000000e+05
1.183200000000000000e+05
1.595680000000000000e+05
6.851700000000000000e+04
2.791800000000000000e+04
1.417900000000000000e+05
6.603700000000000000e+04
1.048740000000000000e+05
1.022980000000000000e+05
1.063110000000000000e+05
2.234190000000000000e+05
7.225500000000000000e+04
1.205120000000000000e+05
2.269000000000000000e+05
9.977000000000000000e+03
1.561760000000000000e+05
1.326280000000000000e+05
8.570100000000000000e+04
1.031900000000000000e+04
7.733200000000000000e+04
1.078190000000000000e+05
5.936300000000000000e+04
1.504670000000000000e+05
2.063970000000000000e+05
1.698290000000000000e+05
2.055860000000000000e+05
1.245590000000000000e+05
2.017330000000000000e+05
3.316300000000000000e+04
4.547000000000000000e+03
5.304600000000000000e+04
2.009380000000000000e+05
5.840300000000000000e+04
1.122680000000000000e+05
5.634000000000000000e+03
1.664150000000000000e+05
7.860500000000000000e+04
1.403120000000000000e+05
1.604980000000000000e+05
1.251330000000000000e+05
1.138240000000000000e+05
