2.572730000000000000e+05
3.338040000000000000e+05
2.665860000000000000e+05
2.519450000000000000e+05
2.753810000000000000e+05
2.246540000000000000e+05
3.287580000000000000e+05
2.800840000000000000e+05
3.154760000000000000e+05
3.144660000000000000e+05
2.911980000000000000e+05
2.770380000000000000e+05
2.827120000000000000e+05
2.442600000000000000e+05
2.599060000000000000e+05
2.508760000000000000e+05
2.841240000000000000e+05
3.096070000000000000e+05
2.423000000000000000e+05
2.895150000000000000e+05
3.450540000000000000e+05
2.594640000000000000e+05
2.811570000000000000e+05
2.815210000000000000e+05
1.975100000000000000e+05
2.923500000000000000e+05
3.420770000000000000e+05
2.683060000000000000e+05
3.098700000000000000e+05
2.524150000000000000e+05
2.604130000000000000e+05
2.597120000000000000e+05
2.981000000000000000e+05
2.937010000000000000e+05
3.386430000000000000e+05
3.139250000000000000e+05
2.680790000000000000e+05
2.932760000000000000e+05
2.859210000000000000e+05
2.662180000000000000e+05
2.540940000000000000e+05
2.567450000000000000e+05
3.708310000000000000e+05
2.945640000000000000e+05
3.263010000000000000e+05
3.380140000000000000e+05
3.247930000000000000e+05
2.292320000000000000e+05
2.918780000000000000e+05
2.652480000000000000e+05
