3.593280000000000000e+05
3.572500000000000000e+05
3.255590000000000000e+05
3.759500000000000000e+05
3.797130000000000000e+05
3.722310000000000000e+05
3.852840000000000000e+05
3.760430000000000000e+05
3.800920000000000000e+05
3.611160000000000000e+05
4.175330000000000000e+05
4.083410000000000000e+05
3.412510000000000000e+05
3.376530000000000000e+05
3.358720000000000000e+05
3.402170000000000000e+05
3.776420000000000000e+05
3.254570000000000000e+05
4.291190000000000000e+05
3.409320000000000000e+05
3.596730000000000000e+05
3.352690000000000000e+05
3.750590000000000000e+05
4.212930000000000000e+05
3.281640000000000000e+05
4.085150000000000000e+05
3.439810000000000000e+05
3.566200000000000000e+05
3.810170000000000000e+05
3.784170000000000000e+05
4.029090000000000000e+05
3.345970000000000000e+05
3.669290000000000000e+05
3.835780000000000000e+05
4.331690000000000000e+05
4.064880000000000000e+05
3.462430000000000000e+05
3.461890000000000000e+05
3.595660000000000000e+05
3.568490000000000000e+05
4.235900000000000000e+05
3.436390000000000000e+05
3.842720000000000000e+05
3.524130000000000000e+05
3.378610000000000000e+05
4.004530000000000000e+05
4.113700000000000000e+05
3.987210000000000000e+05
3.668870000000000000e+05
3.595280000000000000e+05
