3.309050000000000000e+05
3.390790000000000000e+05
3.626130000000000000e+05
3.762610000000000000e+05
3.586170000000000000e+05
3.765460000000000000e+05
3.286870000000000000e+05
4.104870000000000000e+05
3.658470000000000000e+05
4.086330000000000000e+05
3.456240000000000000e+05
4.147340000000000000e+05
3.601390000000000000e+05
4.205630000000000000e+05
4.366320000000000000e+05
3.442050000000000000e+05
3.655220000000000000e+05
3.066440000000000000e+05
4.122220000000000000e+05
3.770120000000000000e+05
3.820330000000000000e+05
3.344990000000000000e+05
4.210590000000000000e+05
4.052100000000000000e+05
4.337840000000000000e+05
3.820830000000000000e+05
4.053170000000000000e+05
3.958410000000000000e+05
3.598210000000000000e+05
3.376500000000000000e+05
3.609260000000000000e+05
4.153910000000000000e+05
3.141980000000000000e+05
4.160630000000000000e+05
3.975850000000000000e+05
4.322220000000000000e+05
4.389030000000000000e+05
3.705880000000000000e+05
3.290580000000000000e+05
3.940860000000000000e+05
3.980760000000000000e+05
4.073690000000000000e+05
3.832660000000000000e+05
3.686040000000000000e+05
3.278600000000000000e+05
4.029970000000000000e+05
3.873510000000000000e+05
3.874380000000000000e+05
3.485480000000000000e+05
3.481860000000000000e+05
