1.877420000000000000e+05
1.928340000000000000e+05
1.230870000000000000e+05
1.575220000000000000e+05
7.246000000000000000e+04
1.323900000000000000e+05
1.441600000000000000e+05
1.431150000000000000e+05
1.005360000000000000e+05
1.275250000000000000e+05
8.879900000000000000e+04
3.680100000000000000e+04
2.636650000000000000e+05
7.939800000000000000e+04
9.543400000000000000e+04
9.948500000000000000e+04
1.943410000000000000e+05
2.056900000000000000e+04
9.327700000000000000e+04
1.528760000000000000e+05
1.184720000000000000e+05
1.560210000000000000e+05
7.709800000000000000e+04
6.854900000000000000e+04
1.932220000000000000e+05
1.577250000000000000e+05
1.407990000000000000e+05
1.072030000000000000e+05
1.456800000000000000e+05
1.373340000000000000e+05
1.017490000000000000e+05
1.203860000000000000e+05
1.219100000000000000e+05
2.679800000000000000e+04
3.348700000000000000e+04
9.750500000000000000e+04
2.519280000000000000e+05
1.121510000000000000e+05
1.547600000000000000e+04
3.100350000000000000e+05
1.404350000000000000e+05
3.500600000000000000e+04
4.124400000000000000e+04
1.907240000000000000e+05
1.170980000000000000e+05
1.805080000000000000e+05
2.191940000000000000e+05
1.392010000000000000e+05
1.967630000000000000e+05
1.221010000000000000e+05
