8.007800000000000000e+04
3.847100000000000000e+04
7.026800000000000000e+04
7.532700000000000000e+04
1.029790000000000000e+05
6.592600000000000000e+04
8.029400000000000000e+04
6.785700000000000000e+04
5.968000000000000000e+04
7.188200000000000000e+04
6.374400000000000000e+04
9.890300000000000000e+04
7.864400000000000000e+04
8.737500000000000000e+04
5.014500000000000000e+04
6.975900000000000000e+04
7.363600000000000000e+04
6.285400000000000000e+04
8.761600000000000000e+04
9.670900000000000000e+04
9.772600000000000000e+04
6.352700000000000000e+04
6.859500000000000000e+04
8.956100000000000000e+04
6.577900000000000000e+04
6.899400000000000000e+04
8.627500000000000000e+04
7.989200000000000000e+04
4.562000000000000000e+04
7.369600000000000000e+04
7.366000000000000000e+04
8.147200000000000000e+04
6.261200000000000000e+04
7.358200000000000000e+04
5.087900000000000000e+04
1.014200000000000000e+05
5.860400000000000000e+04
7.307800000000000000e+04
6.441000000000000000e+04
9.408500000000000000e+04
8.700100000000000000e+04
6.335300000000000000e+04
9.375400000000000000e+04
6.008800000000000000e+04
7.897200000000000000e+04
6.450900000000000000e+04
7.257900000000000000e+04
6.938300000000000000e+04
1.024780000000000000e+05
1.059320000000000000e+05
