1.130390000000000000e+05
6.342800000000000000e+04
7.346000000000000000e+04
8.034500000000000000e+04
6.060200000000000000e+04
9.590000000000000000e+04
9.499800000000000000e+04
5.296300000000000000e+04
6.289100000000000000e+04
6.428700000000000000e+04
8.483400000000000000e+04
8.919400000000000000e+04
8.255900000000000000e+04
1.239720000000000000e+05
8.831600000000000000e+04
5.813100000000000000e+04
7.070800000000000000e+04
6.554700000000000000e+04
1.325580000000000000e+05
9.467900000000000000e+04
9.281800000000000000e+04
5.369600000000000000e+04
5.948400000000000000e+04
1.006570000000000000e+05
7.260200000000000000e+04
9.548500000000000000e+04
8.153600000000000000e+04
1.080180000000000000e+05
8.741300000000000000e+04
5.325200000000000000e+04
6.711600000000000000e+04
9.319100000000000000e+04
9.265900000000000000e+04
7.923400000000000000e+04
9.076800000000000000e+04
1.147140000000000000e+05
6.339900000000000000e+04
1.300510000000000000e+05
1.241660000000000000e+05
1.007800000000000000e+05
8.037400000000000000e+04
8.656900000000000000e+04
8.284400000000000000e+04
6.350400000000000000e+04
8.249600000000000000e+04
5.573100000000000000e+04
5.860900000000000000e+04
9.393100000000000000e+04
7.124500000000000000e+04
9.707600000000000000e+04
