3.042200000000000000e+04
4.513800000000000000e+04
3.443000000000000000e+04
4.320400000000000000e+04
2.230900000000000000e+04
5.283200000000000000e+04
4.176900000000000000e+04
3.080900000000000000e+04
1.978400000000000000e+04
4.234800000000000000e+04
4.402100000000000000e+04
4.153000000000000000e+04
3.312500000000000000e+04
5.023400000000000000e+04
4.579000000000000000e+04
2.473800000000000000e+04
6.561700000000000000e+04
5.001200000000000000e+04
2.421900000000000000e+04
5.552500000000000000e+04
5.577700000000000000e+04
1.912700000000000000e+04
3.203900000000000000e+04
3.256200000000000000e+04
6.167700000000000000e+04
6.483500000000000000e+04
4.396900000000000000e+04
3.717700000000000000e+04
3.445300000000000000e+04
3.855400000000000000e+04
3.451800000000000000e+04
2.228900000000000000e+04
6.358900000000000000e+04
3.456200000000000000e+04
7.182300000000000000e+04
4.657600000000000000e+04
3.830100000000000000e+04
5.464100000000000000e+04
2.779000000000000000e+04
3.601600000000000000e+04
3.539300000000000000e+04
7.322900000000000000e+04
2.942600000000000000e+04
2.418400000000000000e+04
4.991900000000000000e+04
5.937800000000000000e+04
4.316200000000000000e+04
4.388000000000000000e+04
2.013300000000000000e+04
2.775500000000000000e+04
