8.520200000000000000e+04
1.032640000000000000e+05
1.029670000000000000e+05
1.081360000000000000e+05
9.658200000000000000e+04
9.714200000000000000e+04
1.120670000000000000e+05
1.062200000000000000e+05
7.529400000000000000e+04
9.906600000000000000e+04
8.748900000000000000e+04
9.205900000000000000e+04
1.015300000000000000e+05
7.507100000000000000e+04
1.270010000000000000e+05
1.203210000000000000e+05
6.440100000000000000e+04
9.824100000000000000e+04
1.046810000000000000e+05
1.098350000000000000e+05
7.752200000000000000e+04
7.482300000000000000e+04
8.095900000000000000e+04
1.386340000000000000e+05
8.802500000000000000e+04
9.002200000000000000e+04
1.014710000000000000e+05
8.854700000000000000e+04
1.398190000000000000e+05
1.053720000000000000e+05
9.729400000000000000e+04
1.179690000000000000e+05
1.186490000000000000e+05
8.920700000000000000e+04
1.077230000000000000e+05
1.081470000000000000e+05
8.360400000000000000e+04
9.805200000000000000e+04
6.998400000000000000e+04
9.937300000000000000e+04
1.145280000000000000e+05
9.896900000000000000e+04
1.090910000000000000e+05
1.022040000000000000e+05
9.917000000000000000e+04
8.370600000000000000e+04
9.388500000000000000e+04
1.090740000000000000e+05
1.076330000000000000e+05
1.041970000000000000e+05
