2.391100000000000000e+04
3.580100000000000000e+04
1.673000000000000000e+04
1.668300000000000000e+04
1.869000000000000000e+04
1.098600000000000000e+04
3.760400000000000000e+04
2.113700000000000000e+04
1.839100000000000000e+04
1.994800000000000000e+04
2.971900000000000000e+04
2.399700000000000000e+04
9.927000000000000000e+03
1.757900000000000000e+04
2.276400000000000000e+04
1.243600000000000000e+04
1.837200000000000000e+04
2.549900000000000000e+04
1.531000000000000000e+04
2.919500000000000000e+04
3.041000000000000000e+04
2.829400000000000000e+04
4.352400000000000000e+04
1.192400000000000000e+04
4.663200000000000000e+04
3.729600000000000000e+04
2.248300000000000000e+04
1.259500000000000000e+04
2.005600000000000000e+04
8.289000000000000000e+03
2.152500000000000000e+04
3.064200000000000000e+04
2.768700000000000000e+04
2.545900000000000000e+04
2.986600000000000000e+04
2.231800000000000000e+04
3.844000000000000000e+04
1.088100000000000000e+04
1.209000000000000000e+03
1.193200000000000000e+04
3.607400000000000000e+04
1.271400000000000000e+04
1.606100000000000000e+04
3.478000000000000000e+03
4.826700000000000000e+04
2.467000000000000000e+04
3.584200000000000000e+04
3.120000000000000000e+04
1.091200000000000000e+04
2.629000000000000000e+04
