1.146030000000000000e+05
1.488700000000000000e+05
1.099350000000000000e+05
1.189670000000000000e+05
1.188290000000000000e+05
1.401890000000000000e+05
1.229450000000000000e+05
1.183440000000000000e+05
1.595360000000000000e+05
1.279090000000000000e+05
1.227790000000000000e+05
1.520180000000000000e+05
1.389270000000000000e+05
1.476620000000000000e+05
1.479260000000000000e+05
1.096570000000000000e+05
1.010190000000000000e+05
1.290060000000000000e+05
1.266390000000000000e+05
1.506760000000000000e+05
1.569360000000000000e+05
1.035580000000000000e+05
1.407120000000000000e+05
1.310710000000000000e+05
1.251260000000000000e+05
1.465300000000000000e+05
1.529820000000000000e+05
1.292520000000000000e+05
1.173380000000000000e+05
1.147130000000000000e+05
1.174200000000000000e+05
1.101610000000000000e+05
1.227720000000000000e+05
1.384460000000000000e+05
1.531440000000000000e+05
1.425600000000000000e+05
1.452980000000000000e+05
1.201520000000000000e+05
1.738890000000000000e+05
1.206180000000000000e+05
1.345970000000000000e+05
1.072840000000000000e+05
1.255780000000000000e+05
1.050580000000000000e+05
1.285400000000000000e+05
8.844800000000000000e+04
1.338440000000000000e+05
1.311390000000000000e+05
1.025780000000000000e+05
1.003680000000000000e+05
