1.126050000000000000e+05
1.198640000000000000e+05
1.123100000000000000e+05
1.062280000000000000e+05
1.237090000000000000e+05
1.207370000000000000e+05
1.257720000000000000e+05
1.057010000000000000e+05
1.304740000000000000e+05
1.196890000000000000e+05
9.706500000000000000e+04
1.078840000000000000e+05
1.084070000000000000e+05
1.498500000000000000e+05
1.211780000000000000e+05
1.269930000000000000e+05
1.092060000000000000e+05
1.343100000000000000e+05
1.090980000000000000e+05
1.274280000000000000e+05
1.140790000000000000e+05
1.020690000000000000e+05
1.368220000000000000e+05
1.113200000000000000e+05
1.263610000000000000e+05
1.122730000000000000e+05
1.323050000000000000e+05
1.205990000000000000e+05
1.281130000000000000e+05
1.103210000000000000e+05
1.043460000000000000e+05
8.930200000000000000e+04
1.450960000000000000e+05
1.076450000000000000e+05
1.305110000000000000e+05
1.529860000000000000e+05
1.442010000000000000e+05
1.267280000000000000e+05
1.273780000000000000e+05
1.048490000000000000e+05
8.416700000000000000e+04
1.171710000000000000e+05
1.211840000000000000e+05
9.425000000000000000e+04
1.036470000000000000e+05
1.141680000000000000e+05
1.195700000000000000e+05
1.228960000000000000e+05
1.315180000000000000e+05
8.035200000000000000e+04
