2.204000000000000000e+04
1.647900000000000000e+04
3.867400000000000000e+04
1.047300000000000000e+04
3.658200000000000000e+04
5.720500000000000000e+04
3.958900000000000000e+04
3.642700000000000000e+04
2.119100000000000000e+04
5.139400000000000000e+04
2.348600000000000000e+04
1.978400000000000000e+04
1.897000000000000000e+04
4.760400000000000000e+04
2.492500000000000000e+04
2.637600000000000000e+04
6.332000000000000000e+04
4.117300000000000000e+04
5.868400000000000000e+04
4.939000000000000000e+04
2.844400000000000000e+04
2.884300000000000000e+04
4.146800000000000000e+04
4.140100000000000000e+04
5.588100000000000000e+04
2.460000000000000000e+04
5.649200000000000000e+04
3.076700000000000000e+04
2.969300000000000000e+04
3.425300000000000000e+04
2.951300000000000000e+04
3.215100000000000000e+04
3.679200000000000000e+04
6.714000000000000000e+03
3.129400000000000000e+04
2.315000000000000000e+04
2.989600000000000000e+04
1.632400000000000000e+04
1.259800000000000000e+04
4.665300000000000000e+04
1.401000000000000000e+04
5.377800000000000000e+04
3.536600000000000000e+04
2.558300000000000000e+04
2.340300000000000000e+04
5.231300000000000000e+04
2.946600000000000000e+04
1.846700000000000000e+04
3.503100000000000000e+04
2.094100000000000000e+04
