1.759180000000000000e+05
1.217070000000000000e+05
1.468720000000000000e+05
1.893570000000000000e+05
1.650130000000000000e+05
1.430460000000000000e+05
1.524720000000000000e+05
1.383120000000000000e+05
1.412600000000000000e+05
1.729300000000000000e+05
1.715160000000000000e+05
1.709490000000000000e+05
1.436890000000000000e+05
1.768260000000000000e+05
1.507620000000000000e+05
1.745650000000000000e+05
1.531940000000000000e+05
1.594740000000000000e+05
1.201650000000000000e+05
1.602830000000000000e+05
1.464080000000000000e+05
1.300400000000000000e+05
1.646210000000000000e+05
1.911810000000000000e+05
1.658810000000000000e+05
1.450470000000000000e+05
1.380480000000000000e+05
1.559020000000000000e+05
1.531120000000000000e+05
1.577800000000000000e+05
1.541890000000000000e+05
1.475410000000000000e+05
1.797740000000000000e+05
1.455340000000000000e+05
1.474020000000000000e+05
1.478950000000000000e+05
1.622570000000000000e+05
1.920670000000000000e+05
1.140890000000000000e+05
1.379180000000000000e+05
1.543640000000000000e+05
1.815770000000000000e+05
1.282210000000000000e+05
1.839270000000000000e+05
1.477870000000000000e+05
1.605530000000000000e+05
1.786200000000000000e+05
1.919590000000000000e+05
1.919220000000000000e+05
1.910370000000000000e+05
