8.636100000000000000e+04
6.536000000000000000e+04
9.222300000000000000e+04
8.230300000000000000e+04
8.074800000000000000e+04
1.073700000000000000e+05
6.501600000000000000e+04
8.680800000000000000e+04
1.008170000000000000e+05
6.434600000000000000e+04
3.952800000000000000e+04
6.248500000000000000e+04
5.354800000000000000e+04
6.335100000000000000e+04
7.852500000000000000e+04
4.808200000000000000e+04
6.910200000000000000e+04
5.892400000000000000e+04
8.619800000000000000e+04
6.851500000000000000e+04
1.775700000000000000e+04
4.501000000000000000e+04
8.044900000000000000e+04
4.946600000000000000e+04
6.899100000000000000e+04
4.090400000000000000e+04
9.027900000000000000e+04
7.419900000000000000e+04
7.795200000000000000e+04
7.954000000000000000e+04
8.065500000000000000e+04
7.787400000000000000e+04
8.275200000000000000e+04
3.794100000000000000e+04
2.184600000000000000e+04
1.291690000000000000e+05
9.029000000000000000e+04
8.824600000000000000e+04
8.004200000000000000e+04
6.941200000000000000e+04
5.391600000000000000e+04
4.831300000000000000e+04
2.164100000000000000e+04
1.148180000000000000e+05
8.944500000000000000e+04
9.895100000000000000e+04
1.110930000000000000e+05
6.183800000000000000e+04
7.993500000000000000e+04
1.053690000000000000e+05
