5.765700000000000000e+04
5.759500000000000000e+04
5.599200000000000000e+04
7.383900000000000000e+04
5.457700000000000000e+04
1.026770000000000000e+05
7.196500000000000000e+04
4.754900000000000000e+04
7.811900000000000000e+04
6.520000000000000000e+04
4.459500000000000000e+04
6.184800000000000000e+04
5.201900000000000000e+04
5.590400000000000000e+04
3.693900000000000000e+04
4.054300000000000000e+04
3.669700000000000000e+04
5.972300000000000000e+04
5.785000000000000000e+04
7.895100000000000000e+04
2.117000000000000000e+04
8.119800000000000000e+04
8.950400000000000000e+04
2.527200000000000000e+04
9.399000000000000000e+04
4.139600000000000000e+04
5.633900000000000000e+04
8.742000000000000000e+04
5.519100000000000000e+04
6.162600000000000000e+04
4.202300000000000000e+04
7.489600000000000000e+04
8.636600000000000000e+04
5.501000000000000000e+04
3.211700000000000000e+04
6.237900000000000000e+04
5.132600000000000000e+04
5.168400000000000000e+04
4.093100000000000000e+04
7.922500000000000000e+04
6.897900000000000000e+04
5.088800000000000000e+04
4.563800000000000000e+04
3.310200000000000000e+04
3.444700000000000000e+04
5.745500000000000000e+04
7.140000000000000000e+04
6.478000000000000000e+04
4.249500000000000000e+04
7.775900000000000000e+04
