1.525630000000000000e+05
1.536450000000000000e+05
1.119390000000000000e+05
1.300380000000000000e+05
1.718630000000000000e+05
1.528270000000000000e+05
1.668630000000000000e+05
1.235300000000000000e+05
1.289080000000000000e+05
1.488610000000000000e+05
1.392470000000000000e+05
1.467200000000000000e+05
1.498530000000000000e+05
1.148950000000000000e+05
1.678330000000000000e+05
1.291900000000000000e+05
1.483570000000000000e+05
1.707010000000000000e+05
1.541230000000000000e+05
1.422970000000000000e+05
1.287610000000000000e+05
1.168600000000000000e+05
1.418390000000000000e+05
1.732710000000000000e+05
1.163850000000000000e+05
1.503220000000000000e+05
1.631660000000000000e+05
1.412840000000000000e+05
1.557060000000000000e+05
1.660610000000000000e+05
1.485660000000000000e+05
1.533960000000000000e+05
1.552940000000000000e+05
1.780640000000000000e+05
1.681050000000000000e+05
1.689100000000000000e+05
1.405670000000000000e+05
1.498890000000000000e+05
1.205240000000000000e+05
1.464690000000000000e+05
1.472860000000000000e+05
1.200260000000000000e+05
1.522680000000000000e+05
1.741940000000000000e+05
1.305330000000000000e+05
1.417440000000000000e+05
1.300310000000000000e+05
1.482710000000000000e+05
1.208310000000000000e+05
1.198730000000000000e+05
