4.705720000000000000e+05
4.024960000000000000e+05
5.066400000000000000e+05
5.175140000000000000e+05
4.586430000000000000e+05
4.532590000000000000e+05
4.858600000000000000e+05
5.521640000000000000e+05
5.151290000000000000e+05
5.482150000000000000e+05
5.113820000000000000e+05
5.343420000000000000e+05
5.189850000000000000e+05
4.397300000000000000e+05
5.285500000000000000e+05
5.546720000000000000e+05
5.191020000000000000e+05
4.724540000000000000e+05
5.011890000000000000e+05
5.100970000000000000e+05
5.516410000000000000e+05
5.462020000000000000e+05
4.802850000000000000e+05
5.045320000000000000e+05
4.824730000000000000e+05
4.744250000000000000e+05
5.064010000000000000e+05
5.428210000000000000e+05
5.218950000000000000e+05
4.447440000000000000e+05
4.882330000000000000e+05
5.570650000000000000e+05
4.893350000000000000e+05
5.176940000000000000e+05
4.941090000000000000e+05
4.517700000000000000e+05
5.608130000000000000e+05
6.133480000000000000e+05
5.417630000000000000e+05
5.619130000000000000e+05
5.406610000000000000e+05
5.034440000000000000e+05
5.437310000000000000e+05
5.180050000000000000e+05
5.496470000000000000e+05
4.609820000000000000e+05
4.747280000000000000e+05
5.067240000000000000e+05
5.833550000000000000e+05
4.791620000000000000e+05
