2.735960000000000000e+05
1.425270000000000000e+05
1.779950000000000000e+05
2.188090000000000000e+05
1.930840000000000000e+05
2.826300000000000000e+05
1.277630000000000000e+05
1.905980000000000000e+05
2.539940000000000000e+05
1.780860000000000000e+05
2.007650000000000000e+05
9.496600000000000000e+04
1.145660000000000000e+05
1.182030000000000000e+05
1.593580000000000000e+05
2.194110000000000000e+05
2.837910000000000000e+05
2.306460000000000000e+05
2.506880000000000000e+05
2.659300000000000000e+05
2.471890000000000000e+05
9.139100000000000000e+04
2.465890000000000000e+05
3.738670000000000000e+05
2.802900000000000000e+05
1.923380000000000000e+05
1.194860000000000000e+05
2.868980000000000000e+05
1.882710000000000000e+05
2.106500000000000000e+05
1.319380000000000000e+05
2.101210000000000000e+05
1.376270000000000000e+05
1.411800000000000000e+05
2.176580000000000000e+05
3.035550000000000000e+05
1.696330000000000000e+05
2.407120000000000000e+05
1.641670000000000000e+05
3.423010000000000000e+05
2.421500000000000000e+05
2.619550000000000000e+05
2.359680000000000000e+05
2.629480000000000000e+05
2.140650000000000000e+05
2.104780000000000000e+05
3.062790000000000000e+05
2.354540000000000000e+05
2.501630000000000000e+05
1.719830000000000000e+05
