5.541700000000000000e+04
2.837600000000000000e+04
8.766000000000000000e+04
1.335710000000000000e+05
1.495840000000000000e+05
2.151900000000000000e+04
2.168100000000000000e+05
7.259500000000000000e+04
5.018000000000000000e+04
1.225980000000000000e+05
1.418330000000000000e+05
7.661000000000000000e+04
1.267620000000000000e+05
8.034100000000000000e+04
5.236900000000000000e+04
1.107550000000000000e+05
5.623400000000000000e+04
5.337000000000000000e+04
1.521940000000000000e+05
9.969900000000000000e+04
1.106760000000000000e+05
5.996300000000000000e+04
1.110660000000000000e+05
5.160000000000000000e+02
1.266950000000000000e+05
1.248650000000000000e+05
2.333780000000000000e+05
1.335140000000000000e+05
7.513600000000000000e+04
1.048560000000000000e+05
7.164800000000000000e+04
2.800300000000000000e+04
4.310700000000000000e+04
7.470500000000000000e+04
3.571700000000000000e+04
2.444600000000000000e+04
9.287100000000000000e+04
4.181500000000000000e+04
0.000000000000000000e+00
1.111600000000000000e+04
1.834500000000000000e+04
1.942820000000000000e+05
6.430500000000000000e+04
1.121340000000000000e+05
1.298250000000000000e+05
1.917440000000000000e+05
7.099800000000000000e+04
1.713820000000000000e+05
9.084700000000000000e+04
1.057340000000000000e+05
