1.313630000000000000e+05
1.547240000000000000e+05
2.208850000000000000e+05
1.912540000000000000e+05
2.099090000000000000e+05
1.594580000000000000e+05
1.764820000000000000e+05
2.990070000000000000e+05
2.682800000000000000e+05
1.941870000000000000e+05
1.481850000000000000e+05
2.817890000000000000e+05
2.992000000000000000e+05
4.775400000000000000e+04
2.068720000000000000e+05
3.054740000000000000e+05
1.462870000000000000e+05
3.215550000000000000e+05
2.874060000000000000e+05
1.925590000000000000e+05
1.515230000000000000e+05
2.919330000000000000e+05
2.742670000000000000e+05
2.197520000000000000e+05
3.315480000000000000e+05
2.607150000000000000e+05
1.971060000000000000e+05
2.562830000000000000e+05
1.906430000000000000e+05
1.814700000000000000e+05
2.305010000000000000e+05
1.287070000000000000e+05
8.027300000000000000e+04
2.968560000000000000e+05
9.539000000000000000e+04
1.881810000000000000e+05
3.427600000000000000e+05
1.144530000000000000e+05
1.908730000000000000e+05
2.092080000000000000e+05
3.624240000000000000e+05
2.169050000000000000e+05
1.779450000000000000e+05
2.241960000000000000e+05
2.198470000000000000e+05
2.983610000000000000e+05
2.397180000000000000e+05
1.849170000000000000e+05
2.166800000000000000e+05
3.133780000000000000e+05
