1.431980000000000000e+05
9.613100000000000000e+04
6.810400000000000000e+04
8.215500000000000000e+04
1.099860000000000000e+05
1.851900000000000000e+04
1.386490000000000000e+05
8.020300000000000000e+04
6.694800000000000000e+04
1.804160000000000000e+05
1.496840000000000000e+05
1.065670000000000000e+05
1.517960000000000000e+05
3.921900000000000000e+04
7.735200000000000000e+04
1.281850000000000000e+05
1.983700000000000000e+05
1.326110000000000000e+05
8.569100000000000000e+04
3.467500000000000000e+04
8.909400000000000000e+04
7.386600000000000000e+04
1.461180000000000000e+05
1.365700000000000000e+04
2.588500000000000000e+04
1.462690000000000000e+05
2.350560000000000000e+05
1.081110000000000000e+05
1.022280000000000000e+05
2.494940000000000000e+05
8.993700000000000000e+04
7.178000000000000000e+04
1.137980000000000000e+05
2.017460000000000000e+05
9.726900000000000000e+04
1.151230000000000000e+05
5.537000000000000000e+04
4.405600000000000000e+04
9.917100000000000000e+04
1.413660000000000000e+05
1.523320000000000000e+05
2.304110000000000000e+05
1.613200000000000000e+04
2.559070000000000000e+05
1.349130000000000000e+05
7.646100000000000000e+04
1.615300000000000000e+05
1.604770000000000000e+05
2.610530000000000000e+05
8.935000000000000000e+04
