2.641950000000000000e+05
2.963940000000000000e+05
1.979320000000000000e+05
3.371240000000000000e+05
4.320170000000000000e+05
2.335580000000000000e+05
2.731260000000000000e+05
1.987860000000000000e+05
2.869800000000000000e+05
3.556760000000000000e+05
3.269160000000000000e+05
2.991460000000000000e+05
2.733350000000000000e+05
2.813810000000000000e+05
2.818440000000000000e+05
2.698230000000000000e+05
3.503500000000000000e+05
2.630610000000000000e+05
2.289820000000000000e+05
3.325620000000000000e+05
3.218710000000000000e+05
3.258480000000000000e+05
2.404700000000000000e+05
2.839220000000000000e+05
2.809640000000000000e+05
3.106330000000000000e+05
3.089670000000000000e+05
3.363580000000000000e+05
4.124310000000000000e+05
2.672240000000000000e+05
3.349280000000000000e+05
2.263470000000000000e+05
3.194180000000000000e+05
2.331490000000000000e+05
3.393760000000000000e+05
3.422130000000000000e+05
3.536870000000000000e+05
3.562310000000000000e+05
2.784360000000000000e+05
2.260340000000000000e+05
2.855840000000000000e+05
2.632120000000000000e+05
3.271770000000000000e+05
3.208420000000000000e+05
2.348960000000000000e+05
2.929860000000000000e+05
2.581940000000000000e+05
1.920990000000000000e+05
2.732640000000000000e+05
3.588280000000000000e+05
