3.390410000000000000e+05
2.123840000000000000e+05
2.642570000000000000e+05
1.800860000000000000e+05
3.502270000000000000e+05
2.806310000000000000e+05
2.229580000000000000e+05
2.237580000000000000e+05
3.041850000000000000e+05
2.355210000000000000e+05
2.163790000000000000e+05
2.485950000000000000e+05
3.126230000000000000e+05
3.074340000000000000e+05
3.019500000000000000e+05
3.044250000000000000e+05
3.065970000000000000e+05
2.471710000000000000e+05
2.914540000000000000e+05
2.978700000000000000e+05
1.885730000000000000e+05
1.623740000000000000e+05
2.490760000000000000e+05
2.427890000000000000e+05
2.956020000000000000e+05
3.233310000000000000e+05
2.660800000000000000e+05
3.086370000000000000e+05
3.099440000000000000e+05
2.836700000000000000e+05
2.629900000000000000e+05
2.577680000000000000e+05
2.580630000000000000e+05
1.851140000000000000e+05
3.170370000000000000e+05
3.107320000000000000e+05
2.914840000000000000e+05
2.742900000000000000e+05
2.742030000000000000e+05
2.800110000000000000e+05
2.768680000000000000e+05
2.426880000000000000e+05
2.988060000000000000e+05
2.600040000000000000e+05
2.414400000000000000e+05
2.489510000000000000e+05
3.005680000000000000e+05
2.280160000000000000e+05
2.352310000000000000e+05
1.980420000000000000e+05
