3.140590000000000000e+05
3.416530000000000000e+05
4.171900000000000000e+05
4.422270000000000000e+05
5.043070000000000000e+05
4.203200000000000000e+05
4.171240000000000000e+05
4.211410000000000000e+05
2.795360000000000000e+05
3.547930000000000000e+05
3.562040000000000000e+05
3.961830000000000000e+05
3.248670000000000000e+05
3.605300000000000000e+05
4.155690000000000000e+05
4.215260000000000000e+05
5.131720000000000000e+05
4.302180000000000000e+05
3.592930000000000000e+05
4.488010000000000000e+05
3.722860000000000000e+05
4.205750000000000000e+05
4.010940000000000000e+05
4.732740000000000000e+05
4.161390000000000000e+05
4.337430000000000000e+05
4.032840000000000000e+05
3.198430000000000000e+05
4.005090000000000000e+05
3.460830000000000000e+05
4.199140000000000000e+05
4.066580000000000000e+05
4.072770000000000000e+05
4.351640000000000000e+05
3.060570000000000000e+05
4.126090000000000000e+05
3.905890000000000000e+05
3.239350000000000000e+05
4.477190000000000000e+05
4.014330000000000000e+05
4.025090000000000000e+05
4.009080000000000000e+05
4.680550000000000000e+05
3.041250000000000000e+05
4.868600000000000000e+05
3.333890000000000000e+05
3.592510000000000000e+05
2.677190000000000000e+05
4.381220000000000000e+05
3.276220000000000000e+05
