5.307960000000000000e+05
4.780420000000000000e+05
3.238310000000000000e+05
4.362290000000000000e+05
4.116840000000000000e+05
3.604750000000000000e+05
4.429190000000000000e+05
3.832950000000000000e+05
4.141640000000000000e+05
4.273110000000000000e+05
4.322480000000000000e+05
4.985880000000000000e+05
3.458640000000000000e+05
4.618840000000000000e+05
3.693930000000000000e+05
4.863690000000000000e+05
4.779430000000000000e+05
4.034200000000000000e+05
3.493710000000000000e+05
4.631270000000000000e+05
2.707320000000000000e+05
4.048700000000000000e+05
4.725300000000000000e+05
4.561560000000000000e+05
4.169710000000000000e+05
3.302610000000000000e+05
4.847300000000000000e+05
3.280920000000000000e+05
3.926900000000000000e+05
4.589750000000000000e+05
4.462350000000000000e+05
5.343120000000000000e+05
4.451610000000000000e+05
3.997550000000000000e+05
3.370020000000000000e+05
4.542110000000000000e+05
4.408840000000000000e+05
4.227280000000000000e+05
4.202530000000000000e+05
4.406300000000000000e+05
4.326680000000000000e+05
4.378530000000000000e+05
4.311890000000000000e+05
3.518700000000000000e+05
3.498750000000000000e+05
3.859040000000000000e+05
4.522230000000000000e+05
4.606710000000000000e+05
4.357530000000000000e+05
3.513480000000000000e+05
