3.875260000000000000e+05
3.073350000000000000e+05
3.860460000000000000e+05
3.837250000000000000e+05
3.892810000000000000e+05
3.646190000000000000e+05
3.718470000000000000e+05
3.495120000000000000e+05
3.253050000000000000e+05
3.686870000000000000e+05
3.287170000000000000e+05
3.078170000000000000e+05
4.088570000000000000e+05
3.178830000000000000e+05
3.923720000000000000e+05
3.984320000000000000e+05
3.737560000000000000e+05
2.618360000000000000e+05
3.210070000000000000e+05
3.599250000000000000e+05
3.423700000000000000e+05
3.897770000000000000e+05
3.513680000000000000e+05
3.647500000000000000e+05
3.287340000000000000e+05
3.114080000000000000e+05
3.619720000000000000e+05
3.319360000000000000e+05
3.296480000000000000e+05
4.196730000000000000e+05
4.010460000000000000e+05
3.514690000000000000e+05
2.881780000000000000e+05
3.562030000000000000e+05
3.607570000000000000e+05
3.142070000000000000e+05
3.273220000000000000e+05
3.590210000000000000e+05
3.533820000000000000e+05
4.056390000000000000e+05
2.409920000000000000e+05
3.807870000000000000e+05
3.381750000000000000e+05
3.773810000000000000e+05
3.580860000000000000e+05
2.503250000000000000e+05
3.912380000000000000e+05
3.269390000000000000e+05
3.225590000000000000e+05
3.594170000000000000e+05
