2.142970000000000000e+05
2.129630000000000000e+05
1.270460000000000000e+05
1.821410000000000000e+05
1.408850000000000000e+05
1.263580000000000000e+05
1.191340000000000000e+05
1.613380000000000000e+05
2.218100000000000000e+05
1.559310000000000000e+05
1.856980000000000000e+05
5.479400000000000000e+04
1.270660000000000000e+05
1.728360000000000000e+05
9.429300000000000000e+04
1.666170000000000000e+05
1.364950000000000000e+05
2.193460000000000000e+05
1.715930000000000000e+05
9.093900000000000000e+04
8.089200000000000000e+04
1.998840000000000000e+05
1.844660000000000000e+05
2.450970000000000000e+05
3.063880000000000000e+05
6.079200000000000000e+04
1.807240000000000000e+05
7.774300000000000000e+04
1.698560000000000000e+05
2.753270000000000000e+05
1.988480000000000000e+05
1.365850000000000000e+05
2.179540000000000000e+05
1.428370000000000000e+05
2.856150000000000000e+05
1.610950000000000000e+05
1.110080000000000000e+05
2.683780000000000000e+05
1.714560000000000000e+05
1.760060000000000000e+05
1.574270000000000000e+05
1.952440000000000000e+05
1.752740000000000000e+05
1.727620000000000000e+05
2.946360000000000000e+05
7.591000000000000000e+04
1.538070000000000000e+05
2.590230000000000000e+05
1.975170000000000000e+05
9.431700000000000000e+04
