1.162890000000000000e+05
1.198480000000000000e+05
9.249300000000000000e+04
1.101880000000000000e+05
1.127280000000000000e+05
1.058990000000000000e+05
1.221070000000000000e+05
1.285370000000000000e+05
1.144590000000000000e+05
1.259280000000000000e+05
1.116930000000000000e+05
1.381240000000000000e+05
1.046410000000000000e+05
1.374020000000000000e+05
9.468500000000000000e+04
9.490600000000000000e+04
1.046610000000000000e+05
1.389330000000000000e+05
8.267600000000000000e+04
1.180890000000000000e+05
1.036560000000000000e+05
1.211040000000000000e+05
7.755300000000000000e+04
1.455200000000000000e+05
1.122850000000000000e+05
1.088000000000000000e+05
9.428500000000000000e+04
1.345110000000000000e+05
9.371100000000000000e+04
1.299080000000000000e+05
1.129370000000000000e+05
1.182230000000000000e+05
1.001240000000000000e+05
1.144330000000000000e+05
1.025150000000000000e+05
1.153420000000000000e+05
1.259970000000000000e+05
1.153030000000000000e+05
1.286220000000000000e+05
1.188850000000000000e+05
9.709100000000000000e+04
9.836100000000000000e+04
1.025400000000000000e+05
1.091080000000000000e+05
1.348730000000000000e+05
1.082110000000000000e+05
1.051230000000000000e+05
9.613200000000000000e+04
1.023340000000000000e+05
9.311500000000000000e+04
