1.452400000000000000e+04
4.081000000000000000e+04
2.472300000000000000e+04
2.641100000000000000e+04
5.389700000000000000e+04
4.153900000000000000e+04
3.332400000000000000e+04
3.165200000000000000e+04
2.733900000000000000e+04
3.004300000000000000e+04
2.353100000000000000e+04
1.926700000000000000e+04
3.052300000000000000e+04
1.909800000000000000e+04
3.621400000000000000e+04
3.918800000000000000e+04
1.045300000000000000e+04
3.888200000000000000e+04
2.939900000000000000e+04
4.064800000000000000e+04
4.990500000000000000e+04
4.853100000000000000e+04
4.136600000000000000e+04
4.033700000000000000e+04
4.218600000000000000e+04
5.125100000000000000e+04
3.211400000000000000e+04
3.713700000000000000e+04
4.839500000000000000e+04
5.568200000000000000e+04
2.739400000000000000e+04
3.567200000000000000e+04
2.427600000000000000e+04
2.834100000000000000e+04
7.929800000000000000e+04
3.292900000000000000e+04
5.664500000000000000e+04
3.065300000000000000e+04
8.119400000000000000e+04
4.763100000000000000e+04
2.486000000000000000e+04
3.746600000000000000e+04
2.884600000000000000e+04
3.017700000000000000e+04
5.958200000000000000e+04
1.454700000000000000e+04
3.937800000000000000e+04
3.137200000000000000e+04
5.071000000000000000e+04
2.605000000000000000e+04
