7.754100000000000000e+04
7.069400000000000000e+04
7.170100000000000000e+04
5.526800000000000000e+04
7.774800000000000000e+04
6.767300000000000000e+04
6.593900000000000000e+04
8.153900000000000000e+04
8.453000000000000000e+04
6.750000000000000000e+04
6.265200000000000000e+04
8.038700000000000000e+04
1.044320000000000000e+05
8.455200000000000000e+04
1.079520000000000000e+05
1.228310000000000000e+05
1.303230000000000000e+05
8.470900000000000000e+04
9.918400000000000000e+04
7.522300000000000000e+04
7.382900000000000000e+04
7.172900000000000000e+04
6.616200000000000000e+04
5.163500000000000000e+04
1.230500000000000000e+05
1.037010000000000000e+05
8.757200000000000000e+04
1.016470000000000000e+05
1.160100000000000000e+05
8.140600000000000000e+04
8.246400000000000000e+04
7.606600000000000000e+04
7.325000000000000000e+04
5.845100000000000000e+04
1.075340000000000000e+05
1.249020000000000000e+05
8.769500000000000000e+04
8.569800000000000000e+04
6.465400000000000000e+04
9.000400000000000000e+04
8.807400000000000000e+04
8.201600000000000000e+04
9.054500000000000000e+04
9.809800000000000000e+04
8.936600000000000000e+04
8.658700000000000000e+04
8.735900000000000000e+04
6.658700000000000000e+04
7.007700000000000000e+04
6.898100000000000000e+04
