9.459100000000000000e+04
1.009340000000000000e+05
9.486400000000000000e+04
1.200200000000000000e+05
1.757320000000000000e+05
9.086800000000000000e+04
8.878300000000000000e+04
8.110400000000000000e+04
1.058280000000000000e+05
1.096370000000000000e+05
9.345100000000000000e+04
8.737100000000000000e+04
1.166310000000000000e+05
1.126770000000000000e+05
8.153100000000000000e+04
1.116120000000000000e+05
1.087890000000000000e+05
1.547050000000000000e+05
9.303300000000000000e+04
1.037970000000000000e+05
1.063130000000000000e+05
1.274010000000000000e+05
7.449800000000000000e+04
1.230660000000000000e+05
8.448200000000000000e+04
9.911800000000000000e+04
1.161750000000000000e+05
8.550700000000000000e+04
1.027790000000000000e+05
1.184400000000000000e+05
1.487650000000000000e+05
6.853500000000000000e+04
1.126190000000000000e+05
1.185610000000000000e+05
1.070050000000000000e+05
7.075200000000000000e+04
1.312500000000000000e+05
8.366500000000000000e+04
8.952600000000000000e+04
1.093680000000000000e+05
1.157050000000000000e+05
1.067570000000000000e+05
1.460560000000000000e+05
6.211600000000000000e+04
7.732000000000000000e+04
1.111910000000000000e+05
1.164690000000000000e+05
1.141290000000000000e+05
1.073670000000000000e+05
8.576900000000000000e+04
