1.148320000000000000e+05
1.065240000000000000e+05
8.999300000000000000e+04
9.642100000000000000e+04
9.214800000000000000e+04
9.492700000000000000e+04
1.080280000000000000e+05
8.140100000000000000e+04
9.545300000000000000e+04
1.164910000000000000e+05
1.072360000000000000e+05
1.558930000000000000e+05
8.410700000000000000e+04
1.140350000000000000e+05
9.203500000000000000e+04
9.840900000000000000e+04
9.545900000000000000e+04
1.058680000000000000e+05
8.437200000000000000e+04
1.388380000000000000e+05
8.276200000000000000e+04
1.257060000000000000e+05
9.934300000000000000e+04
9.254300000000000000e+04
9.916400000000000000e+04
6.196300000000000000e+04
1.092590000000000000e+05
9.858800000000000000e+04
8.473900000000000000e+04
8.662100000000000000e+04
1.034680000000000000e+05
1.531710000000000000e+05
9.227500000000000000e+04
8.279000000000000000e+04
1.334700000000000000e+05
9.899700000000000000e+04
8.951700000000000000e+04
1.194640000000000000e+05
1.119410000000000000e+05
1.005980000000000000e+05
1.332170000000000000e+05
9.298500000000000000e+04
9.890200000000000000e+04
9.516800000000000000e+04
1.051350000000000000e+05
9.514300000000000000e+04
1.325490000000000000e+05
8.263700000000000000e+04
8.666600000000000000e+04
9.337300000000000000e+04
