2.872000000000000000e+03
4.592000000000000000e+03
4.265000000000000000e+03
1.178300000000000000e+04
7.300000000000000000e+03
2.346000000000000000e+03
1.637400000000000000e+04
1.338600000000000000e+04
1.271000000000000000e+03
5.080000000000000000e+03
6.659000000000000000e+03
1.064700000000000000e+04
7.046000000000000000e+03
1.857000000000000000e+03
1.003700000000000000e+04
1.140700000000000000e+04
5.665000000000000000e+03
4.670000000000000000e+02
1.249600000000000000e+04
2.117200000000000000e+04
7.445000000000000000e+03
6.546000000000000000e+03
2.605000000000000000e+03
5.355000000000000000e+03
2.130000000000000000e+04
7.522000000000000000e+03
8.804000000000000000e+03
1.743000000000000000e+03
1.971700000000000000e+04
9.718000000000000000e+03
4.986000000000000000e+03
8.036000000000000000e+03
4.724000000000000000e+03
8.939000000000000000e+03
9.591000000000000000e+03
1.123800000000000000e+04
2.200600000000000000e+04
7.887000000000000000e+03
9.375000000000000000e+03
5.091000000000000000e+03
1.089000000000000000e+04
2.194000000000000000e+03
4.154000000000000000e+03
1.026700000000000000e+04
5.700000000000000000e+03
6.019000000000000000e+03
4.908000000000000000e+03
1.066600000000000000e+04
1.180800000000000000e+04
1.480600000000000000e+04
