1.019340000000000000e+05
1.141150000000000000e+05
1.003270000000000000e+05
7.623900000000000000e+04
7.008300000000000000e+04
7.093000000000000000e+04
7.912500000000000000e+04
8.778200000000000000e+04
7.735100000000000000e+04
7.732600000000000000e+04
6.079500000000000000e+04
9.700300000000000000e+04
8.763900000000000000e+04
7.033100000000000000e+04
7.625100000000000000e+04
1.207080000000000000e+05
1.057410000000000000e+05
1.070780000000000000e+05
9.688200000000000000e+04
9.001900000000000000e+04
5.599600000000000000e+04
9.835100000000000000e+04
6.516700000000000000e+04
9.521500000000000000e+04
1.248110000000000000e+05
6.176100000000000000e+04
8.250000000000000000e+04
7.357000000000000000e+04
6.650200000000000000e+04
8.424300000000000000e+04
6.847200000000000000e+04
7.477100000000000000e+04
8.556600000000000000e+04
7.377900000000000000e+04
8.320700000000000000e+04
7.040600000000000000e+04
9.576000000000000000e+04
5.869200000000000000e+04
1.069660000000000000e+05
8.936600000000000000e+04
6.398000000000000000e+04
1.022520000000000000e+05
8.205700000000000000e+04
8.019300000000000000e+04
6.296800000000000000e+04
9.584900000000000000e+04
8.890000000000000000e+04
8.000300000000000000e+04
1.101260000000000000e+05
8.016400000000000000e+04
