1.520300000000000000e+04
1.994700000000000000e+04
1.242800000000000000e+04
1.457800000000000000e+04
2.020800000000000000e+04
1.952600000000000000e+04
1.884200000000000000e+04
3.748200000000000000e+04
3.263500000000000000e+04
9.311000000000000000e+03
1.897400000000000000e+04
1.629300000000000000e+04
7.705000000000000000e+03
1.774900000000000000e+04
1.050600000000000000e+04
1.641700000000000000e+04
2.515200000000000000e+04
1.772300000000000000e+04
2.896000000000000000e+04
7.428000000000000000e+03
2.612000000000000000e+04
1.965300000000000000e+04
1.478700000000000000e+04
2.785600000000000000e+04
9.763000000000000000e+03
2.665300000000000000e+04
2.782200000000000000e+04
3.066200000000000000e+04
1.112800000000000000e+04
3.295400000000000000e+04
9.371000000000000000e+03
2.028100000000000000e+04
2.068000000000000000e+04
2.299900000000000000e+04
4.002400000000000000e+04
2.752300000000000000e+04
1.063600000000000000e+04
8.287000000000000000e+03
2.283500000000000000e+04
3.987600000000000000e+04
2.501600000000000000e+04
1.649700000000000000e+04
1.850800000000000000e+04
1.759100000000000000e+04
3.453100000000000000e+04
2.015700000000000000e+04
1.506800000000000000e+04
4.210200000000000000e+04
1.448700000000000000e+04
1.920800000000000000e+04
