1.325487000000000000e+06
1.325487000000000000e+06
1.325487000000000000e+06
1.325487000000000000e+06
1.325487000000000000e+06
1.325487000000000000e+06
1.325487000000000000e+06
1.325487000000000000e+06
1.325487000000000000e+06
1.325487000000000000e+06
1.325487000000000000e+06
1.325487000000000000e+06
1.325487000000000000e+06
1.325487000000000000e+06
1.325487000000000000e+06
1.325487000000000000e+06
1.325487000000000000e+06
1.325487000000000000e+06
1.325487000000000000e+06
1.325487000000000000e+06
1.325487000000000000e+06
1.325487000000000000e+06
1.325487000000000000e+06
1.325487000000000000e+06
1.325487000000000000e+06
1.325487000000000000e+06
1.325487000000000000e+06
1.325487000000000000e+06
1.325487000000000000e+06
1.325487000000000000e+06
1.325487000000000000e+06
1.325487000000000000e+06
1.325487000000000000e+06
1.325487000000000000e+06
1.325487000000000000e+06
1.325487000000000000e+06
1.325487000000000000e+06
1.325487000000000000e+06
1.325487000000000000e+06
1.325487000000000000e+06
1.325487000000000000e+06
1.325487000000000000e+06
1.325487000000000000e+06
1.325487000000000000e+06
1.325487000000000000e+06
1.325487000000000000e+06
1.325487000000000000e+06
1.325487000000000000e+06
1.325487000000000000e+06
1.325487000000000000e+06
