8.321060000000000000e+05
8.321060000000000000e+05
8.321060000000000000e+05
8.321060000000000000e+05
8.321060000000000000e+05
8.321060000000000000e+05
8.321060000000000000e+05
8.321060000000000000e+05
8.321060000000000000e+05
8.321060000000000000e+05
8.321060000000000000e+05
8.321060000000000000e+05
8.321060000000000000e+05
8.321060000000000000e+05
8.321060000000000000e+05
8.321060000000000000e+05
8.321060000000000000e+05
8.321060000000000000e+05
8.321060000000000000e+05
8.321060000000000000e+05
8.321060000000000000e+05
8.321060000000000000e+05
8.321060000000000000e+05
8.321060000000000000e+05
8.321060000000000000e+05
8.321060000000000000e+05
8.321060000000000000e+05
8.321060000000000000e+05
8.321060000000000000e+05
8.321060000000000000e+05
8.321060000000000000e+05
8.321060000000000000e+05
8.321060000000000000e+05
8.321060000000000000e+05
8.321060000000000000e+05
8.321060000000000000e+05
8.321060000000000000e+05
8.321060000000000000e+05
8.321060000000000000e+05
8.321060000000000000e+05
8.321060000000000000e+05
8.321060000000000000e+05
8.321060000000000000e+05
8.321060000000000000e+05
8.321060000000000000e+05
8.321060000000000000e+05
8.321060000000000000e+05
8.321060000000000000e+05
8.321060000000000000e+05
8.321060000000000000e+05
