5.600920000000000000e+05
5.481210000000000000e+05
5.289200000000000000e+05
5.890770000000000000e+05
5.772980000000000000e+05
5.868820000000000000e+05
5.490920000000000000e+05
5.741790000000000000e+05
5.638160000000000000e+05
5.781110000000000000e+05
5.954890000000000000e+05
5.677510000000000000e+05
5.148060000000000000e+05
5.422650000000000000e+05
5.025050000000000000e+05
5.382680000000000000e+05
5.310170000000000000e+05
5.171120000000000000e+05
5.356020000000000000e+05
6.209980000000000000e+05
6.135050000000000000e+05
5.764120000000000000e+05
5.548900000000000000e+05
4.907600000000000000e+05
6.102150000000000000e+05
5.852120000000000000e+05
5.625880000000000000e+05
5.527990000000000000e+05
6.345640000000000000e+05
5.476860000000000000e+05
5.710140000000000000e+05
5.882130000000000000e+05
6.115420000000000000e+05
6.414860000000000000e+05
5.694920000000000000e+05
5.930350000000000000e+05
5.351650000000000000e+05
5.496790000000000000e+05
5.199370000000000000e+05
5.787490000000000000e+05
5.682310000000000000e+05
6.166390000000000000e+05
5.466640000000000000e+05
5.842970000000000000e+05
6.075660000000000000e+05
5.227900000000000000e+05
5.520580000000000000e+05
5.235410000000000000e+05
5.541790000000000000e+05
5.793140000000000000e+05
