2.015330000000000000e+05
1.153680000000000000e+05
1.349440000000000000e+05
6.603600000000000000e+04
2.723400000000000000e+05
1.561940000000000000e+05
1.449370000000000000e+05
2.833420000000000000e+05
1.785060000000000000e+05
1.268180000000000000e+05
1.188680000000000000e+05
1.682300000000000000e+05
9.108600000000000000e+04
1.842180000000000000e+05
1.943520000000000000e+05
1.848190000000000000e+05
1.492380000000000000e+05
2.309380000000000000e+05
1.612130000000000000e+05
2.584440000000000000e+05
2.025600000000000000e+05
2.898960000000000000e+05
2.772340000000000000e+05
1.347440000000000000e+05
2.652190000000000000e+05
1.459140000000000000e+05
2.672110000000000000e+05
2.188130000000000000e+05
2.285740000000000000e+05
1.567920000000000000e+05
1.695800000000000000e+05
4.253000000000000000e+04
1.888570000000000000e+05
3.272600000000000000e+04
1.803770000000000000e+05
6.096100000000000000e+04
1.320080000000000000e+05
1.079650000000000000e+05
1.750530000000000000e+05
1.862000000000000000e+05
2.410870000000000000e+05
1.494060000000000000e+05
1.606320000000000000e+05
1.712860000000000000e+05
1.646140000000000000e+05
1.554780000000000000e+05
2.101460000000000000e+05
2.476290000000000000e+05
2.584680000000000000e+05
2.309210000000000000e+05
