1.419710000000000000e+05
1.556540000000000000e+05
1.539210000000000000e+05
1.554250000000000000e+05
1.351700000000000000e+05
1.000520000000000000e+05
1.725780000000000000e+05
9.686800000000000000e+04
9.127000000000000000e+04
1.558330000000000000e+05
1.734840000000000000e+05
2.107170000000000000e+05
1.028940000000000000e+05
3.392090000000000000e+05
1.233610000000000000e+05
1.670270000000000000e+05
2.357780000000000000e+05
8.303000000000000000e+04
3.058050000000000000e+05
3.109400000000000000e+04
3.499300000000000000e+04
1.627520000000000000e+05
2.062780000000000000e+05
7.779200000000000000e+04
1.960870000000000000e+05
1.445660000000000000e+05
7.525800000000000000e+04
4.323000000000000000e+04
2.593120000000000000e+05
3.350400000000000000e+04
2.077310000000000000e+05
1.347880000000000000e+05
1.186900000000000000e+05
1.182450000000000000e+05
5.054100000000000000e+04
1.404610000000000000e+05
1.291210000000000000e+05
1.219410000000000000e+05
1.649990000000000000e+05
1.519530000000000000e+05
1.657250000000000000e+05
1.904360000000000000e+05
7.315400000000000000e+04
1.033930000000000000e+05
1.378500000000000000e+05
1.065490000000000000e+05
2.904800000000000000e+05
1.039990000000000000e+05
1.018080000000000000e+05
1.071760000000000000e+05
