2.058810000000000000e+05
2.492300000000000000e+04
1.160120000000000000e+05
1.219470000000000000e+05
1.998050000000000000e+05
1.543200000000000000e+04
5.937600000000000000e+04
1.165280000000000000e+05
7.444100000000000000e+04
5.962900000000000000e+04
4.333100000000000000e+04
2.411340000000000000e+05
1.288290000000000000e+05
8.927600000000000000e+04
5.275500000000000000e+04
1.624360000000000000e+05
9.881900000000000000e+04
3.136500000000000000e+05
1.826300000000000000e+05
1.392800000000000000e+05
1.369330000000000000e+05
2.411410000000000000e+05
1.272150000000000000e+05
1.622310000000000000e+05
1.028850000000000000e+05
1.686760000000000000e+05
1.431400000000000000e+05
1.303380000000000000e+05
1.152000000000000000e+05
1.575520000000000000e+05
1.384640000000000000e+05
4.378900000000000000e+04
1.146600000000000000e+05
2.374380000000000000e+05
1.589290000000000000e+05
2.445970000000000000e+05
4.377700000000000000e+04
2.214330000000000000e+05
1.376380000000000000e+05
1.560320000000000000e+05
2.060570000000000000e+05
7.900600000000000000e+04
6.990600000000000000e+04
2.194700000000000000e+05
1.379040000000000000e+05
1.005780000000000000e+05
2.541000000000000000e+05
1.940790000000000000e+05
1.447220000000000000e+05
4.965300000000000000e+04
