2.036590000000000000e+05
2.489820000000000000e+05
2.639440000000000000e+05
2.814930000000000000e+05
3.189890000000000000e+05
1.973360000000000000e+05
1.975530000000000000e+05
2.029700000000000000e+05
1.854620000000000000e+05
2.155860000000000000e+05
1.931330000000000000e+05
2.599150000000000000e+05
3.415500000000000000e+05
2.446480000000000000e+05
2.427460000000000000e+05
2.136470000000000000e+05
2.649640000000000000e+05
2.547780000000000000e+05
3.415780000000000000e+05
3.163280000000000000e+05
2.490490000000000000e+05
1.447670000000000000e+05
1.797160000000000000e+05
2.615390000000000000e+05
9.950900000000000000e+04
2.071050000000000000e+05
2.817050000000000000e+05
2.545790000000000000e+05
2.591040000000000000e+05
2.965820000000000000e+05
3.365150000000000000e+05
2.029590000000000000e+05
3.371820000000000000e+05
2.634600000000000000e+05
1.386950000000000000e+05
2.991120000000000000e+05
3.949090000000000000e+05
3.374350000000000000e+05
3.653010000000000000e+05
1.579150000000000000e+05
3.483500000000000000e+05
3.132520000000000000e+05
1.520600000000000000e+05
1.325510000000000000e+05
3.741940000000000000e+05
1.804180000000000000e+05
2.549930000000000000e+05
2.901590000000000000e+05
2.043310000000000000e+05
2.712050000000000000e+05
