3.734770000000000000e+05
4.852430000000000000e+05
4.762190000000000000e+05
4.648420000000000000e+05
4.415710000000000000e+05
4.232220000000000000e+05
4.199150000000000000e+05
4.303030000000000000e+05
4.168730000000000000e+05
5.151860000000000000e+05
3.961260000000000000e+05
4.553940000000000000e+05
4.361960000000000000e+05
3.884930000000000000e+05
3.837870000000000000e+05
4.304540000000000000e+05
4.693800000000000000e+05
3.947330000000000000e+05
4.021850000000000000e+05
4.519080000000000000e+05
4.960220000000000000e+05
4.486660000000000000e+05
4.423140000000000000e+05
4.451870000000000000e+05
4.793960000000000000e+05
4.255160000000000000e+05
4.630530000000000000e+05
4.425940000000000000e+05
4.538990000000000000e+05
4.329220000000000000e+05
4.175500000000000000e+05
3.828570000000000000e+05
3.964980000000000000e+05
4.592900000000000000e+05
4.007360000000000000e+05
4.376410000000000000e+05
4.218250000000000000e+05
3.832220000000000000e+05
4.158210000000000000e+05
4.589980000000000000e+05
4.039810000000000000e+05
4.923060000000000000e+05
4.510140000000000000e+05
4.225330000000000000e+05
4.460670000000000000e+05
4.040740000000000000e+05
4.791030000000000000e+05
3.862770000000000000e+05
4.150420000000000000e+05
4.657440000000000000e+05
