1.724890000000000000e+05
2.855170000000000000e+05
2.320280000000000000e+05
2.477200000000000000e+05
3.195300000000000000e+05
2.432510000000000000e+05
2.307590000000000000e+05
2.513750000000000000e+05
2.491530000000000000e+05
2.770800000000000000e+05
2.779940000000000000e+05
2.397320000000000000e+05
2.653260000000000000e+05
3.118030000000000000e+05
2.680920000000000000e+05
2.722170000000000000e+05
2.391020000000000000e+05
2.697910000000000000e+05
2.737110000000000000e+05
1.930450000000000000e+05
2.102690000000000000e+05
2.601190000000000000e+05
2.234680000000000000e+05
2.618930000000000000e+05
3.011380000000000000e+05
3.062010000000000000e+05
2.241820000000000000e+05
2.365870000000000000e+05
2.827220000000000000e+05
1.447160000000000000e+05
2.322480000000000000e+05
2.647030000000000000e+05
2.024070000000000000e+05
2.329480000000000000e+05
2.299360000000000000e+05
1.923610000000000000e+05
2.397250000000000000e+05
1.275030000000000000e+05
1.896300000000000000e+05
2.343180000000000000e+05
3.127190000000000000e+05
2.180620000000000000e+05
1.818850000000000000e+05
1.544370000000000000e+05
2.837110000000000000e+05
2.743530000000000000e+05
2.795520000000000000e+05
2.460740000000000000e+05
2.379920000000000000e+05
1.872380000000000000e+05
