3.745260000000000000e+05
3.458200000000000000e+05
2.911180000000000000e+05
2.993570000000000000e+05
3.126600000000000000e+05
3.766090000000000000e+05
3.366270000000000000e+05
3.441890000000000000e+05
3.781580000000000000e+05
2.755430000000000000e+05
3.842360000000000000e+05
3.140670000000000000e+05
3.566650000000000000e+05
3.723720000000000000e+05
3.336830000000000000e+05
3.775410000000000000e+05
4.371870000000000000e+05
4.002580000000000000e+05
3.073680000000000000e+05
3.398980000000000000e+05
3.932750000000000000e+05
3.037680000000000000e+05
3.570040000000000000e+05
3.400470000000000000e+05
4.203790000000000000e+05
2.930440000000000000e+05
3.726900000000000000e+05
3.895000000000000000e+05
3.801440000000000000e+05
3.387680000000000000e+05
3.464640000000000000e+05
4.244860000000000000e+05
3.099110000000000000e+05
3.905030000000000000e+05
3.000700000000000000e+05
3.275150000000000000e+05
3.272070000000000000e+05
3.384150000000000000e+05
4.101540000000000000e+05
3.375660000000000000e+05
3.017190000000000000e+05
3.761500000000000000e+05
3.322490000000000000e+05
3.770210000000000000e+05
4.511950000000000000e+05
3.252240000000000000e+05
3.147870000000000000e+05
3.490780000000000000e+05
4.560690000000000000e+05
4.468850000000000000e+05
