2.934690000000000000e+05
1.443240000000000000e+05
2.442800000000000000e+05
2.090810000000000000e+05
2.472750000000000000e+05
2.404910000000000000e+05
2.182150000000000000e+05
1.636410000000000000e+05
2.757510000000000000e+05
2.075910000000000000e+05
2.390920000000000000e+05
2.970110000000000000e+05
1.674990000000000000e+05
2.394980000000000000e+05
2.335310000000000000e+05
2.665930000000000000e+05
2.468140000000000000e+05
2.985590000000000000e+05
8.342800000000000000e+04
2.595800000000000000e+05
2.714500000000000000e+05
1.329820000000000000e+05
2.390790000000000000e+05
2.219640000000000000e+05
2.131730000000000000e+05
1.719960000000000000e+05
2.061950000000000000e+05
2.485280000000000000e+05
2.237670000000000000e+05
1.844780000000000000e+05
1.601960000000000000e+05
1.960670000000000000e+05
1.800930000000000000e+05
1.865900000000000000e+05
2.983960000000000000e+05
3.424400000000000000e+05
1.037180000000000000e+05
2.197410000000000000e+05
2.868560000000000000e+05
2.699800000000000000e+05
3.552510000000000000e+05
2.706080000000000000e+05
2.848250000000000000e+05
3.132510000000000000e+05
2.305420000000000000e+05
3.059370000000000000e+05
1.187490000000000000e+05
2.255680000000000000e+05
3.073450000000000000e+05
3.051610000000000000e+05
