1.089320000000000000e+05
1.186350000000000000e+05
1.246270000000000000e+05
1.262280000000000000e+05
8.805400000000000000e+04
8.620200000000000000e+04
1.100030000000000000e+05
1.132610000000000000e+05
1.178590000000000000e+05
8.915600000000000000e+04
9.671300000000000000e+04
1.087620000000000000e+05
8.883800000000000000e+04
9.145800000000000000e+04
9.899800000000000000e+04
9.408600000000000000e+04
1.236070000000000000e+05
1.028430000000000000e+05
1.022950000000000000e+05
1.297440000000000000e+05
1.225920000000000000e+05
1.350940000000000000e+05
1.137540000000000000e+05
1.037690000000000000e+05
8.949000000000000000e+04
1.088310000000000000e+05
1.059680000000000000e+05
7.379400000000000000e+04
8.452000000000000000e+04
7.101100000000000000e+04
1.120200000000000000e+05
9.291300000000000000e+04
1.007050000000000000e+05
1.199600000000000000e+05
1.373530000000000000e+05
9.410500000000000000e+04
1.437070000000000000e+05
1.353400000000000000e+05
1.101660000000000000e+05
1.153580000000000000e+05
9.857100000000000000e+04
1.207420000000000000e+05
9.408400000000000000e+04
1.168850000000000000e+05
1.250830000000000000e+05
9.489200000000000000e+04
1.037850000000000000e+05
1.188550000000000000e+05
7.942500000000000000e+04
1.217050000000000000e+05
