9.530500000000000000e+04
1.297330000000000000e+05
8.606300000000000000e+04
1.215470000000000000e+05
1.274890000000000000e+05
1.264570000000000000e+05
9.760200000000000000e+04
1.182980000000000000e+05
1.394220000000000000e+05
1.232170000000000000e+05
1.280660000000000000e+05
1.292480000000000000e+05
1.073400000000000000e+05
1.549490000000000000e+05
1.094600000000000000e+05
1.068190000000000000e+05
1.297780000000000000e+05
1.295320000000000000e+05
1.110380000000000000e+05
1.345380000000000000e+05
1.136180000000000000e+05
1.224730000000000000e+05
1.198520000000000000e+05
1.235190000000000000e+05
1.083110000000000000e+05
1.163210000000000000e+05
7.545700000000000000e+04
1.397490000000000000e+05
1.219980000000000000e+05
8.801200000000000000e+04
1.309610000000000000e+05
9.908600000000000000e+04
1.279680000000000000e+05
1.298330000000000000e+05
1.382640000000000000e+05
1.158360000000000000e+05
1.068620000000000000e+05
1.252820000000000000e+05
1.202370000000000000e+05
1.217730000000000000e+05
1.342720000000000000e+05
1.345810000000000000e+05
1.028640000000000000e+05
1.391930000000000000e+05
9.982900000000000000e+04
1.051980000000000000e+05
1.229860000000000000e+05
1.298260000000000000e+05
1.142340000000000000e+05
1.260310000000000000e+05
