1.140220000000000000e+05
8.154000000000000000e+04
7.344900000000000000e+04
1.013100000000000000e+05
1.026330000000000000e+05
1.129460000000000000e+05
8.706300000000000000e+04
9.884200000000000000e+04
1.159350000000000000e+05
8.776500000000000000e+04
1.101840000000000000e+05
9.598500000000000000e+04
9.791900000000000000e+04
1.309190000000000000e+05
5.699000000000000000e+04
1.083650000000000000e+05
1.055730000000000000e+05
1.190850000000000000e+05
8.021400000000000000e+04
1.049880000000000000e+05
6.589200000000000000e+04
1.084870000000000000e+05
1.040590000000000000e+05
6.758000000000000000e+04
8.007400000000000000e+04
1.192730000000000000e+05
9.813900000000000000e+04
7.383100000000000000e+04
7.893600000000000000e+04
8.798600000000000000e+04
1.049080000000000000e+05
9.481000000000000000e+04
9.892500000000000000e+04
1.037350000000000000e+05
1.002870000000000000e+05
1.105160000000000000e+05
1.048460000000000000e+05
7.664100000000000000e+04
1.307260000000000000e+05
8.366500000000000000e+04
8.604500000000000000e+04
1.138130000000000000e+05
7.808700000000000000e+04
1.104260000000000000e+05
9.921900000000000000e+04
1.087760000000000000e+05
9.845000000000000000e+04
9.485500000000000000e+04
1.058180000000000000e+05
9.366700000000000000e+04
