5.316600000000000000e+04
5.626600000000000000e+04
6.837100000000000000e+04
8.117300000000000000e+04
6.256700000000000000e+04
6.622700000000000000e+04
6.322700000000000000e+04
7.028600000000000000e+04
7.077600000000000000e+04
6.687200000000000000e+04
4.938900000000000000e+04
5.527600000000000000e+04
5.984400000000000000e+04
6.731700000000000000e+04
6.475000000000000000e+04
6.899800000000000000e+04
6.409500000000000000e+04
5.324000000000000000e+04
5.504000000000000000e+04
5.632400000000000000e+04
5.625000000000000000e+04
6.065700000000000000e+04
6.253000000000000000e+04
4.695800000000000000e+04
6.593900000000000000e+04
7.018800000000000000e+04
6.254400000000000000e+04
4.232000000000000000e+04
6.632400000000000000e+04
6.135600000000000000e+04
6.027300000000000000e+04
5.608200000000000000e+04
4.568700000000000000e+04
5.669800000000000000e+04
5.858700000000000000e+04
6.558800000000000000e+04
6.020300000000000000e+04
5.705900000000000000e+04
6.607200000000000000e+04
7.691600000000000000e+04
4.926400000000000000e+04
5.986800000000000000e+04
5.766200000000000000e+04
5.851400000000000000e+04
4.416600000000000000e+04
6.165900000000000000e+04
6.407600000000000000e+04
5.768200000000000000e+04
5.475800000000000000e+04
6.773500000000000000e+04
