2.424600000000000000e+04
2.752100000000000000e+04
2.138100000000000000e+04
3.496900000000000000e+04
2.375100000000000000e+04
1.808400000000000000e+04
2.411500000000000000e+04
1.795000000000000000e+04
1.892400000000000000e+04
2.194800000000000000e+04
1.749400000000000000e+04
3.307100000000000000e+04
1.369200000000000000e+04
4.660500000000000000e+04
2.202700000000000000e+04
2.123300000000000000e+04
2.975000000000000000e+04
1.510400000000000000e+04
3.827000000000000000e+04
8.336000000000000000e+03
5.743000000000000000e+03
2.115300000000000000e+04
2.148800000000000000e+04
8.795000000000000000e+03
2.536500000000000000e+04
1.922600000000000000e+04
1.184300000000000000e+04
1.478000000000000000e+04
2.889900000000000000e+04
1.565800000000000000e+04
2.181400000000000000e+04
1.943300000000000000e+04
1.270800000000000000e+04
2.003800000000000000e+04
1.141800000000000000e+04
2.147900000000000000e+04
1.015000000000000000e+04
1.857600000000000000e+04
2.166900000000000000e+04
2.092900000000000000e+04
1.879800000000000000e+04
2.819300000000000000e+04
2.215200000000000000e+04
1.799200000000000000e+04
1.135300000000000000e+04
1.280200000000000000e+04
4.439500000000000000e+04
2.586300000000000000e+04
1.650000000000000000e+04
1.657900000000000000e+04
