4.076300000000000000e+04
2.018100000000000000e+04
5.338600000000000000e+04
2.975800000000000000e+04
5.471400000000000000e+04
6.423400000000000000e+04
6.532100000000000000e+04
5.586000000000000000e+04
5.966300000000000000e+04
5.286700000000000000e+04
5.687500000000000000e+04
5.600100000000000000e+04
5.114200000000000000e+04
3.181000000000000000e+04
4.684000000000000000e+04
5.938200000000000000e+04
6.383700000000000000e+04
6.237300000000000000e+04
6.843800000000000000e+04
5.922900000000000000e+04
8.707700000000000000e+04
6.189300000000000000e+04
5.535600000000000000e+04
5.858200000000000000e+04
5.077200000000000000e+04
5.525700000000000000e+04
5.646000000000000000e+04
4.461700000000000000e+04
6.050800000000000000e+04
3.805100000000000000e+04
4.726800000000000000e+04
7.528600000000000000e+04
5.930700000000000000e+04
4.499200000000000000e+04
5.691500000000000000e+04
8.326300000000000000e+04
3.669400000000000000e+04
6.034900000000000000e+04
6.401400000000000000e+04
5.593900000000000000e+04
4.820200000000000000e+04
5.362400000000000000e+04
4.361100000000000000e+04
3.916900000000000000e+04
4.373200000000000000e+04
4.079300000000000000e+04
4.161800000000000000e+04
5.901200000000000000e+04
7.117300000000000000e+04
6.653300000000000000e+04
