1.202900000000000000e+04
8.093000000000000000e+03
1.168000000000000000e+04
4.641000000000000000e+03
9.316000000000000000e+03
6.284000000000000000e+03
1.082000000000000000e+03
8.793000000000000000e+03
1.899500000000000000e+04
4.419000000000000000e+03
9.527000000000000000e+03
1.029000000000000000e+04
1.915400000000000000e+04
1.329800000000000000e+04
1.225600000000000000e+04
4.231000000000000000e+03
5.280000000000000000e+03
2.460900000000000000e+04
6.464000000000000000e+03
4.295000000000000000e+03
8.208000000000000000e+03
1.726700000000000000e+04
2.426000000000000000e+03
1.233300000000000000e+04
8.697000000000000000e+03
1.367200000000000000e+04
1.260300000000000000e+04
9.714000000000000000e+03
2.819000000000000000e+03
1.240000000000000000e+04
1.697800000000000000e+04
1.522000000000000000e+03
9.672000000000000000e+03
6.444000000000000000e+03
4.147000000000000000e+03
2.173000000000000000e+04
1.749700000000000000e+04
1.321500000000000000e+04
1.139400000000000000e+04
2.887200000000000000e+04
1.167500000000000000e+04
1.337400000000000000e+04
5.001000000000000000e+03
2.871200000000000000e+04
2.105400000000000000e+04
7.258000000000000000e+03
5.569000000000000000e+03
4.666000000000000000e+03
1.583800000000000000e+04
1.168800000000000000e+04
