2.084500000000000000e+04
1.439100000000000000e+04
9.788000000000000000e+03
1.464000000000000000e+04
1.005900000000000000e+04
2.955000000000000000e+03
6.648000000000000000e+03
1.756800000000000000e+04
2.616300000000000000e+04
1.248900000000000000e+04
2.067000000000000000e+04
5.394000000000000000e+03
8.032000000000000000e+03
1.073000000000000000e+04
8.056000000000000000e+03
7.146000000000000000e+03
4.589000000000000000e+03
6.326000000000000000e+03
1.578700000000000000e+04
1.808100000000000000e+04
8.168000000000000000e+03
6.287000000000000000e+03
1.298000000000000000e+04
1.386500000000000000e+04
8.445000000000000000e+03
4.209000000000000000e+03
2.724900000000000000e+04
5.604000000000000000e+03
4.540000000000000000e+03
1.730400000000000000e+04
1.692700000000000000e+04
6.655000000000000000e+03
1.899600000000000000e+04
1.228500000000000000e+04
1.265300000000000000e+04
8.051000000000000000e+03
1.177800000000000000e+04
1.866800000000000000e+04
2.440300000000000000e+04
1.218000000000000000e+04
1.213000000000000000e+04
8.121000000000000000e+03
2.239000000000000000e+03
2.063000000000000000e+04
2.148900000000000000e+04
1.272200000000000000e+04
5.129000000000000000e+03
9.436000000000000000e+03
1.801600000000000000e+04
1.420400000000000000e+04
