2.832000000000000000e+03
1.173410000000000000e+05
1.146200000000000000e+04
1.054680000000000000e+05
1.844200000000000000e+04
0.000000000000000000e+00
0.000000000000000000e+00
0.000000000000000000e+00
3.326200000000000000e+04
2.798500000000000000e+04
0.000000000000000000e+00
2.865500000000000000e+04
2.050000000000000000e+03
4.251700000000000000e+04
1.160600000000000000e+04
6.429000000000000000e+03
2.246800000000000000e+04
6.925600000000000000e+04
3.336800000000000000e+04
2.364900000000000000e+04
4.370100000000000000e+04
4.137700000000000000e+04
8.899000000000000000e+03
2.926300000000000000e+04
5.200000000000000000e+02
1.637600000000000000e+04
6.752700000000000000e+04
3.442800000000000000e+04
3.506900000000000000e+04
7.062100000000000000e+04
9.906000000000000000e+03
3.194800000000000000e+04
4.323800000000000000e+04
1.545600000000000000e+04
2.141700000000000000e+04
4.013800000000000000e+04
2.600000000000000000e+02
0.000000000000000000e+00
1.688700000000000000e+04
1.897100000000000000e+04
6.000300000000000000e+04
6.625000000000000000e+04
4.085500000000000000e+04
6.533100000000000000e+04
0.000000000000000000e+00
2.169300000000000000e+04
3.865100000000000000e+04
1.279100000000000000e+04
1.114000000000000000e+04
2.580000000000000000e+02
