2.930520000000000000e+05
2.902970000000000000e+05
2.246880000000000000e+05
2.188130000000000000e+05
2.596570000000000000e+05
2.848630000000000000e+05
3.612200000000000000e+05
2.621180000000000000e+05
3.222390000000000000e+05
2.561460000000000000e+05
2.564190000000000000e+05
2.885560000000000000e+05
2.744220000000000000e+05
2.153700000000000000e+05
3.083330000000000000e+05
3.190080000000000000e+05
3.183930000000000000e+05
3.323390000000000000e+05
3.145800000000000000e+05
2.464050000000000000e+05
2.776160000000000000e+05
2.400000000000000000e+05
1.958470000000000000e+05
3.193710000000000000e+05
3.068400000000000000e+05
2.523010000000000000e+05
3.133830000000000000e+05
3.284810000000000000e+05
2.668140000000000000e+05
2.863470000000000000e+05
2.900930000000000000e+05
2.845020000000000000e+05
2.913540000000000000e+05
2.644440000000000000e+05
3.355460000000000000e+05
2.593140000000000000e+05
2.537810000000000000e+05
2.641030000000000000e+05
2.805160000000000000e+05
2.445780000000000000e+05
2.978810000000000000e+05
3.415410000000000000e+05
2.859960000000000000e+05
3.051440000000000000e+05
2.828500000000000000e+05
3.447590000000000000e+05
2.889080000000000000e+05
2.711440000000000000e+05
2.718740000000000000e+05
3.158150000000000000e+05
