1.465330000000000000e+05
1.894820000000000000e+05
1.167810000000000000e+05
1.772280000000000000e+05
1.859280000000000000e+05
7.724600000000000000e+04
6.732500000000000000e+04
2.780900000000000000e+04
1.848950000000000000e+05
1.451960000000000000e+05
1.269080000000000000e+05
1.095880000000000000e+05
1.884000000000000000e+05
1.401940000000000000e+05
1.738030000000000000e+05
5.630400000000000000e+04
1.566440000000000000e+05
8.079800000000000000e+04
2.037420000000000000e+05
1.834160000000000000e+05
1.930800000000000000e+05
5.009600000000000000e+04
2.101090000000000000e+05
2.137070000000000000e+05
1.107140000000000000e+05
1.081450000000000000e+05
1.559390000000000000e+05
2.622040000000000000e+05
1.194710000000000000e+05
4.457100000000000000e+04
2.120990000000000000e+05
1.575300000000000000e+05
6.200100000000000000e+04
8.895800000000000000e+04
1.412880000000000000e+05
1.882060000000000000e+05
9.458700000000000000e+04
2.773360000000000000e+05
1.413600000000000000e+05
1.301440000000000000e+05
6.789800000000000000e+04
1.951810000000000000e+05
1.368970000000000000e+05
7.158900000000000000e+04
8.414200000000000000e+04
1.430300000000000000e+05
1.556250000000000000e+05
1.893800000000000000e+05
2.120400000000000000e+05
1.173690000000000000e+05
