8.317700000000000000e+04
1.669070000000000000e+05
2.625000000000000000e+04
7.645200000000000000e+04
1.195380000000000000e+05
1.256930000000000000e+05
5.502500000000000000e+04
1.818630000000000000e+05
6.113200000000000000e+04
2.132070000000000000e+05
9.971400000000000000e+04
4.446400000000000000e+04
1.266330000000000000e+05
1.154940000000000000e+05
1.951800000000000000e+04
1.468040000000000000e+05
2.588390000000000000e+05
1.096410000000000000e+05
3.134700000000000000e+04
1.487720000000000000e+05
1.267210000000000000e+05
6.976700000000000000e+04
1.393060000000000000e+05
9.473700000000000000e+04
2.364100000000000000e+05
3.711100000000000000e+04
6.877600000000000000e+04
2.484440000000000000e+05
1.631100000000000000e+05
9.682800000000000000e+04
1.324830000000000000e+05
7.375900000000000000e+04
7.260500000000000000e+04
3.944800000000000000e+04
1.353000000000000000e+04
1.315430000000000000e+05
1.454980000000000000e+05
9.992800000000000000e+04
9.482200000000000000e+04
6.559500000000000000e+04
7.187000000000000000e+04
4.060300000000000000e+04
1.508290000000000000e+05
1.150810000000000000e+05
1.417220000000000000e+05
2.115770000000000000e+05
1.433720000000000000e+05
1.175360000000000000e+05
1.086690000000000000e+05
1.139410000000000000e+05
