1.033840000000000000e+05
1.419050000000000000e+05
9.178600000000000000e+04
9.922300000000000000e+04
1.509820000000000000e+05
1.508320000000000000e+05
1.665010000000000000e+05
1.680370000000000000e+05
1.646830000000000000e+05
9.448700000000000000e+04
1.738740000000000000e+05
1.274550000000000000e+05
1.681980000000000000e+05
1.400130000000000000e+05
1.791770000000000000e+05
2.027050000000000000e+05
5.745600000000000000e+04
7.020100000000000000e+04
1.156830000000000000e+05
1.662920000000000000e+05
2.159200000000000000e+05
5.368600000000000000e+04
2.271680000000000000e+05
2.228920000000000000e+05
1.218910000000000000e+05
7.529700000000000000e+04
1.182530000000000000e+05
1.737290000000000000e+05
1.016550000000000000e+05
1.123870000000000000e+05
1.523330000000000000e+05
1.790620000000000000e+05
7.081200000000000000e+04
1.646730000000000000e+05
9.103800000000000000e+04
1.032310000000000000e+05
9.071900000000000000e+04
8.211800000000000000e+04
1.868740000000000000e+05
1.175940000000000000e+05
9.091600000000000000e+04
1.775090000000000000e+05
1.880350000000000000e+05
2.683140000000000000e+05
2.286880000000000000e+05
1.151060000000000000e+05
6.585500000000000000e+04
1.301450000000000000e+05
1.728280000000000000e+05
1.055840000000000000e+05
