8.696900000000000000e+04
6.198900000000000000e+04
3.366900000000000000e+04
2.812200000000000000e+04
3.796300000000000000e+04
2.906400000000000000e+04
4.589400000000000000e+04
2.512700000000000000e+04
5.474900000000000000e+04
1.610770000000000000e+05
1.320200000000000000e+04
2.874500000000000000e+04
6.917800000000000000e+04
1.353230000000000000e+05
6.167400000000000000e+04
1.753600000000000000e+04
6.130700000000000000e+04
9.467700000000000000e+04
6.969200000000000000e+04
6.366800000000000000e+04
2.937900000000000000e+04
5.779400000000000000e+04
3.902900000000000000e+04
5.933600000000000000e+04
1.376400000000000000e+05
1.410900000000000000e+04
1.184730000000000000e+05
1.574460000000000000e+05
7.181300000000000000e+04
8.127600000000000000e+04
1.184900000000000000e+05
5.026800000000000000e+04
6.507600000000000000e+04
5.276500000000000000e+04
1.132900000000000000e+04
3.745200000000000000e+04
8.591500000000000000e+04
5.724700000000000000e+04
7.465000000000000000e+03
2.095000000000000000e+04
3.043300000000000000e+04
7.709400000000000000e+04
3.496600000000000000e+04
6.940000000000000000e+04
1.172130000000000000e+05
7.351600000000000000e+04
5.819200000000000000e+04
4.983300000000000000e+04
3.584600000000000000e+04
4.750600000000000000e+04
