2.091300000000000000e+04
1.344400000000000000e+04
2.750800000000000000e+04
2.149300000000000000e+04
8.922000000000000000e+03
2.552500000000000000e+04
2.067200000000000000e+04
3.564600000000000000e+04
2.057900000000000000e+04
3.099800000000000000e+04
1.199600000000000000e+04
2.340500000000000000e+04
2.454300000000000000e+04
5.866000000000000000e+03
1.700100000000000000e+04
3.111900000000000000e+04
2.315300000000000000e+04
2.078700000000000000e+04
2.610300000000000000e+04
2.312900000000000000e+04
8.607000000000000000e+03
3.539700000000000000e+04
1.552600000000000000e+04
1.394900000000000000e+04
1.531500000000000000e+04
1.091800000000000000e+04
1.528000000000000000e+04
2.319400000000000000e+04
3.882100000000000000e+04
6.856000000000000000e+03
1.548200000000000000e+04
3.494900000000000000e+04
9.999000000000000000e+03
1.903800000000000000e+04
9.842000000000000000e+03
5.749000000000000000e+03
2.887000000000000000e+04
2.709100000000000000e+04
2.138000000000000000e+04
1.217100000000000000e+04
3.357300000000000000e+04
2.358200000000000000e+04
1.475900000000000000e+04
1.760200000000000000e+04
3.758400000000000000e+04
1.561600000000000000e+04
4.168100000000000000e+04
7.481000000000000000e+03
1.757300000000000000e+04
2.192600000000000000e+04
