1.533000000000000000e+03
1.520300000000000000e+04
5.736000000000000000e+03
7.237000000000000000e+03
5.592000000000000000e+03
1.030000000000000000e+02
8.660000000000000000e+02
8.660000000000000000e+02
6.393000000000000000e+03
5.723000000000000000e+03
8.890000000000000000e+02
9.030000000000000000e+03
1.396000000000000000e+03
4.024000000000000000e+03
5.144000000000000000e+03
3.351000000000000000e+03
3.761000000000000000e+03
6.499000000000000000e+03
8.348000000000000000e+03
8.832000000000000000e+03
1.063700000000000000e+04
5.919000000000000000e+03
4.496000000000000000e+03
6.302000000000000000e+03
1.066000000000000000e+03
3.737000000000000000e+03
1.194400000000000000e+04
1.163800000000000000e+04
3.434000000000000000e+03
3.949000000000000000e+03
3.412000000000000000e+03
3.097000000000000000e+03
7.474000000000000000e+03
2.429000000000000000e+03
3.776000000000000000e+03
5.089000000000000000e+03
7.110000000000000000e+02
9.000000000000000000e+01
1.572000000000000000e+03
5.600000000000000000e+02
9.252000000000000000e+03
1.647800000000000000e+04
7.745000000000000000e+03
7.836000000000000000e+03
1.270000000000000000e+02
2.181000000000000000e+03
7.445000000000000000e+03
2.668000000000000000e+03
1.057100000000000000e+04
4.730000000000000000e+02
