2.406500000000000000e+04
7.229800000000000000e+04
3.574300000000000000e+04
4.786800000000000000e+04
4.422100000000000000e+04
3.704700000000000000e+04
4.850700000000000000e+04
6.830300000000000000e+04
5.120300000000000000e+04
3.925800000000000000e+04
6.919600000000000000e+04
3.771400000000000000e+04
4.625400000000000000e+04
6.900200000000000000e+04
4.970200000000000000e+04
4.785200000000000000e+04
2.895000000000000000e+04
5.423600000000000000e+04
7.708800000000000000e+04
7.522600000000000000e+04
5.245000000000000000e+04
6.331900000000000000e+04
6.398200000000000000e+04
1.402800000000000000e+04
5.342500000000000000e+04
1.439600000000000000e+04
6.368100000000000000e+04
6.520500000000000000e+04
6.334400000000000000e+04
3.639000000000000000e+04
6.214500000000000000e+04
8.033400000000000000e+04
3.284600000000000000e+04
3.722900000000000000e+04
6.542500000000000000e+04
5.712700000000000000e+04
8.972400000000000000e+04
4.724700000000000000e+04
4.145400000000000000e+04
5.800400000000000000e+04
2.416600000000000000e+04
4.530500000000000000e+04
6.949700000000000000e+04
6.143700000000000000e+04
2.178900000000000000e+04
5.530100000000000000e+04
6.122100000000000000e+04
2.346000000000000000e+04
5.281800000000000000e+04
2.433500000000000000e+04
