1.320000000000000000e+02
1.180600000000000000e+04
5.330000000000000000e+02
5.530000000000000000e+03
2.080000000000000000e+02
0.000000000000000000e+00
2.736000000000000000e+03
4.645000000000000000e+03
8.227000000000000000e+03
9.780000000000000000e+03
3.982000000000000000e+03
3.903000000000000000e+03
2.220000000000000000e+03
5.235000000000000000e+03
2.292000000000000000e+03
3.059000000000000000e+03
1.789000000000000000e+03
7.176000000000000000e+03
4.199000000000000000e+03
1.012800000000000000e+04
3.792000000000000000e+03
5.071000000000000000e+03
3.220000000000000000e+02
6.878000000000000000e+03
1.560000000000000000e+02
2.281000000000000000e+03
6.088000000000000000e+03
2.310000000000000000e+03
3.929000000000000000e+03
8.188000000000000000e+03
1.154000000000000000e+03
1.261000000000000000e+03
2.570000000000000000e+02
7.050000000000000000e+02
5.004000000000000000e+03
4.694000000000000000e+03
0.000000000000000000e+00
5.077000000000000000e+03
8.870000000000000000e+02
2.230000000000000000e+03
6.726000000000000000e+03
6.240000000000000000e+02
2.259000000000000000e+03
1.718000000000000000e+03
1.780000000000000000e+03
1.426000000000000000e+03
7.719000000000000000e+03
4.307000000000000000e+03
1.749400000000000000e+04
2.748000000000000000e+03
