4.213600000000000000e+04
6.711300000000000000e+04
4.589700000000000000e+04
3.592600000000000000e+04
5.600400000000000000e+04
4.559300000000000000e+04
2.439600000000000000e+04
4.790300000000000000e+04
2.956600000000000000e+04
6.288900000000000000e+04
3.894300000000000000e+04
3.876600000000000000e+04
4.800700000000000000e+04
4.869000000000000000e+04
5.175800000000000000e+04
3.620200000000000000e+04
5.896800000000000000e+04
3.962600000000000000e+04
3.907600000000000000e+04
4.647900000000000000e+04
4.070500000000000000e+04
3.195700000000000000e+04
4.411800000000000000e+04
2.486300000000000000e+04
4.527500000000000000e+04
7.199500000000000000e+04
3.508500000000000000e+04
4.336800000000000000e+04
5.098500000000000000e+04
5.525700000000000000e+04
4.755600000000000000e+04
6.960300000000000000e+04
4.365000000000000000e+04
5.027700000000000000e+04
5.512200000000000000e+04
2.157900000000000000e+04
4.140200000000000000e+04
4.464000000000000000e+04
3.853000000000000000e+04
3.760600000000000000e+04
2.113900000000000000e+04
2.267600000000000000e+04
3.637100000000000000e+04
4.560200000000000000e+04
2.638600000000000000e+04
5.234800000000000000e+04
3.456500000000000000e+04
1.158300000000000000e+04
3.666400000000000000e+04
4.197900000000000000e+04
