7.775200000000000000e+04
9.552500000000000000e+04
7.560300000000000000e+04
6.732800000000000000e+04
9.286900000000000000e+04
8.444100000000000000e+04
1.038510000000000000e+05
6.363600000000000000e+04
9.958700000000000000e+04
9.240300000000000000e+04
1.102350000000000000e+05
1.023620000000000000e+05
9.825300000000000000e+04
9.192300000000000000e+04
7.067600000000000000e+04
1.118010000000000000e+05
9.496000000000000000e+04
7.226500000000000000e+04
9.796400000000000000e+04
4.265300000000000000e+04
9.825500000000000000e+04
9.555600000000000000e+04
5.656600000000000000e+04
1.034160000000000000e+05
1.358540000000000000e+05
6.466300000000000000e+04
7.682100000000000000e+04
9.189400000000000000e+04
7.897100000000000000e+04
9.315900000000000000e+04
7.234700000000000000e+04
7.572200000000000000e+04
9.292600000000000000e+04
7.621400000000000000e+04
1.208610000000000000e+05
7.747700000000000000e+04
5.230500000000000000e+04
9.497000000000000000e+04
1.013670000000000000e+05
5.929000000000000000e+04
9.212700000000000000e+04
8.213900000000000000e+04
1.258470000000000000e+05
1.027060000000000000e+05
1.153710000000000000e+05
1.200820000000000000e+05
8.669000000000000000e+04
7.654200000000000000e+04
5.850400000000000000e+04
8.972900000000000000e+04
