1.432000000000000000e+04
1.443500000000000000e+04
7.448000000000000000e+03
1.492000000000000000e+04
2.987100000000000000e+04
1.478900000000000000e+04
1.054100000000000000e+04
2.036800000000000000e+04
1.501800000000000000e+04
1.663200000000000000e+04
5.807000000000000000e+03
6.435000000000000000e+03
2.740000000000000000e+04
5.465000000000000000e+03
3.038000000000000000e+03
1.095400000000000000e+04
1.289500000000000000e+04
1.536900000000000000e+04
3.803000000000000000e+03
7.394000000000000000e+03
1.142000000000000000e+04
5.004000000000000000e+03
4.577000000000000000e+03
1.674900000000000000e+04
1.102400000000000000e+04
7.541000000000000000e+03
1.510900000000000000e+04
1.409800000000000000e+04
1.065400000000000000e+04
3.720000000000000000e+03
1.213000000000000000e+04
1.881500000000000000e+04
2.240200000000000000e+04
1.004100000000000000e+04
9.884000000000000000e+03
1.428200000000000000e+04
2.189300000000000000e+04
1.495800000000000000e+04
2.268100000000000000e+04
1.587400000000000000e+04
7.658000000000000000e+03
9.436000000000000000e+03
2.037300000000000000e+04
2.201400000000000000e+04
1.818800000000000000e+04
3.408000000000000000e+04
8.056000000000000000e+03
6.957000000000000000e+03
4.417000000000000000e+03
1.119000000000000000e+04
