3.797300000000000000e+04
3.765200000000000000e+04
4.895100000000000000e+04
2.799600000000000000e+04
4.556900000000000000e+04
3.153500000000000000e+04
9.731000000000000000e+03
1.883700000000000000e+04
2.298900000000000000e+04
3.831300000000000000e+04
1.930100000000000000e+04
2.791800000000000000e+04
2.896700000000000000e+04
4.180200000000000000e+04
1.819600000000000000e+04
3.049500000000000000e+04
4.235700000000000000e+04
4.529900000000000000e+04
2.858100000000000000e+04
5.126700000000000000e+04
3.303100000000000000e+04
3.368200000000000000e+04
1.357400000000000000e+04
2.984300000000000000e+04
2.153000000000000000e+04
6.312700000000000000e+04
1.958700000000000000e+04
2.649400000000000000e+04
2.837100000000000000e+04
1.909100000000000000e+04
3.785100000000000000e+04
3.272200000000000000e+04
2.103500000000000000e+04
2.772800000000000000e+04
2.528900000000000000e+04
1.379700000000000000e+04
2.416500000000000000e+04
2.969700000000000000e+04
2.320900000000000000e+04
2.369000000000000000e+04
1.208500000000000000e+04
4.267100000000000000e+04
1.148400000000000000e+04
2.503500000000000000e+04
1.647600000000000000e+04
4.133600000000000000e+04
2.659100000000000000e+04
7.160000000000000000e+03
1.295100000000000000e+04
3.152900000000000000e+04
