6.746900000000000000e+04
7.621500000000000000e+04
8.643200000000000000e+04
8.740900000000000000e+04
1.081060000000000000e+05
5.033500000000000000e+04
4.205100000000000000e+04
8.540000000000000000e+04
3.461900000000000000e+04
7.636800000000000000e+04
6.234400000000000000e+04
5.022500000000000000e+04
6.091200000000000000e+04
7.910500000000000000e+04
6.297200000000000000e+04
5.853200000000000000e+04
6.304000000000000000e+04
9.223500000000000000e+04
4.861100000000000000e+04
8.634600000000000000e+04
6.479300000000000000e+04
7.175200000000000000e+04
8.160900000000000000e+04
3.299200000000000000e+04
7.168500000000000000e+04
8.421400000000000000e+04
6.463500000000000000e+04
9.239500000000000000e+04
4.806900000000000000e+04
8.434100000000000000e+04
8.883200000000000000e+04
1.049190000000000000e+05
9.809200000000000000e+04
7.515300000000000000e+04
9.553600000000000000e+04
6.481100000000000000e+04
4.956000000000000000e+04
8.719300000000000000e+04
5.323300000000000000e+04
7.355600000000000000e+04
4.477300000000000000e+04
7.066300000000000000e+04
6.389400000000000000e+04
8.874000000000000000e+04
3.888500000000000000e+04
1.010280000000000000e+05
5.026600000000000000e+04
7.415300000000000000e+04
7.556800000000000000e+04
8.394500000000000000e+04
