1.752000000000000000e+03
3.720000000000000000e+03
8.536000000000000000e+03
5.490000000000000000e+03
1.381000000000000000e+03
6.110000000000000000e+02
1.366000000000000000e+03
5.042000000000000000e+03
6.335000000000000000e+03
8.249000000000000000e+03
4.620000000000000000e+02
4.710000000000000000e+03
1.323000000000000000e+03
5.368000000000000000e+03
1.832000000000000000e+03
2.916000000000000000e+03
2.316000000000000000e+03
4.620000000000000000e+02
3.580000000000000000e+02
4.290000000000000000e+03
9.247000000000000000e+03
1.703000000000000000e+03
1.152000000000000000e+03
4.460000000000000000e+02
2.412000000000000000e+03
6.860000000000000000e+03
5.145000000000000000e+03
4.422000000000000000e+03
3.586000000000000000e+03
3.476000000000000000e+03
3.691000000000000000e+03
3.596000000000000000e+03
4.681000000000000000e+03
9.480000000000000000e+02
2.407000000000000000e+03
6.567000000000000000e+03
9.400000000000000000e+01
7.187000000000000000e+03
4.459000000000000000e+03
4.850000000000000000e+02
4.753000000000000000e+03
2.404000000000000000e+03
1.534000000000000000e+03
7.586000000000000000e+03
1.562000000000000000e+03
8.900000000000000000e+01
4.473000000000000000e+03
3.670000000000000000e+03
6.472000000000000000e+03
3.095000000000000000e+03
