6.351400000000000000e+04
1.739600000000000000e+04
4.767400000000000000e+04
4.077800000000000000e+04
6.533500000000000000e+04
8.745100000000000000e+04
1.202150000000000000e+05
1.007860000000000000e+05
7.518200000000000000e+04
7.033000000000000000e+04
6.047900000000000000e+04
6.410100000000000000e+04
6.425900000000000000e+04
5.644500000000000000e+04
4.384000000000000000e+04
8.807200000000000000e+04
8.504600000000000000e+04
4.603700000000000000e+04
9.575500000000000000e+04
4.350800000000000000e+04
8.101100000000000000e+04
8.505500000000000000e+04
6.971900000000000000e+04
6.485300000000000000e+04
9.455000000000000000e+04
6.293800000000000000e+04
8.480100000000000000e+04
6.715200000000000000e+04
6.249900000000000000e+04
4.915800000000000000e+04
7.607200000000000000e+04
7.031200000000000000e+04
3.321600000000000000e+04
9.093800000000000000e+04
7.905200000000000000e+04
4.150000000000000000e+04
2.232000000000000000e+04
4.020200000000000000e+04
7.772900000000000000e+04
5.001200000000000000e+04
5.175500000000000000e+04
7.650400000000000000e+04
1.135020000000000000e+05
8.886700000000000000e+04
8.711100000000000000e+04
4.246800000000000000e+04
5.939400000000000000e+04
6.694000000000000000e+04
7.801900000000000000e+04
5.784600000000000000e+04
