1.760890000000000000e+05
1.258970000000000000e+05
3.008490000000000000e+05
2.828530000000000000e+05
2.680580000000000000e+05
2.712310000000000000e+05
2.363660000000000000e+05
2.598900000000000000e+05
2.945860000000000000e+05
2.380830000000000000e+05
2.214800000000000000e+05
2.519980000000000000e+05
2.972280000000000000e+05
3.499370000000000000e+05
1.178110000000000000e+05
3.453460000000000000e+05
1.772570000000000000e+05
1.784190000000000000e+05
1.809650000000000000e+05
3.629820000000000000e+05
1.915000000000000000e+05
2.196590000000000000e+05
2.674730000000000000e+05
2.048870000000000000e+05
1.871510000000000000e+05
1.847570000000000000e+05
3.375070000000000000e+05
3.011350000000000000e+05
2.224200000000000000e+05
2.611080000000000000e+05
2.792230000000000000e+05
2.799190000000000000e+05
2.683290000000000000e+05
2.499850000000000000e+05
2.652620000000000000e+05
1.930990000000000000e+05
3.001150000000000000e+05
2.988340000000000000e+05
2.212850000000000000e+05
1.697450000000000000e+05
2.736600000000000000e+05
2.449520000000000000e+05
1.565740000000000000e+05
3.014820000000000000e+05
2.410930000000000000e+05
2.745730000000000000e+05
2.871470000000000000e+05
2.344020000000000000e+05
2.906490000000000000e+05
2.855790000000000000e+05
