2.257110000000000000e+05
2.024710000000000000e+05
1.880810000000000000e+05
1.237990000000000000e+05
1.504230000000000000e+05
2.326810000000000000e+05
2.308110000000000000e+05
2.867800000000000000e+05
1.894910000000000000e+05
2.099860000000000000e+05
1.925700000000000000e+05
2.477550000000000000e+05
2.974180000000000000e+05
1.460180000000000000e+05
1.646600000000000000e+05
2.217190000000000000e+05
1.975460000000000000e+05
2.446150000000000000e+05
2.225160000000000000e+05
2.556540000000000000e+05
2.406510000000000000e+05
1.114340000000000000e+05
2.194760000000000000e+05
2.624420000000000000e+05
2.005440000000000000e+05
1.818620000000000000e+05
2.378040000000000000e+05
2.518190000000000000e+05
1.852770000000000000e+05
2.234780000000000000e+05
2.412600000000000000e+05
1.873620000000000000e+05
8.606400000000000000e+04
2.626490000000000000e+05
2.193110000000000000e+05
8.651500000000000000e+04
2.038660000000000000e+05
4.154300000000000000e+04
2.621000000000000000e+05
2.055200000000000000e+05
2.413740000000000000e+05
2.121790000000000000e+05
2.728320000000000000e+05
3.168330000000000000e+05
2.149120000000000000e+05
3.981000000000000000e+04
2.167910000000000000e+05
2.235930000000000000e+05
1.770040000000000000e+05
2.747600000000000000e+05
