1.945000000000000000e+04
5.213700000000000000e+04
5.798300000000000000e+04
2.483100000000000000e+04
0.000000000000000000e+00
0.000000000000000000e+00
2.064000000000000000e+03
6.460000000000000000e+04
6.324900000000000000e+04
5.053400000000000000e+04
0.000000000000000000e+00
1.990600000000000000e+04
1.512000000000000000e+03
5.198400000000000000e+04
1.043300000000000000e+04
2.191900000000000000e+04
4.053600000000000000e+04
6.987200000000000000e+04
2.140100000000000000e+04
3.360700000000000000e+04
3.975600000000000000e+04
3.502900000000000000e+04
0.000000000000000000e+00
4.002800000000000000e+04
1.059000000000000000e+03
1.178400000000000000e+04
7.899000000000000000e+03
5.633300000000000000e+04
4.134900000000000000e+04
4.373000000000000000e+04
2.162800000000000000e+04
0.000000000000000000e+00
7.800000000000000000e+02
1.573400000000000000e+04
1.558200000000000000e+04
7.512100000000000000e+04
0.000000000000000000e+00
9.190000000000000000e+03
1.406900000000000000e+04
5.724000000000000000e+04
3.691500000000000000e+04
2.149300000000000000e+04
5.746000000000000000e+03
1.721900000000000000e+04
3.241000000000000000e+03
0.000000000000000000e+00
7.096600000000000000e+04
1.228800000000000000e+04
1.185710000000000000e+05
2.606000000000000000e+03
