4.152800000000000000e+04
1.173600000000000000e+04
4.938100000000000000e+04
6.796000000000000000e+04
5.088700000000000000e+04
7.476900000000000000e+04
6.262300000000000000e+04
6.439100000000000000e+04
5.654800000000000000e+04
5.570900000000000000e+04
2.627000000000000000e+03
9.201100000000000000e+04
6.851500000000000000e+04
6.615000000000000000e+04
1.681400000000000000e+04
5.541400000000000000e+04
8.052300000000000000e+04
6.675500000000000000e+04
2.210400000000000000e+04
3.351700000000000000e+04
4.548800000000000000e+04
2.301900000000000000e+04
3.869300000000000000e+04
5.216400000000000000e+04
2.539200000000000000e+04
1.545590000000000000e+05
1.345370000000000000e+05
8.892200000000000000e+04
6.863100000000000000e+04
2.801300000000000000e+04
4.015100000000000000e+04
1.951000000000000000e+04
5.011000000000000000e+04
7.235200000000000000e+04
5.312600000000000000e+04
1.112620000000000000e+05
7.031000000000000000e+04
2.811000000000000000e+04
6.568400000000000000e+04
5.551000000000000000e+03
2.149400000000000000e+04
1.156370000000000000e+05
3.756800000000000000e+04
3.470200000000000000e+04
1.466700000000000000e+05
4.822300000000000000e+04
1.068740000000000000e+05
5.018700000000000000e+04
8.778600000000000000e+04
6.288100000000000000e+04
