1.744770000000000000e+05
1.779630000000000000e+05
1.064600000000000000e+05
1.334680000000000000e+05
1.677390000000000000e+05
1.448300000000000000e+05
1.101230000000000000e+05
2.400900000000000000e+05
1.935470000000000000e+05
2.376080000000000000e+05
2.046320000000000000e+05
2.676710000000000000e+05
6.548600000000000000e+04
1.046600000000000000e+05
2.381740000000000000e+05
1.789950000000000000e+05
1.576370000000000000e+05
1.054310000000000000e+05
1.211800000000000000e+05
2.593930000000000000e+05
2.139410000000000000e+05
1.559000000000000000e+05
1.405430000000000000e+05
1.195260000000000000e+05
1.989090000000000000e+05
1.690330000000000000e+05
1.494340000000000000e+05
2.585320000000000000e+05
1.792400000000000000e+05
2.117190000000000000e+05
2.472920000000000000e+05
2.308500000000000000e+05
7.986400000000000000e+04
2.544460000000000000e+05
2.566020000000000000e+05
8.554300000000000000e+04
1.940170000000000000e+05
2.848150000000000000e+05
1.081660000000000000e+05
2.218360000000000000e+05
1.407850000000000000e+05
2.996650000000000000e+05
1.987730000000000000e+05
1.744700000000000000e+05
1.985020000000000000e+05
2.042910000000000000e+05
1.981520000000000000e+05
1.786670000000000000e+05
2.360270000000000000e+05
2.589980000000000000e+05
