1.439010000000000000e+05
1.804260000000000000e+05
1.596560000000000000e+05
2.496550000000000000e+05
2.307920000000000000e+05
2.500810000000000000e+05
2.154100000000000000e+05
2.507890000000000000e+05
2.141610000000000000e+05
1.973110000000000000e+05
1.368460000000000000e+05
1.990920000000000000e+05
1.607330000000000000e+05
2.276530000000000000e+05
1.086390000000000000e+05
2.096020000000000000e+05
2.356340000000000000e+05
1.932250000000000000e+05
2.013530000000000000e+05
2.543400000000000000e+05
1.983390000000000000e+05
1.883160000000000000e+05
2.365100000000000000e+05
1.870730000000000000e+05
2.248660000000000000e+05
1.652600000000000000e+05
2.071500000000000000e+05
2.259620000000000000e+05
2.298020000000000000e+05
2.842370000000000000e+05
2.909770000000000000e+05
1.829220000000000000e+05
2.301060000000000000e+05
2.343540000000000000e+05
2.393260000000000000e+05
2.140830000000000000e+05
2.318510000000000000e+05
2.291400000000000000e+05
1.791430000000000000e+05
1.574550000000000000e+05
2.279630000000000000e+05
2.020550000000000000e+05
2.227460000000000000e+05
1.623890000000000000e+05
1.516110000000000000e+05
1.953090000000000000e+05
1.929980000000000000e+05
1.810030000000000000e+05
3.000210000000000000e+05
1.749020000000000000e+05
