9.067300000000000000e+04
5.276800000000000000e+04
2.744100000000000000e+04
4.773900000000000000e+04
6.463800000000000000e+04
1.077370000000000000e+05
1.198400000000000000e+04
4.703700000000000000e+04
1.052320000000000000e+05
9.933500000000000000e+04
1.381740000000000000e+05
1.995000000000000000e+04
8.073900000000000000e+04
5.793500000000000000e+04
1.434000000000000000e+04
3.587400000000000000e+04
1.707660000000000000e+05
7.452700000000000000e+04
6.358700000000000000e+04
3.357700000000000000e+04
2.407200000000000000e+04
6.106700000000000000e+04
6.379600000000000000e+04
8.368800000000000000e+04
1.401900000000000000e+04
5.090500000000000000e+04
6.499600000000000000e+04
8.923600000000000000e+04
1.017940000000000000e+05
7.058900000000000000e+04
7.406100000000000000e+04
2.187500000000000000e+04
1.363350000000000000e+05
7.658000000000000000e+03
6.693500000000000000e+04
9.556900000000000000e+04
2.285000000000000000e+04
4.755400000000000000e+04
4.426200000000000000e+04
3.076700000000000000e+04
3.649200000000000000e+04
8.876100000000000000e+04
7.323700000000000000e+04
4.434700000000000000e+04
9.548000000000000000e+04
8.316100000000000000e+04
2.857300000000000000e+04
2.108900000000000000e+04
4.368900000000000000e+04
6.800900000000000000e+04
