2.045940000000000000e+05
2.479350000000000000e+05
2.011960000000000000e+05
6.963500000000000000e+04
2.381840000000000000e+05
1.481370000000000000e+05
1.305030000000000000e+05
1.867380000000000000e+05
2.522800000000000000e+04
2.898660000000000000e+05
1.667850000000000000e+05
1.186150000000000000e+05
1.883000000000000000e+05
1.846350000000000000e+05
1.756730000000000000e+05
1.300560000000000000e+05
8.630900000000000000e+04
2.437400000000000000e+05
8.156300000000000000e+04
1.320190000000000000e+05
1.589540000000000000e+05
2.130250000000000000e+05
7.304500000000000000e+04
1.315110000000000000e+05
1.542120000000000000e+05
1.952350000000000000e+05
1.645160000000000000e+05
6.550600000000000000e+04
1.438560000000000000e+05
1.964760000000000000e+05
1.281480000000000000e+05
1.866460000000000000e+05
1.684640000000000000e+05
1.736620000000000000e+05
1.758320000000000000e+05
1.120090000000000000e+05
1.644310000000000000e+05
1.472590000000000000e+05
2.114240000000000000e+05
1.401940000000000000e+05
1.890810000000000000e+05
1.340150000000000000e+05
1.397340000000000000e+05
2.053230000000000000e+05
2.228680000000000000e+05
2.195030000000000000e+05
4.443100000000000000e+04
1.125720000000000000e+05
1.754630000000000000e+05
4.439500000000000000e+04
