2.017160000000000000e+05
2.445090000000000000e+05
1.967580000000000000e+05
1.178870000000000000e+05
2.617940000000000000e+05
1.975640000000000000e+05
8.956500000000000000e+04
2.824070000000000000e+05
1.627400000000000000e+05
1.723610000000000000e+05
1.230450000000000000e+05
1.890160000000000000e+05
9.170000000000000000e+04
1.824590000000000000e+05
2.343990000000000000e+05
2.073640000000000000e+05
1.882570000000000000e+05
2.046930000000000000e+05
1.833670000000000000e+05
1.176400000000000000e+05
1.417380000000000000e+05
2.037090000000000000e+05
2.438580000000000000e+05
1.208310000000000000e+05
9.334100000000000000e+04
2.604310000000000000e+05
1.071210000000000000e+05
1.328200000000000000e+05
1.133520000000000000e+05
2.395350000000000000e+05
2.118130000000000000e+05
2.902960000000000000e+05
2.397560000000000000e+05
2.528270000000000000e+05
1.768880000000000000e+05
1.513640000000000000e+05
1.101380000000000000e+05
1.781910000000000000e+05
1.908200000000000000e+05
6.758100000000000000e+04
1.672150000000000000e+05
1.500570000000000000e+05
2.293860000000000000e+05
2.168800000000000000e+05
1.946490000000000000e+05
1.201420000000000000e+05
8.585400000000000000e+04
1.273170000000000000e+05
2.584640000000000000e+05
7.918000000000000000e+04
