1.823370000000000000e+05
1.130620000000000000e+05
2.124240000000000000e+05
1.864600000000000000e+05
7.552700000000000000e+04
2.077960000000000000e+05
2.061470000000000000e+05
1.867510000000000000e+05
2.640420000000000000e+05
1.223780000000000000e+05
1.768080000000000000e+05
2.032830000000000000e+05
2.654060000000000000e+05
2.118610000000000000e+05
2.336100000000000000e+05
2.531260000000000000e+05
1.523230000000000000e+05
2.044090000000000000e+05
1.882090000000000000e+05
2.487630000000000000e+05
2.771390000000000000e+05
1.516870000000000000e+05
1.899740000000000000e+05
1.572060000000000000e+05
3.066750000000000000e+05
2.030240000000000000e+05
3.059810000000000000e+05
3.076480000000000000e+05
1.248630000000000000e+05
2.115680000000000000e+05
2.347790000000000000e+05
2.603720000000000000e+05
1.108260000000000000e+05
2.032060000000000000e+05
2.656060000000000000e+05
1.472780000000000000e+05
1.635490000000000000e+05
5.409300000000000000e+04
3.042740000000000000e+05
2.700180000000000000e+05
1.613420000000000000e+05
2.917590000000000000e+05
2.374420000000000000e+05
2.275540000000000000e+05
1.977870000000000000e+05
2.197570000000000000e+05
1.302420000000000000e+05
1.264650000000000000e+05
1.459750000000000000e+05
1.258620000000000000e+05
