2.510500000000000000e+04
5.851500000000000000e+04
3.272400000000000000e+04
2.608300000000000000e+04
2.541900000000000000e+04
5.943300000000000000e+04
9.913000000000000000e+03
1.266600000000000000e+04
1.149800000000000000e+04
5.886100000000000000e+04
3.282700000000000000e+04
2.113600000000000000e+04
5.149900000000000000e+04
5.715600000000000000e+04
2.748300000000000000e+04
2.215400000000000000e+04
3.257800000000000000e+04
7.349900000000000000e+04
6.740200000000000000e+04
1.469300000000000000e+04
3.094700000000000000e+04
3.171600000000000000e+04
3.394100000000000000e+04
5.121700000000000000e+04
2.836800000000000000e+04
3.519400000000000000e+04
1.668500000000000000e+04
4.085900000000000000e+04
2.660300000000000000e+04
2.019000000000000000e+04
4.767500000000000000e+04
2.096800000000000000e+04
2.405700000000000000e+04
4.822400000000000000e+04
1.894000000000000000e+04
4.310900000000000000e+04
2.708100000000000000e+04
4.609200000000000000e+04
3.612000000000000000e+04
2.029200000000000000e+04
2.747400000000000000e+04
5.347200000000000000e+04
4.657800000000000000e+04
2.446200000000000000e+04
3.407400000000000000e+04
4.063100000000000000e+04
3.802700000000000000e+04
3.651400000000000000e+04
2.207500000000000000e+04
3.654900000000000000e+04
