3.031500000000000000e+04
2.859600000000000000e+04
7.142800000000000000e+04
5.934800000000000000e+04
6.978200000000000000e+04
6.933800000000000000e+04
7.739600000000000000e+04
4.945800000000000000e+04
7.903000000000000000e+04
7.850800000000000000e+04
4.739400000000000000e+04
4.408000000000000000e+04
5.404200000000000000e+04
8.413500000000000000e+04
2.435800000000000000e+04
6.050500000000000000e+04
3.644800000000000000e+04
4.503200000000000000e+04
4.976300000000000000e+04
8.307700000000000000e+04
5.110700000000000000e+04
5.134000000000000000e+04
5.710400000000000000e+04
3.912600000000000000e+04
2.808500000000000000e+04
2.886000000000000000e+04
7.625500000000000000e+04
1.142030000000000000e+05
5.797800000000000000e+04
4.438600000000000000e+04
6.890500000000000000e+04
6.186000000000000000e+04
6.865000000000000000e+04
5.900000000000000000e+04
7.900500000000000000e+04
3.398400000000000000e+04
8.281400000000000000e+04
6.375200000000000000e+04
5.465300000000000000e+04
2.811900000000000000e+04
7.880200000000000000e+04
4.788700000000000000e+04
2.864600000000000000e+04
7.267300000000000000e+04
4.127500000000000000e+04
6.120200000000000000e+04
6.933300000000000000e+04
5.141200000000000000e+04
6.622700000000000000e+04
4.392200000000000000e+04
