1.666400000000000000e+04
6.820000000000000000e+03
1.735000000000000000e+03
9.970000000000000000e+03
1.170800000000000000e+04
9.553000000000000000e+03
1.382000000000000000e+03
5.821000000000000000e+03
1.769400000000000000e+04
1.835200000000000000e+04
2.437100000000000000e+04
3.134000000000000000e+03
1.003500000000000000e+04
7.745000000000000000e+03
3.357000000000000000e+03
5.203000000000000000e+03
2.561300000000000000e+04
9.158000000000000000e+03
1.101300000000000000e+04
3.959000000000000000e+03
3.799000000000000000e+03
1.436800000000000000e+04
1.136300000000000000e+04
9.636000000000000000e+03
8.413000000000000000e+03
6.567000000000000000e+03
1.516000000000000000e+04
1.874100000000000000e+04
1.475600000000000000e+04
8.308000000000000000e+03
5.874000000000000000e+03
1.174800000000000000e+04
1.230700000000000000e+04
3.574000000000000000e+03
1.743300000000000000e+04
1.405600000000000000e+04
3.975000000000000000e+03
8.364000000000000000e+03
4.990000000000000000e+03
1.074300000000000000e+04
6.792000000000000000e+03
8.721000000000000000e+03
5.958000000000000000e+03
5.594000000000000000e+03
8.137000000000000000e+03
7.368000000000000000e+03
4.828000000000000000e+03
5.955000000000000000e+03
8.428000000000000000e+03
8.128000000000000000e+03
