2.343800000000000000e+04
6.782000000000000000e+04
4.161500000000000000e+04
3.752300000000000000e+04
6.617200000000000000e+04
5.529600000000000000e+04
6.775800000000000000e+04
5.405300000000000000e+04
4.802900000000000000e+04
4.798000000000000000e+04
7.289900000000000000e+04
4.352600000000000000e+04
6.260600000000000000e+04
6.373700000000000000e+04
7.165700000000000000e+04
4.803400000000000000e+04
3.814000000000000000e+04
6.150000000000000000e+04
4.134300000000000000e+04
4.075000000000000000e+04
5.095000000000000000e+04
5.111600000000000000e+04
7.478900000000000000e+04
3.313600000000000000e+04
5.279400000000000000e+04
3.173200000000000000e+04
5.442000000000000000e+04
3.980800000000000000e+04
6.289900000000000000e+04
4.355500000000000000e+04
6.430500000000000000e+04
6.106400000000000000e+04
5.002200000000000000e+04
5.053200000000000000e+04
4.831500000000000000e+04
4.482200000000000000e+04
5.461800000000000000e+04
5.654500000000000000e+04
4.470100000000000000e+04
5.341600000000000000e+04
5.380300000000000000e+04
4.509700000000000000e+04
2.344200000000000000e+04
2.021000000000000000e+04
4.742100000000000000e+04
7.025800000000000000e+04
8.212400000000000000e+04
5.940700000000000000e+04
6.589200000000000000e+04
5.060500000000000000e+04
