7.190000000000000000e+02
1.367100000000000000e+04
8.724000000000000000e+03
3.525000000000000000e+03
1.850000000000000000e+02
0.000000000000000000e+00
2.996000000000000000e+03
4.625000000000000000e+03
6.243000000000000000e+03
4.034000000000000000e+03
5.120000000000000000e+02
1.789000000000000000e+03
2.106000000000000000e+03
5.583000000000000000e+03
1.771000000000000000e+03
1.269000000000000000e+03
2.965000000000000000e+03
4.987000000000000000e+03
1.225000000000000000e+03
6.260000000000000000e+03
4.165000000000000000e+03
9.857000000000000000e+03
3.870000000000000000e+02
4.234000000000000000e+03
2.693000000000000000e+03
3.800000000000000000e+03
1.023800000000000000e+04
5.640000000000000000e+03
2.589000000000000000e+03
2.202000000000000000e+03
1.456000000000000000e+03
7.300000000000000000e+01
1.332000000000000000e+03
1.881000000000000000e+03
3.547000000000000000e+03
4.201000000000000000e+03
0.000000000000000000e+00
6.531000000000000000e+03
1.862000000000000000e+03
1.884000000000000000e+03
2.921000000000000000e+03
1.106000000000000000e+04
2.860000000000000000e+03
1.231000000000000000e+03
5.346000000000000000e+03
1.880000000000000000e+02
4.414000000000000000e+03
3.283000000000000000e+03
9.980000000000000000e+03
4.663000000000000000e+03
