8.355000000000000000e+03
4.893000000000000000e+03
9.585000000000000000e+03
3.554800000000000000e+04
1.241000000000000000e+04
8.667000000000000000e+03
1.552300000000000000e+04
2.908800000000000000e+04
2.872700000000000000e+04
1.349600000000000000e+04
2.765000000000000000e+03
1.060800000000000000e+04
2.360600000000000000e+04
1.589200000000000000e+04
9.968000000000000000e+03
2.087500000000000000e+04
7.456000000000000000e+03
2.589000000000000000e+04
1.364600000000000000e+04
1.339000000000000000e+04
7.614000000000000000e+03
2.066100000000000000e+04
1.823800000000000000e+04
1.368300000000000000e+04
8.766000000000000000e+03
1.610200000000000000e+04
1.380200000000000000e+04
1.951100000000000000e+04
2.328100000000000000e+04
9.232000000000000000e+03
1.320600000000000000e+04
1.166700000000000000e+04
2.269500000000000000e+04
9.146000000000000000e+03
1.110700000000000000e+04
4.790000000000000000e+03
1.247700000000000000e+04
1.149400000000000000e+04
1.299500000000000000e+04
1.672300000000000000e+04
2.581200000000000000e+04
2.164000000000000000e+04
1.555000000000000000e+04
1.975500000000000000e+04
2.427700000000000000e+04
2.176000000000000000e+04
1.789700000000000000e+04
1.162600000000000000e+04
1.540800000000000000e+04
1.001900000000000000e+04
