2.114000000000000000e+03
2.000700000000000000e+04
5.305000000000000000e+03
7.924000000000000000e+03
3.133000000000000000e+03
1.788000000000000000e+03
3.255000000000000000e+03
5.404000000000000000e+03
1.188100000000000000e+04
7.145000000000000000e+03
1.499000000000000000e+03
5.129000000000000000e+03
6.805000000000000000e+03
9.133000000000000000e+03
3.938000000000000000e+03
7.557000000000000000e+03
1.867000000000000000e+03
6.100000000000000000e+03
5.534000000000000000e+03
6.280000000000000000e+03
1.291700000000000000e+04
5.602000000000000000e+03
3.416000000000000000e+03
8.139000000000000000e+03
1.057000000000000000e+03
6.320000000000000000e+03
1.513000000000000000e+04
1.103000000000000000e+04
3.566000000000000000e+03
7.312000000000000000e+03
1.211000000000000000e+03
3.481000000000000000e+03
8.602000000000000000e+03
3.432000000000000000e+03
4.795000000000000000e+03
4.972000000000000000e+03
1.640000000000000000e+02
9.999000000000000000e+03
5.445000000000000000e+03
6.040000000000000000e+02
2.905000000000000000e+03
2.650000000000000000e+03
1.641000000000000000e+03
5.606000000000000000e+03
7.398000000000000000e+03
3.790000000000000000e+02
1.235500000000000000e+04
3.830000000000000000e+03
6.626000000000000000e+03
4.028000000000000000e+03
