2.009400000000000000e+04
5.270000000000000000e+03
5.072000000000000000e+03
1.232600000000000000e+04
1.682700000000000000e+04
1.058600000000000000e+04
1.588500000000000000e+04
1.102700000000000000e+04
6.466000000000000000e+03
1.216800000000000000e+04
8.085000000000000000e+03
6.806000000000000000e+03
1.685900000000000000e+04
9.727000000000000000e+03
4.147000000000000000e+03
1.130000000000000000e+04
1.044900000000000000e+04
9.155000000000000000e+03
5.198000000000000000e+03
5.896000000000000000e+03
1.500100000000000000e+04
1.092200000000000000e+04
4.136000000000000000e+03
1.032500000000000000e+04
1.032500000000000000e+04
8.710000000000000000e+03
4.019000000000000000e+03
1.982500000000000000e+04
1.811000000000000000e+04
6.013000000000000000e+03
8.691000000000000000e+03
1.680100000000000000e+04
1.324700000000000000e+04
3.654000000000000000e+03
4.117000000000000000e+03
1.757900000000000000e+04
1.205500000000000000e+04
1.390200000000000000e+04
1.830000000000000000e+04
6.712000000000000000e+03
1.021100000000000000e+04
1.113700000000000000e+04
1.098000000000000000e+04
3.608000000000000000e+03
1.562000000000000000e+04
1.509700000000000000e+04
3.032000000000000000e+03
1.023000000000000000e+04
1.254300000000000000e+04
1.476700000000000000e+04
