4.940000000000000000e+02
1.132200000000000000e+04
5.618000000000000000e+03
2.104000000000000000e+03
6.861000000000000000e+03
1.059000000000000000e+03
5.379000000000000000e+03
6.333000000000000000e+03
5.972000000000000000e+03
3.846000000000000000e+03
7.724000000000000000e+03
7.567000000000000000e+03
2.410000000000000000e+03
8.660000000000000000e+03
4.258000000000000000e+03
4.258000000000000000e+03
3.072000000000000000e+03
1.671000000000000000e+03
6.078000000000000000e+03
9.982000000000000000e+03
4.717000000000000000e+03
1.814000000000000000e+03
5.724000000000000000e+03
5.190000000000000000e+02
4.503000000000000000e+03
1.248100000000000000e+04
3.048000000000000000e+03
1.025200000000000000e+04
2.356000000000000000e+03
4.167000000000000000e+03
3.275000000000000000e+03
5.676000000000000000e+03
6.390000000000000000e+03
2.522000000000000000e+03
3.896000000000000000e+03
4.151000000000000000e+03
4.340000000000000000e+02
5.440000000000000000e+03
1.029000000000000000e+03
2.810000000000000000e+03
3.165000000000000000e+03
2.865000000000000000e+03
6.327000000000000000e+03
6.855000000000000000e+03
6.855000000000000000e+03
4.187000000000000000e+03
1.223800000000000000e+04
3.936000000000000000e+03
3.145000000000000000e+03
1.199000000000000000e+03
