5.152000000000000000e+04
7.075300000000000000e+04
7.931000000000000000e+04
5.673300000000000000e+04
7.330000000000000000e+04
7.658600000000000000e+04
8.257900000000000000e+04
8.199900000000000000e+04
8.036900000000000000e+04
9.958000000000000000e+04
8.704600000000000000e+04
6.767200000000000000e+04
7.528300000000000000e+04
9.903200000000000000e+04
6.410900000000000000e+04
6.596900000000000000e+04
6.597800000000000000e+04
6.838100000000000000e+04
8.322000000000000000e+04
7.874600000000000000e+04
7.429300000000000000e+04
7.877000000000000000e+04
7.384600000000000000e+04
8.344900000000000000e+04
6.166100000000000000e+04
8.838700000000000000e+04
7.309000000000000000e+04
8.262200000000000000e+04
8.942300000000000000e+04
8.827100000000000000e+04
6.298500000000000000e+04
7.579400000000000000e+04
6.816900000000000000e+04
8.132700000000000000e+04
6.829800000000000000e+04
9.505600000000000000e+04
8.566100000000000000e+04
7.307400000000000000e+04
7.342400000000000000e+04
8.054100000000000000e+04
7.688900000000000000e+04
5.917300000000000000e+04
7.520400000000000000e+04
7.402200000000000000e+04
7.307700000000000000e+04
8.430000000000000000e+04
7.489100000000000000e+04
7.099800000000000000e+04
9.966100000000000000e+04
9.399600000000000000e+04
