6.661600000000000000e+04
6.673900000000000000e+04
5.876400000000000000e+04
6.625500000000000000e+04
4.661500000000000000e+04
5.770500000000000000e+04
6.133900000000000000e+04
6.576000000000000000e+04
6.921200000000000000e+04
5.057700000000000000e+04
5.562900000000000000e+04
6.464700000000000000e+04
4.295400000000000000e+04
5.587800000000000000e+04
6.116800000000000000e+04
5.059400000000000000e+04
5.704500000000000000e+04
6.636600000000000000e+04
5.813000000000000000e+04
6.288000000000000000e+04
5.498700000000000000e+04
7.828300000000000000e+04
6.669300000000000000e+04
5.041700000000000000e+04
6.134400000000000000e+04
4.971800000000000000e+04
5.746100000000000000e+04
5.485400000000000000e+04
5.158300000000000000e+04
6.089000000000000000e+04
5.560400000000000000e+04
5.404000000000000000e+04
5.990300000000000000e+04
4.790400000000000000e+04
5.342800000000000000e+04
4.929400000000000000e+04
6.562600000000000000e+04
4.721700000000000000e+04
5.943800000000000000e+04
5.720800000000000000e+04
5.809800000000000000e+04
7.196600000000000000e+04
7.905700000000000000e+04
6.664000000000000000e+04
6.509700000000000000e+04
5.811400000000000000e+04
6.007700000000000000e+04
4.691800000000000000e+04
5.087300000000000000e+04
5.911600000000000000e+04
