5.816100000000000000e+04
5.494900000000000000e+04
6.993600000000000000e+04
5.713900000000000000e+04
6.690200000000000000e+04
5.650700000000000000e+04
6.065800000000000000e+04
5.559600000000000000e+04
6.238600000000000000e+04
5.240800000000000000e+04
4.894900000000000000e+04
5.735400000000000000e+04
5.743200000000000000e+04
5.835600000000000000e+04
5.915300000000000000e+04
7.096300000000000000e+04
6.452900000000000000e+04
5.758700000000000000e+04
5.468600000000000000e+04
5.187900000000000000e+04
5.826200000000000000e+04
6.340100000000000000e+04
6.251300000000000000e+04
6.709500000000000000e+04
6.624100000000000000e+04
5.581400000000000000e+04
5.289600000000000000e+04
6.465500000000000000e+04
7.193000000000000000e+04
5.046800000000000000e+04
6.134600000000000000e+04
6.016400000000000000e+04
6.613100000000000000e+04
5.995400000000000000e+04
6.575200000000000000e+04
5.668600000000000000e+04
5.883600000000000000e+04
5.803800000000000000e+04
5.930700000000000000e+04
6.656500000000000000e+04
7.172600000000000000e+04
5.226800000000000000e+04
6.185100000000000000e+04
5.831700000000000000e+04
6.683600000000000000e+04
5.503100000000000000e+04
5.511900000000000000e+04
6.201300000000000000e+04
5.481800000000000000e+04
5.164700000000000000e+04
