3.945800000000000000e+04
2.410600000000000000e+04
3.526500000000000000e+04
1.634800000000000000e+04
3.823400000000000000e+04
2.193900000000000000e+04
2.054300000000000000e+04
2.225300000000000000e+04
3.601600000000000000e+04
3.242600000000000000e+04
3.528600000000000000e+04
4.346900000000000000e+04
3.253700000000000000e+04
4.211400000000000000e+04
1.225100000000000000e+04
4.538600000000000000e+04
2.670800000000000000e+04
2.388600000000000000e+04
1.990700000000000000e+04
3.616100000000000000e+04
2.907200000000000000e+04
1.986400000000000000e+04
8.896000000000000000e+03
2.464900000000000000e+04
4.009400000000000000e+04
1.773800000000000000e+04
3.583100000000000000e+04
2.208900000000000000e+04
4.325200000000000000e+04
4.406300000000000000e+04
4.683000000000000000e+04
3.177100000000000000e+04
2.486000000000000000e+04
8.000000000000000000e+01
3.152500000000000000e+04
3.353100000000000000e+04
1.585700000000000000e+04
1.693000000000000000e+04
5.805700000000000000e+04
4.417500000000000000e+04
3.049100000000000000e+04
4.193200000000000000e+04
3.995200000000000000e+04
3.112900000000000000e+04
1.510300000000000000e+04
4.884600000000000000e+04
3.051400000000000000e+04
1.586900000000000000e+04
3.543800000000000000e+04
3.536600000000000000e+04
