5.833800000000000000e+04
9.015300000000000000e+04
4.921700000000000000e+04
6.137500000000000000e+04
4.669600000000000000e+04
3.223100000000000000e+04
5.684500000000000000e+04
9.480700000000000000e+04
8.478100000000000000e+04
7.886100000000000000e+04
4.288400000000000000e+04
9.307900000000000000e+04
6.714900000000000000e+04
6.925300000000000000e+04
2.093500000000000000e+04
5.899800000000000000e+04
5.384500000000000000e+04
7.419500000000000000e+04
5.544500000000000000e+04
6.568600000000000000e+04
7.501900000000000000e+04
8.994100000000000000e+04
5.982900000000000000e+04
6.190100000000000000e+04
5.014800000000000000e+04
5.989800000000000000e+04
3.831800000000000000e+04
7.215300000000000000e+04
2.991700000000000000e+04
3.264500000000000000e+04
7.464000000000000000e+04
6.074600000000000000e+04
9.103700000000000000e+04
7.016400000000000000e+04
9.162200000000000000e+04
3.761900000000000000e+04
4.929400000000000000e+04
3.779300000000000000e+04
6.678900000000000000e+04
5.602100000000000000e+04
6.219600000000000000e+04
6.967700000000000000e+04
4.987500000000000000e+04
5.105000000000000000e+04
5.838600000000000000e+04
6.111800000000000000e+04
6.041500000000000000e+04
5.112200000000000000e+04
7.694900000000000000e+04
7.540600000000000000e+04
