7.459500000000000000e+04
6.311100000000000000e+04
8.163700000000000000e+04
8.507400000000000000e+04
7.993200000000000000e+04
5.476300000000000000e+04
7.789900000000000000e+04
5.293700000000000000e+04
7.259800000000000000e+04
7.884400000000000000e+04
6.888600000000000000e+04
6.144300000000000000e+04
4.955100000000000000e+04
5.746800000000000000e+04
3.722000000000000000e+04
4.675400000000000000e+04
6.698300000000000000e+04
8.191200000000000000e+04
7.826800000000000000e+04
8.518800000000000000e+04
7.445800000000000000e+04
9.016800000000000000e+04
9.491500000000000000e+04
4.323700000000000000e+04
5.439700000000000000e+04
8.006500000000000000e+04
4.930000000000000000e+04
6.797400000000000000e+04
7.708100000000000000e+04
7.550200000000000000e+04
5.670300000000000000e+04
1.056110000000000000e+05
6.822300000000000000e+04
7.155400000000000000e+04
4.091700000000000000e+04
4.337500000000000000e+04
7.530300000000000000e+04
5.263500000000000000e+04
5.924700000000000000e+04
5.048700000000000000e+04
4.444500000000000000e+04
1.024400000000000000e+05
5.942400000000000000e+04
4.850500000000000000e+04
6.091400000000000000e+04
5.983000000000000000e+04
8.304200000000000000e+04
4.630200000000000000e+04
8.990700000000000000e+04
8.059700000000000000e+04
