6.082200000000000000e+04
6.016800000000000000e+04
1.034510000000000000e+05
8.359500000000000000e+04
7.422300000000000000e+04
8.340400000000000000e+04
9.537800000000000000e+04
9.396800000000000000e+04
8.666300000000000000e+04
9.004800000000000000e+04
9.456600000000000000e+04
1.392220000000000000e+05
6.885300000000000000e+04
8.235100000000000000e+04
8.501600000000000000e+04
9.728200000000000000e+04
6.757900000000000000e+04
3.839600000000000000e+04
1.185170000000000000e+05
6.867700000000000000e+04
7.275300000000000000e+04
1.021210000000000000e+05
1.238330000000000000e+05
9.032300000000000000e+04
9.533200000000000000e+04
9.264200000000000000e+04
8.166100000000000000e+04
7.650000000000000000e+04
5.929600000000000000e+04
9.460500000000000000e+04
9.722100000000000000e+04
8.625300000000000000e+04
9.233100000000000000e+04
8.662100000000000000e+04
4.940200000000000000e+04
1.171390000000000000e+05
7.292700000000000000e+04
1.158170000000000000e+05
8.147000000000000000e+04
7.456200000000000000e+04
8.916700000000000000e+04
5.057800000000000000e+04
8.029700000000000000e+04
9.354700000000000000e+04
7.551200000000000000e+04
7.248600000000000000e+04
8.517100000000000000e+04
8.594200000000000000e+04
5.371900000000000000e+04
9.101700000000000000e+04
