8.817900000000000000e+04
1.269710000000000000e+05
1.174300000000000000e+05
1.128450000000000000e+05
1.268550000000000000e+05
1.039550000000000000e+05
9.889700000000000000e+04
9.848300000000000000e+04
9.274100000000000000e+04
7.777400000000000000e+04
6.445400000000000000e+04
8.729300000000000000e+04
1.128900000000000000e+05
7.983500000000000000e+04
8.248400000000000000e+04
8.891700000000000000e+04
7.994300000000000000e+04
8.241900000000000000e+04
1.115230000000000000e+05
8.872700000000000000e+04
7.746400000000000000e+04
7.835400000000000000e+04
1.006320000000000000e+05
9.888600000000000000e+04
1.024000000000000000e+05
7.902500000000000000e+04
9.520700000000000000e+04
1.169510000000000000e+05
1.553580000000000000e+05
1.113450000000000000e+05
9.629700000000000000e+04
1.074510000000000000e+05
9.569900000000000000e+04
1.033560000000000000e+05
8.996500000000000000e+04
1.276780000000000000e+05
1.008810000000000000e+05
7.500200000000000000e+04
8.993900000000000000e+04
1.063070000000000000e+05
8.289300000000000000e+04
9.774700000000000000e+04
9.941200000000000000e+04
8.091100000000000000e+04
7.333900000000000000e+04
9.594900000000000000e+04
1.076300000000000000e+05
1.107540000000000000e+05
8.615600000000000000e+04
9.566100000000000000e+04
