4.621700000000000000e+04
3.677900000000000000e+04
5.691800000000000000e+04
2.276300000000000000e+04
5.262600000000000000e+04
7.167500000000000000e+04
5.055000000000000000e+04
2.196500000000000000e+04
3.380800000000000000e+04
3.611800000000000000e+04
3.189500000000000000e+04
4.521500000000000000e+04
4.802300000000000000e+04
2.111200000000000000e+04
5.109800000000000000e+04
3.455300000000000000e+04
7.645700000000000000e+04
3.207400000000000000e+04
2.825000000000000000e+04
3.256200000000000000e+04
3.099600000000000000e+04
4.024000000000000000e+04
1.989000000000000000e+04
5.768300000000000000e+04
4.523800000000000000e+04
4.340600000000000000e+04
3.029100000000000000e+04
2.313600000000000000e+04
4.076900000000000000e+04
3.914000000000000000e+04
4.819500000000000000e+04
2.986300000000000000e+04
3.814700000000000000e+04
3.652900000000000000e+04
3.022700000000000000e+04
1.071700000000000000e+04
4.276500000000000000e+04
6.377300000000000000e+04
3.973000000000000000e+04
2.402200000000000000e+04
5.367900000000000000e+04
5.056000000000000000e+04
2.448700000000000000e+04
3.827100000000000000e+04
5.247800000000000000e+04
1.239800000000000000e+04
4.662700000000000000e+04
4.852300000000000000e+04
4.022300000000000000e+04
2.357400000000000000e+04
