8.771500000000000000e+04
9.136000000000000000e+04
7.774600000000000000e+04
8.356300000000000000e+04
1.186480000000000000e+05
1.150660000000000000e+05
1.343790000000000000e+05
9.142700000000000000e+04
6.664700000000000000e+04
8.096900000000000000e+04
9.465800000000000000e+04
1.179840000000000000e+05
9.358900000000000000e+04
9.922800000000000000e+04
7.955700000000000000e+04
6.850200000000000000e+04
9.479600000000000000e+04
7.780800000000000000e+04
1.073530000000000000e+05
8.248200000000000000e+04
6.999600000000000000e+04
9.424900000000000000e+04
1.344820000000000000e+05
1.279920000000000000e+05
7.183400000000000000e+04
1.033780000000000000e+05
8.893700000000000000e+04
9.609100000000000000e+04
1.165460000000000000e+05
1.277860000000000000e+05
1.026360000000000000e+05
1.230740000000000000e+05
1.056730000000000000e+05
7.254800000000000000e+04
8.618700000000000000e+04
9.483000000000000000e+04
8.722200000000000000e+04
8.244800000000000000e+04
1.035330000000000000e+05
1.159650000000000000e+05
5.479500000000000000e+04
1.103080000000000000e+05
1.305000000000000000e+05
1.101820000000000000e+05
1.189240000000000000e+05
1.008820000000000000e+05
8.822300000000000000e+04
9.520500000000000000e+04
9.347000000000000000e+04
8.181100000000000000e+04
