5.277600000000000000e+04
8.672100000000000000e+04
1.133600000000000000e+05
7.021800000000000000e+04
8.204200000000000000e+04
8.903200000000000000e+04
8.373700000000000000e+04
9.358700000000000000e+04
9.698700000000000000e+04
7.763700000000000000e+04
8.283000000000000000e+04
1.535400000000000000e+05
8.495900000000000000e+04
1.050220000000000000e+05
9.419900000000000000e+04
1.147140000000000000e+05
1.127680000000000000e+05
5.834900000000000000e+04
1.190520000000000000e+05
7.476600000000000000e+04
7.361500000000000000e+04
8.410000000000000000e+04
1.143980000000000000e+05
9.318500000000000000e+04
8.139300000000000000e+04
8.583800000000000000e+04
6.241700000000000000e+04
1.028650000000000000e+05
7.743600000000000000e+04
9.523200000000000000e+04
8.523000000000000000e+04
8.195600000000000000e+04
1.009500000000000000e+05
9.829400000000000000e+04
8.018100000000000000e+04
1.249410000000000000e+05
9.279300000000000000e+04
1.081940000000000000e+05
5.276700000000000000e+04
8.799400000000000000e+04
9.809500000000000000e+04
7.838300000000000000e+04
1.069350000000000000e+05
9.423300000000000000e+04
8.233800000000000000e+04
8.771200000000000000e+04
9.696600000000000000e+04
9.190200000000000000e+04
5.930800000000000000e+04
8.541400000000000000e+04
