1.090780000000000000e+05
9.289800000000000000e+04
1.053070000000000000e+05
1.104680000000000000e+05
1.091530000000000000e+05
1.046440000000000000e+05
9.884700000000000000e+04
8.798900000000000000e+04
1.192200000000000000e+05
1.051410000000000000e+05
1.026380000000000000e+05
8.290800000000000000e+04
1.113950000000000000e+05
1.152290000000000000e+05
1.419310000000000000e+05
1.217960000000000000e+05
1.291490000000000000e+05
1.227580000000000000e+05
9.733600000000000000e+04
1.121810000000000000e+05
8.193800000000000000e+04
1.106580000000000000e+05
1.105460000000000000e+05
9.797300000000000000e+04
9.039400000000000000e+04
8.476900000000000000e+04
1.132190000000000000e+05
1.341480000000000000e+05
1.024590000000000000e+05
9.213100000000000000e+04
1.211480000000000000e+05
8.518200000000000000e+04
1.461650000000000000e+05
9.941600000000000000e+04
9.418300000000000000e+04
1.508070000000000000e+05
1.157100000000000000e+05
1.407290000000000000e+05
1.325490000000000000e+05
7.772700000000000000e+04
1.099740000000000000e+05
9.547100000000000000e+04
1.290250000000000000e+05
1.062280000000000000e+05
9.388600000000000000e+04
1.551940000000000000e+05
1.060380000000000000e+05
1.319910000000000000e+05
7.653500000000000000e+04
8.340400000000000000e+04
