5.534000000000000000e+04
6.351500000000000000e+04
5.324600000000000000e+04
6.932300000000000000e+04
5.910800000000000000e+04
5.380900000000000000e+04
5.073700000000000000e+04
5.468200000000000000e+04
5.260500000000000000e+04
4.495400000000000000e+04
6.462400000000000000e+04
4.836100000000000000e+04
4.600800000000000000e+04
6.503700000000000000e+04
5.241700000000000000e+04
3.830900000000000000e+04
7.785700000000000000e+04
4.909200000000000000e+04
7.152800000000000000e+04
6.544000000000000000e+04
5.712500000000000000e+04
5.969600000000000000e+04
6.345500000000000000e+04
4.473900000000000000e+04
6.568400000000000000e+04
5.374100000000000000e+04
6.709000000000000000e+04
4.980300000000000000e+04
4.594400000000000000e+04
4.327300000000000000e+04
7.437000000000000000e+04
5.125100000000000000e+04
5.157600000000000000e+04
6.998600000000000000e+04
4.302000000000000000e+04
5.333200000000000000e+04
5.675600000000000000e+04
5.727200000000000000e+04
5.455400000000000000e+04
6.711800000000000000e+04
5.481600000000000000e+04
5.745300000000000000e+04
4.576100000000000000e+04
7.368700000000000000e+04
5.482100000000000000e+04
6.398600000000000000e+04
5.910700000000000000e+04
6.026300000000000000e+04
6.384700000000000000e+04
5.251300000000000000e+04
