7.235500000000000000e+04
5.716400000000000000e+04
4.204100000000000000e+04
4.436200000000000000e+04
4.063000000000000000e+04
4.210300000000000000e+04
5.554100000000000000e+04
4.826400000000000000e+04
4.492400000000000000e+04
5.622400000000000000e+04
4.755000000000000000e+04
6.032500000000000000e+04
4.939300000000000000e+04
3.980200000000000000e+04
5.427800000000000000e+04
4.616400000000000000e+04
3.742400000000000000e+04
6.488500000000000000e+04
4.889200000000000000e+04
4.351200000000000000e+04
5.000300000000000000e+04
5.997500000000000000e+04
8.393000000000000000e+04
6.877700000000000000e+04
5.365600000000000000e+04
3.333300000000000000e+04
3.769800000000000000e+04
3.395400000000000000e+04
4.469600000000000000e+04
5.164300000000000000e+04
6.063200000000000000e+04
5.346000000000000000e+04
4.307600000000000000e+04
4.842000000000000000e+04
5.704100000000000000e+04
5.166700000000000000e+04
5.411400000000000000e+04
5.534200000000000000e+04
4.930200000000000000e+04
4.670300000000000000e+04
5.742500000000000000e+04
6.677500000000000000e+04
4.712400000000000000e+04
3.729600000000000000e+04
6.053200000000000000e+04
5.181100000000000000e+04
6.114400000000000000e+04
4.761700000000000000e+04
4.721600000000000000e+04
3.824500000000000000e+04
