7.953300000000000000e+04
7.018200000000000000e+04
7.982400000000000000e+04
7.354300000000000000e+04
7.422400000000000000e+04
6.184200000000000000e+04
7.686900000000000000e+04
7.677900000000000000e+04
7.137900000000000000e+04
8.181900000000000000e+04
9.121000000000000000e+04
8.226000000000000000e+04
7.572000000000000000e+04
6.375600000000000000e+04
8.099000000000000000e+04
9.807400000000000000e+04
7.834900000000000000e+04
1.014910000000000000e+05
7.268600000000000000e+04
8.323600000000000000e+04
1.071630000000000000e+05
8.446600000000000000e+04
8.213100000000000000e+04
7.419500000000000000e+04
7.729200000000000000e+04
7.340300000000000000e+04
6.924300000000000000e+04
7.527700000000000000e+04
7.421300000000000000e+04
7.282800000000000000e+04
7.248700000000000000e+04
8.609800000000000000e+04
8.915100000000000000e+04
7.786100000000000000e+04
8.890600000000000000e+04
7.361200000000000000e+04
9.099100000000000000e+04
8.129700000000000000e+04
8.502700000000000000e+04
7.904100000000000000e+04
6.266800000000000000e+04
8.790400000000000000e+04
1.111480000000000000e+05
7.857300000000000000e+04
1.006130000000000000e+05
8.759300000000000000e+04
7.156900000000000000e+04
7.716400000000000000e+04
9.537800000000000000e+04
8.452300000000000000e+04
