5.124100000000000000e+04
6.708800000000000000e+04
5.820500000000000000e+04
8.675300000000000000e+04
5.889900000000000000e+04
8.187700000000000000e+04
5.444000000000000000e+04
6.284300000000000000e+04
5.431200000000000000e+04
7.797700000000000000e+04
5.455300000000000000e+04
5.267300000000000000e+04
6.845400000000000000e+04
6.161000000000000000e+04
6.804400000000000000e+04
6.106600000000000000e+04
6.357300000000000000e+04
6.868000000000000000e+04
7.352600000000000000e+04
8.041400000000000000e+04
6.120900000000000000e+04
4.948100000000000000e+04
6.861700000000000000e+04
5.666600000000000000e+04
8.747400000000000000e+04
4.376900000000000000e+04
8.272300000000000000e+04
7.955100000000000000e+04
6.313600000000000000e+04
5.171700000000000000e+04
5.808700000000000000e+04
7.012600000000000000e+04
6.647700000000000000e+04
6.251700000000000000e+04
7.375000000000000000e+04
6.075700000000000000e+04
7.534300000000000000e+04
6.368700000000000000e+04
7.646700000000000000e+04
6.508800000000000000e+04
6.286500000000000000e+04
6.905100000000000000e+04
8.045200000000000000e+04
5.818300000000000000e+04
7.731600000000000000e+04
6.706200000000000000e+04
6.706800000000000000e+04
5.299300000000000000e+04
6.400600000000000000e+04
5.969400000000000000e+04
