9.081900000000000000e+04
9.594700000000000000e+04
9.879100000000000000e+04
1.035640000000000000e+05
9.441600000000000000e+04
8.953000000000000000e+04
8.663800000000000000e+04
6.982900000000000000e+04
8.546000000000000000e+04
7.783800000000000000e+04
1.089820000000000000e+05
5.952400000000000000e+04
9.377500000000000000e+04
8.653100000000000000e+04
8.168600000000000000e+04
9.077500000000000000e+04
9.626700000000000000e+04
9.420900000000000000e+04
9.497200000000000000e+04
8.807800000000000000e+04
8.044700000000000000e+04
1.019960000000000000e+05
9.415000000000000000e+04
8.408400000000000000e+04
8.087600000000000000e+04
1.090640000000000000e+05
8.821800000000000000e+04
9.250400000000000000e+04
9.776400000000000000e+04
9.219000000000000000e+04
1.066380000000000000e+05
9.917900000000000000e+04
8.310200000000000000e+04
1.038760000000000000e+05
8.984300000000000000e+04
9.448500000000000000e+04
8.918800000000000000e+04
1.075820000000000000e+05
9.083900000000000000e+04
9.563300000000000000e+04
9.507600000000000000e+04
8.309000000000000000e+04
1.047770000000000000e+05
1.007950000000000000e+05
9.233400000000000000e+04
9.943000000000000000e+04
1.030320000000000000e+05
1.201300000000000000e+05
7.606300000000000000e+04
7.479800000000000000e+04
