7.801400000000000000e+04
7.285500000000000000e+04
8.408000000000000000e+04
8.618700000000000000e+04
8.240300000000000000e+04
1.079150000000000000e+05
6.927100000000000000e+04
8.363800000000000000e+04
9.707200000000000000e+04
7.591900000000000000e+04
7.641700000000000000e+04
1.107200000000000000e+05
8.465900000000000000e+04
7.215300000000000000e+04
8.762600000000000000e+04
1.035240000000000000e+05
1.190820000000000000e+05
7.503000000000000000e+04
9.586200000000000000e+04
6.897200000000000000e+04
1.098970000000000000e+05
5.578400000000000000e+04
1.066960000000000000e+05
9.000400000000000000e+04
9.266300000000000000e+04
8.370400000000000000e+04
8.207600000000000000e+04
9.166100000000000000e+04
8.344300000000000000e+04
8.122900000000000000e+04
1.008450000000000000e+05
9.107800000000000000e+04
7.943900000000000000e+04
8.539000000000000000e+04
8.464100000000000000e+04
1.165340000000000000e+05
1.105770000000000000e+05
7.535600000000000000e+04
9.265000000000000000e+04
1.014090000000000000e+05
9.004700000000000000e+04
8.412000000000000000e+04
7.342700000000000000e+04
1.073100000000000000e+05
9.295900000000000000e+04
9.960500000000000000e+04
8.522300000000000000e+04
7.165500000000000000e+04
9.332700000000000000e+04
1.052320000000000000e+05
