1.035200000000000000e+04
5.184700000000000000e+04
1.184500000000000000e+04
2.273600000000000000e+04
1.798700000000000000e+04
3.436600000000000000e+04
2.660100000000000000e+04
5.120000000000000000e+02
4.129300000000000000e+04
3.145600000000000000e+04
2.591100000000000000e+04
3.020100000000000000e+04
4.794100000000000000e+04
2.956400000000000000e+04
3.782500000000000000e+04
4.656800000000000000e+04
2.676900000000000000e+04
2.245700000000000000e+04
3.060900000000000000e+04
3.698100000000000000e+04
1.120400000000000000e+04
4.790000000000000000e+04
4.784000000000000000e+04
1.499800000000000000e+04
3.614100000000000000e+04
1.137400000000000000e+04
1.948800000000000000e+04
4.235100000000000000e+04
3.524500000000000000e+04
2.891700000000000000e+04
2.982700000000000000e+04
3.138900000000000000e+04
1.423500000000000000e+04
1.039100000000000000e+04
2.268700000000000000e+04
3.274300000000000000e+04
3.638200000000000000e+04
2.203000000000000000e+04
1.047300000000000000e+04
1.000000000000000000e+04
2.728400000000000000e+04
2.450400000000000000e+04
1.619000000000000000e+04
5.081600000000000000e+04
4.531200000000000000e+04
1.836900000000000000e+04
2.745300000000000000e+04
3.596700000000000000e+04
4.379400000000000000e+04
3.186200000000000000e+04
