5.606900000000000000e+04
5.668900000000000000e+04
6.996200000000000000e+04
5.455900000000000000e+04
4.049500000000000000e+04
6.180000000000000000e+04
5.588200000000000000e+04
6.272200000000000000e+04
6.515700000000000000e+04
7.184900000000000000e+04
4.374300000000000000e+04
7.920500000000000000e+04
8.090700000000000000e+04
5.437900000000000000e+04
8.363800000000000000e+04
5.536400000000000000e+04
3.667000000000000000e+04
7.528900000000000000e+04
7.936000000000000000e+04
1.027880000000000000e+05
6.812700000000000000e+04
5.205900000000000000e+04
6.439300000000000000e+04
6.315300000000000000e+04
7.507600000000000000e+04
6.380200000000000000e+04
8.892300000000000000e+04
6.550700000000000000e+04
6.141000000000000000e+04
6.513600000000000000e+04
5.235900000000000000e+04
5.198000000000000000e+04
7.399300000000000000e+04
5.596400000000000000e+04
9.077400000000000000e+04
5.217500000000000000e+04
6.091900000000000000e+04
6.717600000000000000e+04
7.439900000000000000e+04
7.056200000000000000e+04
5.988300000000000000e+04
5.046800000000000000e+04
4.899100000000000000e+04
7.218100000000000000e+04
5.526700000000000000e+04
3.046300000000000000e+04
7.868100000000000000e+04
6.925100000000000000e+04
7.581200000000000000e+04
5.573300000000000000e+04
