6.200000000000000000e+03
3.124400000000000000e+04
6.758000000000000000e+03
2.218500000000000000e+04
1.877000000000000000e+04
1.131600000000000000e+04
2.163900000000000000e+04
2.402500000000000000e+04
3.552700000000000000e+04
1.804100000000000000e+04
2.545800000000000000e+04
2.556600000000000000e+04
4.109100000000000000e+04
2.369800000000000000e+04
2.044700000000000000e+04
5.045800000000000000e+04
1.968500000000000000e+04
1.117100000000000000e+04
3.532800000000000000e+04
2.084700000000000000e+04
2.652900000000000000e+04
2.014900000000000000e+04
1.630800000000000000e+04
1.570800000000000000e+04
2.969300000000000000e+04
1.594200000000000000e+04
3.015000000000000000e+04
4.538900000000000000e+04
2.915800000000000000e+04
5.979000000000000000e+03
2.494800000000000000e+04
2.062900000000000000e+04
1.549000000000000000e+04
1.698300000000000000e+04
2.515200000000000000e+04
5.447000000000000000e+03
1.281800000000000000e+04
2.301200000000000000e+04
0.000000000000000000e+00
3.624000000000000000e+03
1.110100000000000000e+04
2.934400000000000000e+04
5.467000000000000000e+03
2.911500000000000000e+04
2.027800000000000000e+04
2.453900000000000000e+04
1.234300000000000000e+04
4.953400000000000000e+04
1.074500000000000000e+04
3.116100000000000000e+04
