8.705800000000000000e+04
6.699400000000000000e+04
5.972300000000000000e+04
7.529900000000000000e+04
7.164400000000000000e+04
8.892700000000000000e+04
6.198600000000000000e+04
7.382300000000000000e+04
7.709300000000000000e+04
7.145900000000000000e+04
5.942800000000000000e+04
7.005700000000000000e+04
9.712500000000000000e+04
5.944700000000000000e+04
7.826200000000000000e+04
7.218700000000000000e+04
3.474600000000000000e+04
8.094200000000000000e+04
7.848900000000000000e+04
9.487400000000000000e+04
7.006400000000000000e+04
6.595300000000000000e+04
6.732000000000000000e+04
7.179000000000000000e+04
7.757700000000000000e+04
5.822000000000000000e+04
8.789500000000000000e+04
9.280300000000000000e+04
7.251400000000000000e+04
9.273200000000000000e+04
5.705200000000000000e+04
6.206700000000000000e+04
6.627000000000000000e+04
6.297600000000000000e+04
7.927000000000000000e+04
7.111200000000000000e+04
7.051200000000000000e+04
7.109200000000000000e+04
7.693300000000000000e+04
8.636700000000000000e+04
8.576100000000000000e+04
7.122400000000000000e+04
6.266700000000000000e+04
8.111000000000000000e+04
5.856300000000000000e+04
6.658800000000000000e+04
7.680400000000000000e+04
6.444500000000000000e+04
8.631800000000000000e+04
6.103100000000000000e+04
