3.919900000000000000e+04
3.178700000000000000e+04
3.139500000000000000e+04
4.381700000000000000e+04
1.461900000000000000e+04
2.667700000000000000e+04
5.037600000000000000e+04
1.931300000000000000e+04
3.879500000000000000e+04
3.425100000000000000e+04
1.473500000000000000e+04
3.044600000000000000e+04
4.261400000000000000e+04
2.228500000000000000e+04
4.068300000000000000e+04
5.649700000000000000e+04
3.372500000000000000e+04
1.999600000000000000e+04
2.075800000000000000e+04
3.160300000000000000e+04
4.194300000000000000e+04
4.938200000000000000e+04
3.096600000000000000e+04
3.267600000000000000e+04
4.718200000000000000e+04
4.985000000000000000e+04
4.547100000000000000e+04
1.881800000000000000e+04
2.985200000000000000e+04
3.320000000000000000e+04
2.110400000000000000e+04
3.464200000000000000e+04
2.089100000000000000e+04
3.356800000000000000e+04
3.977000000000000000e+04
1.089500000000000000e+04
4.887300000000000000e+04
1.686700000000000000e+04
3.133200000000000000e+04
2.336100000000000000e+04
2.400700000000000000e+04
4.169100000000000000e+04
2.479800000000000000e+04
2.573700000000000000e+04
1.874700000000000000e+04
1.911100000000000000e+04
4.587200000000000000e+04
2.017500000000000000e+04
5.498400000000000000e+04
4.476700000000000000e+04
