4.910900000000000000e+04
8.167400000000000000e+04
7.965200000000000000e+04
5.695200000000000000e+04
5.847200000000000000e+04
5.938000000000000000e+04
6.307900000000000000e+04
7.388700000000000000e+04
7.380800000000000000e+04
4.925400000000000000e+04
6.505300000000000000e+04
4.345200000000000000e+04
4.275300000000000000e+04
5.434300000000000000e+04
7.854200000000000000e+04
8.142000000000000000e+04
2.969700000000000000e+04
5.793900000000000000e+04
7.577100000000000000e+04
6.091800000000000000e+04
5.929500000000000000e+04
4.919800000000000000e+04
6.731400000000000000e+04
5.702900000000000000e+04
4.919000000000000000e+04
3.928000000000000000e+04
5.154000000000000000e+04
5.623600000000000000e+04
5.283700000000000000e+04
5.610700000000000000e+04
7.103100000000000000e+04
7.675300000000000000e+04
6.246200000000000000e+04
6.700400000000000000e+04
5.339600000000000000e+04
7.367700000000000000e+04
7.164600000000000000e+04
6.318700000000000000e+04
7.295100000000000000e+04
5.274200000000000000e+04
6.585600000000000000e+04
6.918100000000000000e+04
5.772600000000000000e+04
7.778100000000000000e+04
4.219400000000000000e+04
5.902500000000000000e+04
3.469900000000000000e+04
6.231200000000000000e+04
5.271300000000000000e+04
6.072900000000000000e+04
