5.880400000000000000e+04
5.319000000000000000e+04
6.322300000000000000e+04
7.553800000000000000e+04
8.772400000000000000e+04
7.012000000000000000e+04
7.531500000000000000e+04
5.102500000000000000e+04
6.920700000000000000e+04
5.713000000000000000e+04
6.694400000000000000e+04
8.663600000000000000e+04
4.045600000000000000e+04
7.522500000000000000e+04
5.262900000000000000e+04
1.008940000000000000e+05
5.330700000000000000e+04
5.603700000000000000e+04
7.963900000000000000e+04
8.560800000000000000e+04
9.050200000000000000e+04
5.571900000000000000e+04
5.679800000000000000e+04
6.264800000000000000e+04
6.765800000000000000e+04
5.677000000000000000e+04
5.220700000000000000e+04
9.755700000000000000e+04
7.325100000000000000e+04
5.181500000000000000e+04
8.547000000000000000e+04
4.746600000000000000e+04
7.232200000000000000e+04
4.442900000000000000e+04
4.703600000000000000e+04
5.097100000000000000e+04
6.801200000000000000e+04
4.129200000000000000e+04
4.667200000000000000e+04
4.932900000000000000e+04
5.686300000000000000e+04
7.128300000000000000e+04
5.025700000000000000e+04
8.824800000000000000e+04
2.872900000000000000e+04
3.834400000000000000e+04
6.844300000000000000e+04
4.445100000000000000e+04
4.154700000000000000e+04
7.852500000000000000e+04
