6.417000000000000000e+04
9.408300000000000000e+04
7.780400000000000000e+04
7.340100000000000000e+04
1.045840000000000000e+05
1.022300000000000000e+05
6.571600000000000000e+04
4.904600000000000000e+04
7.811500000000000000e+04
7.813300000000000000e+04
7.880700000000000000e+04
7.108800000000000000e+04
6.830300000000000000e+04
8.217400000000000000e+04
6.744100000000000000e+04
9.231200000000000000e+04
7.869000000000000000e+04
5.829800000000000000e+04
6.795600000000000000e+04
8.625500000000000000e+04
8.504600000000000000e+04
8.626400000000000000e+04
8.230300000000000000e+04
6.379900000000000000e+04
9.374600000000000000e+04
9.970700000000000000e+04
7.337800000000000000e+04
9.327900000000000000e+04
7.651400000000000000e+04
9.346100000000000000e+04
8.175500000000000000e+04
7.859600000000000000e+04
6.847900000000000000e+04
4.861000000000000000e+04
8.839600000000000000e+04
8.107700000000000000e+04
6.152000000000000000e+04
6.454400000000000000e+04
4.983900000000000000e+04
7.494300000000000000e+04
9.118600000000000000e+04
8.026000000000000000e+04
6.334400000000000000e+04
9.585500000000000000e+04
9.072900000000000000e+04
8.119300000000000000e+04
7.275400000000000000e+04
7.697100000000000000e+04
4.642700000000000000e+04
1.038520000000000000e+05
