1.450580000000000000e+05
1.380290000000000000e+05
1.534130000000000000e+05
1.240970000000000000e+05
1.309770000000000000e+05
1.369530000000000000e+05
1.462370000000000000e+05
1.418040000000000000e+05
1.322290000000000000e+05
1.202470000000000000e+05
1.366320000000000000e+05
1.439700000000000000e+05
1.286430000000000000e+05
1.350710000000000000e+05
1.399090000000000000e+05
1.361140000000000000e+05
1.436630000000000000e+05
1.440190000000000000e+05
1.266160000000000000e+05
1.345890000000000000e+05
1.378460000000000000e+05
1.553720000000000000e+05
1.614830000000000000e+05
1.249090000000000000e+05
1.493100000000000000e+05
1.337080000000000000e+05
1.264780000000000000e+05
1.427570000000000000e+05
1.302710000000000000e+05
1.409040000000000000e+05
1.473700000000000000e+05
1.365550000000000000e+05
1.416350000000000000e+05
1.387590000000000000e+05
1.228550000000000000e+05
1.422010000000000000e+05
1.281220000000000000e+05
1.582140000000000000e+05
1.314110000000000000e+05
1.331910000000000000e+05
1.384380000000000000e+05
1.338890000000000000e+05
1.502990000000000000e+05
1.394030000000000000e+05
1.451430000000000000e+05
1.292540000000000000e+05
1.547020000000000000e+05
1.257420000000000000e+05
1.557930000000000000e+05
1.502220000000000000e+05
