8.188900000000000000e+04
9.222500000000000000e+04
9.481100000000000000e+04
8.888700000000000000e+04
8.702900000000000000e+04
1.065380000000000000e+05
9.635200000000000000e+04
8.646000000000000000e+04
9.606000000000000000e+04
9.796400000000000000e+04
9.041800000000000000e+04
1.098340000000000000e+05
8.242100000000000000e+04
1.029870000000000000e+05
1.113410000000000000e+05
9.881300000000000000e+04
8.837000000000000000e+04
1.057120000000000000e+05
9.347000000000000000e+04
1.024370000000000000e+05
1.073460000000000000e+05
9.290100000000000000e+04
9.883300000000000000e+04
1.073110000000000000e+05
1.050110000000000000e+05
8.692600000000000000e+04
9.772500000000000000e+04
1.009280000000000000e+05
9.877100000000000000e+04
8.433700000000000000e+04
9.309700000000000000e+04
8.592900000000000000e+04
1.062520000000000000e+05
8.962100000000000000e+04
9.126200000000000000e+04
9.283500000000000000e+04
9.371200000000000000e+04
9.484900000000000000e+04
9.490700000000000000e+04
9.099000000000000000e+04
9.722900000000000000e+04
8.426900000000000000e+04
9.332500000000000000e+04
8.174800000000000000e+04
9.868300000000000000e+04
9.394500000000000000e+04
9.384900000000000000e+04
7.647500000000000000e+04
9.661700000000000000e+04
1.088100000000000000e+05
