2.257170000000000000e+05
2.257170000000000000e+05
2.257170000000000000e+05
2.257170000000000000e+05
2.257170000000000000e+05
2.257170000000000000e+05
2.257170000000000000e+05
2.257170000000000000e+05
2.257170000000000000e+05
2.257170000000000000e+05
2.257170000000000000e+05
2.257170000000000000e+05
2.257170000000000000e+05
2.257170000000000000e+05
2.257170000000000000e+05
2.257170000000000000e+05
2.257170000000000000e+05
2.257170000000000000e+05
2.257170000000000000e+05
2.257170000000000000e+05
2.257170000000000000e+05
2.257170000000000000e+05
2.257170000000000000e+05
2.257170000000000000e+05
2.257170000000000000e+05
2.257170000000000000e+05
2.257170000000000000e+05
2.257170000000000000e+05
2.257170000000000000e+05
2.257170000000000000e+05
2.257170000000000000e+05
2.257170000000000000e+05
2.257170000000000000e+05
2.257170000000000000e+05
2.257170000000000000e+05
2.257170000000000000e+05
2.257170000000000000e+05
2.257170000000000000e+05
2.257170000000000000e+05
2.257170000000000000e+05
2.257170000000000000e+05
2.257170000000000000e+05
2.257170000000000000e+05
2.257170000000000000e+05
2.257170000000000000e+05
2.257170000000000000e+05
2.257170000000000000e+05
2.257170000000000000e+05
2.257170000000000000e+05
2.257170000000000000e+05
