2.712260000000000000e+05
2.712260000000000000e+05
2.712260000000000000e+05
2.712260000000000000e+05
2.712260000000000000e+05
2.712260000000000000e+05
2.712260000000000000e+05
2.712260000000000000e+05
2.712260000000000000e+05
2.712260000000000000e+05
2.712260000000000000e+05
2.712260000000000000e+05
2.712260000000000000e+05
2.712260000000000000e+05
2.712260000000000000e+05
2.712260000000000000e+05
2.712260000000000000e+05
2.712260000000000000e+05
2.712260000000000000e+05
2.712260000000000000e+05
2.712260000000000000e+05
2.712260000000000000e+05
2.712260000000000000e+05
2.712260000000000000e+05
2.712260000000000000e+05
2.712260000000000000e+05
2.712260000000000000e+05
2.712260000000000000e+05
2.712260000000000000e+05
2.712260000000000000e+05
2.712260000000000000e+05
2.712260000000000000e+05
2.712260000000000000e+05
2.712260000000000000e+05
2.712260000000000000e+05
2.712260000000000000e+05
2.712260000000000000e+05
2.712260000000000000e+05
2.712260000000000000e+05
2.712260000000000000e+05
2.712260000000000000e+05
2.712260000000000000e+05
2.712260000000000000e+05
2.712260000000000000e+05
2.712260000000000000e+05
2.712260000000000000e+05
2.712260000000000000e+05
2.712260000000000000e+05
2.712260000000000000e+05
2.712260000000000000e+05
