2.676400000000000000e+05
1.801220000000000000e+05
2.431750000000000000e+05
2.160030000000000000e+05
2.647670000000000000e+05
3.876210000000000000e+05
3.683370000000000000e+05
3.208660000000000000e+05
1.570430000000000000e+05
2.849450000000000000e+05
1.900280000000000000e+05
3.944480000000000000e+05
3.273820000000000000e+05
3.064870000000000000e+05
3.636380000000000000e+05
1.770590000000000000e+05
2.993780000000000000e+05
1.867000000000000000e+05
3.863700000000000000e+05
4.299100000000000000e+05
3.144770000000000000e+05
1.443610000000000000e+05
3.123570000000000000e+05
3.413350000000000000e+05
3.776560000000000000e+05
3.268350000000000000e+05
3.589960000000000000e+05
2.800460000000000000e+05
2.466930000000000000e+05
3.187050000000000000e+05
2.943840000000000000e+05
1.780650000000000000e+05
3.493410000000000000e+05
3.013930000000000000e+05
3.868240000000000000e+05
2.635930000000000000e+05
2.237410000000000000e+05
3.881720000000000000e+05
2.028360000000000000e+05
2.431240000000000000e+05
1.840060000000000000e+05
3.185390000000000000e+05
3.621650000000000000e+05
1.813630000000000000e+05
2.133200000000000000e+05
4.268330000000000000e+05
2.897520000000000000e+05
1.916080000000000000e+05
3.390260000000000000e+05
1.209840000000000000e+05
