1.058980000000000000e+05
1.080930000000000000e+05
8.237400000000000000e+04
9.833900000000000000e+04
4.605300000000000000e+04
1.123330000000000000e+05
8.776100000000000000e+04
1.142580000000000000e+05
8.432800000000000000e+04
1.427730000000000000e+05
5.882900000000000000e+04
4.221500000000000000e+04
1.109340000000000000e+05
2.089040000000000000e+05
5.239100000000000000e+04
1.275490000000000000e+05
7.084900000000000000e+04
1.659020000000000000e+05
8.450300000000000000e+04
7.114300000000000000e+04
1.228180000000000000e+05
2.509180000000000000e+05
1.703510000000000000e+05
6.758700000000000000e+04
2.315930000000000000e+05
6.182300000000000000e+04
1.103300000000000000e+05
9.123000000000000000e+04
1.969890000000000000e+05
1.187080000000000000e+05
1.255780000000000000e+05
7.155300000000000000e+04
1.626940000000000000e+05
4.479400000000000000e+04
5.362200000000000000e+04
8.697900000000000000e+04
2.014510000000000000e+05
1.267510000000000000e+05
2.903500000000000000e+04
1.371790000000000000e+05
9.448700000000000000e+04
6.052000000000000000e+04
2.048800000000000000e+04
1.472760000000000000e+05
1.525710000000000000e+05
1.631910000000000000e+05
1.403430000000000000e+05
1.116870000000000000e+05
9.861200000000000000e+04
3.712600000000000000e+04
