4.756710000000000000e+05
4.339230000000000000e+05
3.845750000000000000e+05
4.804460000000000000e+05
5.060520000000000000e+05
5.074160000000000000e+05
3.963050000000000000e+05
4.862390000000000000e+05
4.377470000000000000e+05
4.524860000000000000e+05
4.297610000000000000e+05
4.888760000000000000e+05
5.011650000000000000e+05
3.889920000000000000e+05
5.175810000000000000e+05
4.279140000000000000e+05
4.471750000000000000e+05
4.892650000000000000e+05
4.709260000000000000e+05
4.649550000000000000e+05
4.295670000000000000e+05
4.270560000000000000e+05
5.221080000000000000e+05
4.616510000000000000e+05
4.428020000000000000e+05
4.139110000000000000e+05
4.069390000000000000e+05
4.863490000000000000e+05
4.977290000000000000e+05
4.149090000000000000e+05
4.339500000000000000e+05
4.168270000000000000e+05
4.600020000000000000e+05
4.551970000000000000e+05
4.528780000000000000e+05
5.086040000000000000e+05
4.332480000000000000e+05
4.372710000000000000e+05
4.172510000000000000e+05
5.105240000000000000e+05
5.310030000000000000e+05
4.482830000000000000e+05
4.884540000000000000e+05
4.461280000000000000e+05
4.550040000000000000e+05
5.068650000000000000e+05
4.729830000000000000e+05
4.751560000000000000e+05
4.513560000000000000e+05
4.701440000000000000e+05
