2.207020000000000000e+05
1.896590000000000000e+05
1.984560000000000000e+05
2.717680000000000000e+05
1.145550000000000000e+05
1.482090000000000000e+05
2.318010000000000000e+05
2.137920000000000000e+05
3.156040000000000000e+05
3.170630000000000000e+05
2.713250000000000000e+05
2.638870000000000000e+05
2.434560000000000000e+05
2.813440000000000000e+05
2.466210000000000000e+05
2.885100000000000000e+05
3.895430000000000000e+05
1.725180000000000000e+05
2.310590000000000000e+05
2.912340000000000000e+05
2.713330000000000000e+05
2.283220000000000000e+05
2.499650000000000000e+05
3.012620000000000000e+05
1.770330000000000000e+05
2.325690000000000000e+05
2.367870000000000000e+05
2.401510000000000000e+05
2.917270000000000000e+05
1.994880000000000000e+05
3.202590000000000000e+05
2.156350000000000000e+05
3.047540000000000000e+05
2.588710000000000000e+05
2.904110000000000000e+05
3.178790000000000000e+05
2.221800000000000000e+05
2.222580000000000000e+05
1.865300000000000000e+05
2.188610000000000000e+05
2.478500000000000000e+05
2.819470000000000000e+05
2.513640000000000000e+05
2.336130000000000000e+05
2.920020000000000000e+05
1.853990000000000000e+05
2.846210000000000000e+05
1.957480000000000000e+05
2.843220000000000000e+05
2.811340000000000000e+05
