4.297430000000000000e+05
3.125400000000000000e+05
4.167190000000000000e+05
3.258580000000000000e+05
4.318970000000000000e+05
4.777490000000000000e+05
4.009700000000000000e+05
3.752500000000000000e+05
3.857800000000000000e+05
3.261650000000000000e+05
2.724490000000000000e+05
3.383340000000000000e+05
3.185380000000000000e+05
3.076980000000000000e+05
3.900060000000000000e+05
2.804670000000000000e+05
3.201650000000000000e+05
3.473560000000000000e+05
4.466120000000000000e+05
3.425960000000000000e+05
1.043100000000000000e+05
2.989010000000000000e+05
3.672840000000000000e+05
2.510950000000000000e+05
3.043680000000000000e+05
3.829410000000000000e+05
3.760230000000000000e+05
3.700620000000000000e+05
3.797620000000000000e+05
3.014940000000000000e+05
3.694910000000000000e+05
3.851560000000000000e+05
3.690630000000000000e+05
2.874840000000000000e+05
1.755980000000000000e+05
3.696770000000000000e+05
4.018330000000000000e+05
3.215160000000000000e+05
3.679880000000000000e+05
3.602220000000000000e+05
2.933960000000000000e+05
3.564220000000000000e+05
3.581050000000000000e+05
4.449140000000000000e+05
2.965330000000000000e+05
4.031100000000000000e+05
4.102530000000000000e+05
3.692640000000000000e+05
3.856990000000000000e+05
3.501010000000000000e+05
