4.417190000000000000e+05
3.853290000000000000e+05
4.415200000000000000e+05
4.536210000000000000e+05
3.941800000000000000e+05
4.079110000000000000e+05
4.305300000000000000e+05
3.802490000000000000e+05
3.883760000000000000e+05
4.498810000000000000e+05
3.948610000000000000e+05
3.968240000000000000e+05
3.830490000000000000e+05
4.343950000000000000e+05
3.337990000000000000e+05
3.641060000000000000e+05
3.764700000000000000e+05
4.463460000000000000e+05
4.395160000000000000e+05
4.146160000000000000e+05
3.903490000000000000e+05
3.395970000000000000e+05
3.838290000000000000e+05
3.981440000000000000e+05
4.057180000000000000e+05
4.299630000000000000e+05
3.944210000000000000e+05
4.588500000000000000e+05
3.757310000000000000e+05
4.026090000000000000e+05
3.809150000000000000e+05
3.684570000000000000e+05
4.188720000000000000e+05
3.285930000000000000e+05
3.087930000000000000e+05
4.297830000000000000e+05
3.586780000000000000e+05
3.823370000000000000e+05
4.345130000000000000e+05
4.185990000000000000e+05
4.136890000000000000e+05
4.621540000000000000e+05
3.798080000000000000e+05
4.039370000000000000e+05
3.700520000000000000e+05
3.243180000000000000e+05
3.323600000000000000e+05
4.210680000000000000e+05
2.763140000000000000e+05
4.105170000000000000e+05
