4.415870000000000000e+05
3.119970000000000000e+05
3.519440000000000000e+05
3.827300000000000000e+05
4.293770000000000000e+05
3.644770000000000000e+05
4.273660000000000000e+05
4.087920000000000000e+05
4.631790000000000000e+05
4.533250000000000000e+05
3.737120000000000000e+05
4.254390000000000000e+05
3.583090000000000000e+05
4.036280000000000000e+05
3.450650000000000000e+05
3.913310000000000000e+05
3.873070000000000000e+05
3.633160000000000000e+05
3.726590000000000000e+05
4.172490000000000000e+05
3.536760000000000000e+05
3.325560000000000000e+05
3.028920000000000000e+05
3.586830000000000000e+05
4.086660000000000000e+05
3.995020000000000000e+05
4.396300000000000000e+05
4.211860000000000000e+05
3.304630000000000000e+05
3.363040000000000000e+05
4.170550000000000000e+05
4.173820000000000000e+05
3.332290000000000000e+05
3.898670000000000000e+05
3.827720000000000000e+05
3.377300000000000000e+05
3.704640000000000000e+05
3.439150000000000000e+05
3.219700000000000000e+05
4.348900000000000000e+05
3.761420000000000000e+05
4.229640000000000000e+05
3.811840000000000000e+05
4.145480000000000000e+05
4.056120000000000000e+05
3.291370000000000000e+05
4.051250000000000000e+05
4.480450000000000000e+05
4.203180000000000000e+05
3.896050000000000000e+05
