4.004990000000000000e+05
4.124870000000000000e+05
3.572530000000000000e+05
4.146780000000000000e+05
4.441980000000000000e+05
4.450740000000000000e+05
4.231010000000000000e+05
4.179820000000000000e+05
4.747790000000000000e+05
4.338350000000000000e+05
4.082710000000000000e+05
4.456740000000000000e+05
4.567020000000000000e+05
3.466200000000000000e+05
4.150960000000000000e+05
4.363800000000000000e+05
4.003240000000000000e+05
3.876370000000000000e+05
4.271190000000000000e+05
4.142100000000000000e+05
4.474610000000000000e+05
4.050240000000000000e+05
4.814120000000000000e+05
4.357520000000000000e+05
4.038510000000000000e+05
4.129020000000000000e+05
4.330510000000000000e+05
4.094410000000000000e+05
4.400040000000000000e+05
4.683010000000000000e+05
4.283000000000000000e+05
4.528050000000000000e+05
4.541680000000000000e+05
3.986350000000000000e+05
3.929870000000000000e+05
4.510780000000000000e+05
3.789870000000000000e+05
4.388030000000000000e+05
3.659610000000000000e+05
4.226450000000000000e+05
4.104730000000000000e+05
4.030080000000000000e+05
4.454950000000000000e+05
4.145530000000000000e+05
4.142540000000000000e+05
4.442410000000000000e+05
4.274110000000000000e+05
3.908740000000000000e+05
4.135530000000000000e+05
4.214620000000000000e+05
