7.718800000000000000e+04
4.896200000000000000e+04
1.275250000000000000e+05
3.933800000000000000e+04
1.072640000000000000e+05
9.141400000000000000e+04
1.478880000000000000e+05
1.117680000000000000e+05
1.332900000000000000e+05
9.096200000000000000e+04
1.477950000000000000e+05
6.906700000000000000e+04
1.688000000000000000e+04
7.117100000000000000e+04
9.266700000000000000e+04
2.662900000000000000e+04
8.330600000000000000e+04
7.415700000000000000e+04
7.063600000000000000e+04
4.189500000000000000e+04
6.830700000000000000e+04
5.586000000000000000e+04
1.945900000000000000e+04
1.160810000000000000e+05
1.013280000000000000e+05
8.436800000000000000e+04
3.036800000000000000e+04
1.723700000000000000e+04
2.669300000000000000e+04
2.513900000000000000e+04
5.107500000000000000e+04
5.792500000000000000e+04
1.194680000000000000e+05
4.500000000000000000e+04
9.850100000000000000e+04
1.423770000000000000e+05
7.907100000000000000e+04
4.214000000000000000e+03
2.012000000000000000e+04
3.010600000000000000e+04
7.251300000000000000e+04
9.289400000000000000e+04
7.622800000000000000e+04
2.983400000000000000e+04
1.609100000000000000e+05
1.147360000000000000e+05
8.746000000000000000e+04
6.957500000000000000e+04
2.764000000000000000e+03
4.085700000000000000e+04
