3.011100000000000000e+04
1.772910000000000000e+05
4.781800000000000000e+04
5.487700000000000000e+04
8.228000000000000000e+03
5.892300000000000000e+04
5.836800000000000000e+04
2.408000000000000000e+04
3.562200000000000000e+04
8.652600000000000000e+04
5.117400000000000000e+04
1.246520000000000000e+05
8.740700000000000000e+04
7.130900000000000000e+04
9.385000000000000000e+03
4.882000000000000000e+04
5.216100000000000000e+04
1.145900000000000000e+04
1.276100000000000000e+04
4.337600000000000000e+04
1.789480000000000000e+05
6.633800000000000000e+04
1.193300000000000000e+04
5.998800000000000000e+04
7.934300000000000000e+04
4.561000000000000000e+04
1.149270000000000000e+05
1.098500000000000000e+05
6.155800000000000000e+04
4.188200000000000000e+04
1.119720000000000000e+05
2.175100000000000000e+04
3.212200000000000000e+04
9.896800000000000000e+04
2.673300000000000000e+04
5.687900000000000000e+04
1.658700000000000000e+04
1.283440000000000000e+05
1.214720000000000000e+05
7.995100000000000000e+04
6.104500000000000000e+04
9.667800000000000000e+04
1.345320000000000000e+05
2.409400000000000000e+04
7.227400000000000000e+04
6.567600000000000000e+04
5.993500000000000000e+04
5.895800000000000000e+04
5.327000000000000000e+03
6.454700000000000000e+04
