2.658340000000000000e+05
1.486080000000000000e+05
3.067020000000000000e+05
2.379360000000000000e+05
8.655400000000000000e+04
3.390470000000000000e+05
1.141630000000000000e+05
2.148660000000000000e+05
2.137530000000000000e+05
2.645640000000000000e+05
2.230570000000000000e+05
2.921690000000000000e+05
1.654610000000000000e+05
9.299200000000000000e+04
3.160720000000000000e+05
3.105560000000000000e+05
5.228400000000000000e+04
3.138340000000000000e+05
2.961250000000000000e+05
2.675510000000000000e+05
7.932700000000000000e+04
2.321770000000000000e+05
1.256860000000000000e+05
8.197600000000000000e+04
2.535000000000000000e+05
1.068710000000000000e+05
1.774860000000000000e+05
2.542200000000000000e+05
2.820500000000000000e+05
1.729700000000000000e+05
1.691280000000000000e+05
2.697210000000000000e+05
2.041790000000000000e+05
2.633240000000000000e+05
6.252400000000000000e+04
2.743630000000000000e+05
3.079940000000000000e+05
1.151150000000000000e+05
2.865040000000000000e+05
3.208060000000000000e+05
2.334830000000000000e+05
5.451100000000000000e+04
7.121300000000000000e+04
1.371060000000000000e+05
2.366080000000000000e+05
1.797060000000000000e+05
2.801680000000000000e+05
3.650640000000000000e+05
2.556560000000000000e+05
1.599860000000000000e+05
