2.115880000000000000e+05
6.828500000000000000e+04
2.661470000000000000e+05
1.113860000000000000e+05
2.045830000000000000e+05
1.060960000000000000e+05
2.408480000000000000e+05
2.472560000000000000e+05
1.724340000000000000e+05
3.243830000000000000e+05
2.452670000000000000e+05
2.688410000000000000e+05
1.165840000000000000e+05
1.906790000000000000e+05
1.950210000000000000e+05
1.590310000000000000e+05
7.530500000000000000e+04
1.288770000000000000e+05
1.394850000000000000e+05
2.507000000000000000e+05
1.615280000000000000e+05
3.534320000000000000e+05
2.722630000000000000e+05
1.818770000000000000e+05
2.172430000000000000e+05
2.333850000000000000e+05
1.502170000000000000e+05
1.436870000000000000e+05
8.552000000000000000e+04
2.759450000000000000e+05
7.448400000000000000e+04
1.536000000000000000e+05
2.577530000000000000e+05
2.888090000000000000e+05
3.351530000000000000e+05
3.667100000000000000e+04
3.110680000000000000e+05
3.425590000000000000e+05
4.017800000000000000e+04
1.720740000000000000e+05
2.508920000000000000e+05
1.295570000000000000e+05
1.976650000000000000e+05
4.193100000000000000e+04
2.733600000000000000e+05
2.516680000000000000e+05
1.965270000000000000e+05
2.154610000000000000e+05
8.329800000000000000e+04
8.830800000000000000e+04
