4.560090000000000000e+05
4.879100000000000000e+05
4.210440000000000000e+05
4.575880000000000000e+05
4.511450000000000000e+05
4.316080000000000000e+05
4.693310000000000000e+05
4.740700000000000000e+05
4.148530000000000000e+05
5.029600000000000000e+05
4.675830000000000000e+05
4.989840000000000000e+05
4.309410000000000000e+05
4.883990000000000000e+05
4.568150000000000000e+05
4.378740000000000000e+05
4.243580000000000000e+05
4.478650000000000000e+05
4.746560000000000000e+05
4.856550000000000000e+05
4.968700000000000000e+05
4.886800000000000000e+05
4.575340000000000000e+05
4.987080000000000000e+05
3.696640000000000000e+05
4.593500000000000000e+05
4.392700000000000000e+05
4.839160000000000000e+05
3.991990000000000000e+05
4.459100000000000000e+05
4.574150000000000000e+05
4.759790000000000000e+05
5.127800000000000000e+05
4.785880000000000000e+05
4.504460000000000000e+05
4.342840000000000000e+05
4.280100000000000000e+05
4.716860000000000000e+05
4.489830000000000000e+05
4.704890000000000000e+05
4.081960000000000000e+05
5.013990000000000000e+05
3.630430000000000000e+05
3.855530000000000000e+05
4.763040000000000000e+05
4.469080000000000000e+05
4.528680000000000000e+05
4.677560000000000000e+05
5.030790000000000000e+05
4.454540000000000000e+05
