4.387230000000000000e+05
3.411520000000000000e+05
3.729580000000000000e+05
4.525150000000000000e+05
4.726950000000000000e+05
4.118220000000000000e+05
4.967420000000000000e+05
4.274220000000000000e+05
3.865710000000000000e+05
4.390530000000000000e+05
3.608960000000000000e+05
5.281480000000000000e+05
4.168100000000000000e+05
4.452350000000000000e+05
3.760040000000000000e+05
4.567100000000000000e+05
4.430380000000000000e+05
4.395190000000000000e+05
3.493640000000000000e+05
4.621900000000000000e+05
4.048580000000000000e+05
4.051460000000000000e+05
4.206860000000000000e+05
4.256880000000000000e+05
4.452230000000000000e+05
4.592600000000000000e+05
4.014760000000000000e+05
4.273800000000000000e+05
3.722000000000000000e+05
4.336920000000000000e+05
3.859520000000000000e+05
4.651490000000000000e+05
4.137540000000000000e+05
3.666560000000000000e+05
4.150890000000000000e+05
4.122210000000000000e+05
3.973390000000000000e+05
3.819070000000000000e+05
3.964400000000000000e+05
4.667990000000000000e+05
4.132480000000000000e+05
4.596450000000000000e+05
3.682610000000000000e+05
4.570460000000000000e+05
4.243080000000000000e+05
3.250760000000000000e+05
4.070530000000000000e+05
4.244270000000000000e+05
4.669920000000000000e+05
3.817010000000000000e+05
