2.476650000000000000e+05
3.110010000000000000e+05
3.960040000000000000e+05
3.237980000000000000e+05
2.388480000000000000e+05
4.097850000000000000e+05
4.191280000000000000e+05
2.084870000000000000e+05
3.303570000000000000e+05
3.467420000000000000e+05
2.636500000000000000e+05
2.168330000000000000e+05
2.552710000000000000e+05
3.862870000000000000e+05
3.014980000000000000e+05
2.359280000000000000e+05
3.514240000000000000e+05
1.837570000000000000e+05
1.998130000000000000e+05
2.946050000000000000e+05
3.023850000000000000e+05
3.166520000000000000e+05
3.304220000000000000e+05
2.631430000000000000e+05
3.625890000000000000e+05
3.012370000000000000e+05
2.461500000000000000e+05
3.204440000000000000e+05
2.335180000000000000e+05
3.491790000000000000e+05
3.072970000000000000e+05
3.966190000000000000e+05
2.853120000000000000e+05
2.551870000000000000e+05
3.557010000000000000e+05
3.876470000000000000e+05
3.274050000000000000e+05
3.395230000000000000e+05
3.140990000000000000e+05
3.288200000000000000e+05
2.217730000000000000e+05
2.585780000000000000e+05
3.469790000000000000e+05
2.565180000000000000e+05
3.379620000000000000e+05
2.642350000000000000e+05
3.437330000000000000e+05
2.968960000000000000e+05
2.032120000000000000e+05
3.511570000000000000e+05
