5.826200000000000000e+04
7.072800000000000000e+04
3.406500000000000000e+04
6.243800000000000000e+04
6.528900000000000000e+04
4.277500000000000000e+04
4.613000000000000000e+04
4.913600000000000000e+04
4.273700000000000000e+04
3.950000000000000000e+04
7.147000000000000000e+04
3.876000000000000000e+04
4.930600000000000000e+04
4.130400000000000000e+04
6.273000000000000000e+04
4.381500000000000000e+04
3.289800000000000000e+04
5.703500000000000000e+04
1.622900000000000000e+04
3.803200000000000000e+04
2.691800000000000000e+04
2.719600000000000000e+04
6.493200000000000000e+04
4.490600000000000000e+04
6.535100000000000000e+04
7.367600000000000000e+04
3.414300000000000000e+04
6.313100000000000000e+04
1.729300000000000000e+04
5.171200000000000000e+04
5.843200000000000000e+04
3.577500000000000000e+04
2.719200000000000000e+04
5.046900000000000000e+04
2.543700000000000000e+04
4.944400000000000000e+04
6.936600000000000000e+04
4.580600000000000000e+04
2.367300000000000000e+04
5.483200000000000000e+04
2.734500000000000000e+04
6.646400000000000000e+04
6.132100000000000000e+04
3.652600000000000000e+04
4.903000000000000000e+04
6.032300000000000000e+04
4.634800000000000000e+04
2.212300000000000000e+04
4.005200000000000000e+04
7.126900000000000000e+04
