1.322020000000000000e+05
1.415170000000000000e+05
1.268660000000000000e+05
1.384290000000000000e+05
1.638510000000000000e+05
1.558600000000000000e+05
1.219740000000000000e+05
1.141260000000000000e+05
1.710460000000000000e+05
1.136560000000000000e+05
1.089930000000000000e+05
1.547950000000000000e+05
1.005300000000000000e+05
1.308330000000000000e+05
1.452450000000000000e+05
1.184670000000000000e+05
1.017370000000000000e+05
1.170340000000000000e+05
1.046740000000000000e+05
1.679720000000000000e+05
1.157880000000000000e+05
1.383760000000000000e+05
1.643960000000000000e+05
1.701790000000000000e+05
8.703000000000000000e+04
1.149220000000000000e+05
1.173900000000000000e+05
1.207360000000000000e+05
1.499370000000000000e+05
1.059300000000000000e+05
1.480280000000000000e+05
1.270210000000000000e+05
1.494450000000000000e+05
1.516360000000000000e+05
1.009670000000000000e+05
1.387890000000000000e+05
1.246330000000000000e+05
1.839520000000000000e+05
1.334680000000000000e+05
1.263230000000000000e+05
1.349820000000000000e+05
1.664820000000000000e+05
1.107110000000000000e+05
1.639730000000000000e+05
1.345100000000000000e+05
1.603220000000000000e+05
1.827260000000000000e+05
1.219520000000000000e+05
1.176100000000000000e+05
1.700690000000000000e+05
