1.157820000000000000e+05
1.552910000000000000e+05
1.721310000000000000e+05
1.039820000000000000e+05
1.410090000000000000e+05
1.364230000000000000e+05
1.327200000000000000e+05
1.249520000000000000e+05
9.226100000000000000e+04
1.560310000000000000e+05
1.391440000000000000e+05
1.323210000000000000e+05
1.626480000000000000e+05
1.476940000000000000e+05
1.576560000000000000e+05
1.672520000000000000e+05
1.274940000000000000e+05
1.418070000000000000e+05
1.175370000000000000e+05
1.173050000000000000e+05
1.249470000000000000e+05
1.170720000000000000e+05
1.180730000000000000e+05
1.510110000000000000e+05
1.292030000000000000e+05
1.199060000000000000e+05
1.421060000000000000e+05
1.203970000000000000e+05
1.387580000000000000e+05
1.224960000000000000e+05
1.458960000000000000e+05
1.484350000000000000e+05
1.436920000000000000e+05
1.543740000000000000e+05
1.470330000000000000e+05
1.472470000000000000e+05
1.625990000000000000e+05
1.379130000000000000e+05
1.620610000000000000e+05
1.419400000000000000e+05
1.450400000000000000e+05
1.245440000000000000e+05
1.418650000000000000e+05
1.467090000000000000e+05
1.338050000000000000e+05
1.161740000000000000e+05
1.198470000000000000e+05
1.172680000000000000e+05
1.358000000000000000e+05
1.262670000000000000e+05
