1.167930000000000000e+05
1.422190000000000000e+05
1.139260000000000000e+05
1.078260000000000000e+05
1.098400000000000000e+05
1.239430000000000000e+05
8.620400000000000000e+04
6.005000000000000000e+04
8.757300000000000000e+04
9.345100000000000000e+04
1.374720000000000000e+05
1.072600000000000000e+05
1.139810000000000000e+05
1.064560000000000000e+05
1.514540000000000000e+05
1.371230000000000000e+05
9.516300000000000000e+04
1.697280000000000000e+05
9.760700000000000000e+04
1.374630000000000000e+05
1.245050000000000000e+05
1.301630000000000000e+05
1.254580000000000000e+05
1.071580000000000000e+05
1.263060000000000000e+05
1.062710000000000000e+05
1.136370000000000000e+05
1.241600000000000000e+05
1.265130000000000000e+05
1.269200000000000000e+05
1.301950000000000000e+05
8.725900000000000000e+04
9.268800000000000000e+04
8.443500000000000000e+04
1.066430000000000000e+05
9.076700000000000000e+04
1.267500000000000000e+05
9.957900000000000000e+04
1.299310000000000000e+05
1.426710000000000000e+05
1.192020000000000000e+05
1.278670000000000000e+05
9.926500000000000000e+04
1.143030000000000000e+05
1.036940000000000000e+05
7.499600000000000000e+04
9.554500000000000000e+04
1.288430000000000000e+05
8.199800000000000000e+04
9.969800000000000000e+04
