2.990100000000000000e+04
2.122600000000000000e+04
1.669900000000000000e+04
4.140300000000000000e+04
2.199000000000000000e+04
4.418000000000000000e+04
3.495200000000000000e+04
3.394200000000000000e+04
4.598600000000000000e+04
3.219600000000000000e+04
7.006900000000000000e+04
4.801300000000000000e+04
3.761000000000000000e+04
5.246300000000000000e+04
3.970600000000000000e+04
5.226100000000000000e+04
2.607400000000000000e+04
1.774600000000000000e+04
3.573200000000000000e+04
2.089900000000000000e+04
4.602500000000000000e+04
3.325000000000000000e+04
1.692000000000000000e+04
2.592900000000000000e+04
2.833400000000000000e+04
4.507400000000000000e+04
1.439000000000000000e+04
5.953900000000000000e+04
2.733000000000000000e+04
3.044400000000000000e+04
3.733000000000000000e+04
2.973700000000000000e+04
3.820300000000000000e+04
2.873500000000000000e+04
2.750100000000000000e+04
1.559800000000000000e+04
2.032400000000000000e+04
4.278300000000000000e+04
2.289100000000000000e+04
1.705100000000000000e+04
4.385200000000000000e+04
3.247100000000000000e+04
2.206500000000000000e+04
3.598700000000000000e+04
5.027900000000000000e+04
2.457100000000000000e+04
2.441900000000000000e+04
1.847800000000000000e+04
3.397600000000000000e+04
2.161600000000000000e+04
