9.646200000000000000e+04
1.440560000000000000e+05
9.171700000000000000e+04
1.257050000000000000e+05
5.357400000000000000e+04
1.146750000000000000e+05
7.286300000000000000e+04
7.314900000000000000e+04
7.023500000000000000e+04
7.448300000000000000e+04
2.609760000000000000e+05
7.520900000000000000e+04
1.462490000000000000e+05
1.562260000000000000e+05
4.653900000000000000e+04
5.743600000000000000e+04
1.005030000000000000e+05
1.615670000000000000e+05
6.961100000000000000e+04
6.784600000000000000e+04
1.120630000000000000e+05
9.731500000000000000e+04
1.478310000000000000e+05
1.068220000000000000e+05
1.047480000000000000e+05
1.596680000000000000e+05
8.860500000000000000e+04
9.517600000000000000e+04
1.910520000000000000e+05
7.302100000000000000e+04
8.628300000000000000e+04
7.264400000000000000e+04
1.462120000000000000e+05
3.262900000000000000e+04
7.965700000000000000e+04
1.093220000000000000e+05
6.041200000000000000e+04
2.278100000000000000e+04
5.920800000000000000e+04
7.658400000000000000e+04
4.004700000000000000e+04
6.654400000000000000e+04
7.497600000000000000e+04
7.836900000000000000e+04
1.663450000000000000e+05
1.344450000000000000e+05
3.780100000000000000e+04
6.551300000000000000e+04
1.132970000000000000e+05
6.688800000000000000e+04
