2.977380000000000000e+05
1.595750000000000000e+05
2.167480000000000000e+05
2.247410000000000000e+05
8.806700000000000000e+04
1.533240000000000000e+05
1.720950000000000000e+05
1.983050000000000000e+05
2.291390000000000000e+05
2.084060000000000000e+05
1.892880000000000000e+05
2.882810000000000000e+05
1.943280000000000000e+05
7.704500000000000000e+04
1.516810000000000000e+05
1.831460000000000000e+05
2.392990000000000000e+05
1.548620000000000000e+05
1.827760000000000000e+05
2.452030000000000000e+05
2.118550000000000000e+05
2.753060000000000000e+05
7.361900000000000000e+04
1.920080000000000000e+05
1.632900000000000000e+05
1.739130000000000000e+05
1.556780000000000000e+05
1.163590000000000000e+05
1.294390000000000000e+05
1.363100000000000000e+05
1.307240000000000000e+05
2.947260000000000000e+05
1.404340000000000000e+05
1.105070000000000000e+05
1.555840000000000000e+05
1.281990000000000000e+05
1.674280000000000000e+05
1.273930000000000000e+05
2.540580000000000000e+05
2.106710000000000000e+05
1.887530000000000000e+05
2.351980000000000000e+05
1.159650000000000000e+05
2.420620000000000000e+05
1.082410000000000000e+05
2.133750000000000000e+05
2.006460000000000000e+05
1.427290000000000000e+05
1.343190000000000000e+05
7.909800000000000000e+04
