2.811320000000000000e+05
2.048800000000000000e+05
2.164150000000000000e+05
2.832080000000000000e+05
2.009000000000000000e+05
1.686740000000000000e+05
1.638600000000000000e+05
1.613690000000000000e+05
2.278880000000000000e+05
1.977970000000000000e+05
2.447830000000000000e+05
2.525160000000000000e+05
2.875230000000000000e+05
2.262570000000000000e+05
1.452920000000000000e+05
2.150120000000000000e+05
2.888180000000000000e+05
2.192310000000000000e+05
2.606150000000000000e+05
2.923360000000000000e+05
1.654370000000000000e+05
2.438060000000000000e+05
2.153520000000000000e+05
1.802450000000000000e+05
2.439550000000000000e+05
2.815630000000000000e+05
3.049410000000000000e+05
2.412720000000000000e+05
2.529850000000000000e+05
2.650100000000000000e+05
3.529640000000000000e+05
8.246400000000000000e+04
2.519410000000000000e+05
3.283930000000000000e+05
2.489040000000000000e+05
2.903820000000000000e+05
2.330600000000000000e+05
2.570780000000000000e+05
2.555970000000000000e+05
1.869860000000000000e+05
1.428860000000000000e+05
2.957260000000000000e+05
1.731010000000000000e+05
1.828110000000000000e+05
2.855060000000000000e+05
2.531750000000000000e+05
2.226170000000000000e+05
2.760710000000000000e+05
2.780680000000000000e+05
2.298240000000000000e+05
