2.000410000000000000e+05
1.870910000000000000e+05
1.563170000000000000e+05
2.180910000000000000e+05
3.126430000000000000e+05
1.998760000000000000e+05
2.138660000000000000e+05
2.210070000000000000e+05
1.925760000000000000e+05
1.748180000000000000e+05
1.658520000000000000e+05
2.247130000000000000e+05
2.275110000000000000e+05
1.553020000000000000e+05
2.099010000000000000e+05
1.581840000000000000e+05
1.970120000000000000e+05
2.323370000000000000e+05
2.055280000000000000e+05
2.275000000000000000e+05
1.759440000000000000e+05
2.436150000000000000e+05
2.285400000000000000e+05
1.560570000000000000e+05
1.885650000000000000e+05
3.201890000000000000e+05
2.378100000000000000e+05
1.895580000000000000e+05
1.619050000000000000e+05
1.726610000000000000e+05
2.240410000000000000e+05
1.985890000000000000e+05
1.609310000000000000e+05
1.904470000000000000e+05
3.091380000000000000e+05
2.439730000000000000e+05
2.070100000000000000e+05
1.599620000000000000e+05
2.068490000000000000e+05
1.455640000000000000e+05
2.103050000000000000e+05
2.459130000000000000e+05
2.251070000000000000e+05
1.265330000000000000e+05
2.003040000000000000e+05
1.742170000000000000e+05
2.145240000000000000e+05
2.061620000000000000e+05
2.266070000000000000e+05
1.786040000000000000e+05
