1.155160000000000000e+05
1.387550000000000000e+05
1.761490000000000000e+05
1.571430000000000000e+05
2.011130000000000000e+05
2.206420000000000000e+05
1.483710000000000000e+05
1.004410000000000000e+05
2.276530000000000000e+05
1.619760000000000000e+05
5.178000000000000000e+04
1.998820000000000000e+05
1.813450000000000000e+05
1.672570000000000000e+05
1.195260000000000000e+05
6.083800000000000000e+04
2.442710000000000000e+05
1.674250000000000000e+05
8.623400000000000000e+04
1.485110000000000000e+05
2.068740000000000000e+05
1.732280000000000000e+05
5.984700000000000000e+04
1.824610000000000000e+05
1.613890000000000000e+05
1.053940000000000000e+05
1.800160000000000000e+05
2.133410000000000000e+05
2.156160000000000000e+05
1.164040000000000000e+05
2.064110000000000000e+05
1.296280000000000000e+05
1.062550000000000000e+05
1.036490000000000000e+05
1.506960000000000000e+05
7.827800000000000000e+04
2.517260000000000000e+05
1.600180000000000000e+05
1.103880000000000000e+05
1.493570000000000000e+05
1.925270000000000000e+05
1.153100000000000000e+05
2.031420000000000000e+05
1.620070000000000000e+05
1.266610000000000000e+05
1.858420000000000000e+05
1.973420000000000000e+05
1.678170000000000000e+05
1.010720000000000000e+05
1.418410000000000000e+05
