6.233000000000000000e+03
9.999100000000000000e+04
8.019400000000000000e+04
1.413900000000000000e+05
1.935620000000000000e+05
1.056600000000000000e+05
1.683920000000000000e+05
1.222650000000000000e+05
6.103000000000000000e+04
1.814480000000000000e+05
1.641870000000000000e+05
1.201530000000000000e+05
1.267510000000000000e+05
6.174300000000000000e+04
4.289200000000000000e+04
1.672910000000000000e+05
5.743800000000000000e+04
1.227820000000000000e+05
1.329330000000000000e+05
2.226620000000000000e+05
1.741070000000000000e+05
4.265800000000000000e+04
8.547600000000000000e+04
5.369500000000000000e+04
1.343870000000000000e+05
1.226600000000000000e+05
5.107200000000000000e+04
1.525890000000000000e+05
9.372600000000000000e+04
9.146000000000000000e+04
2.305200000000000000e+04
8.876400000000000000e+04
3.786300000000000000e+04
1.901740000000000000e+05
2.058650000000000000e+05
3.225400000000000000e+04
8.665100000000000000e+04
1.836670000000000000e+05
1.135040000000000000e+05
6.959100000000000000e+04
1.339270000000000000e+05
1.632370000000000000e+05
4.308300000000000000e+04
1.029870000000000000e+05
1.730720000000000000e+05
8.557800000000000000e+04
8.802900000000000000e+04
1.418880000000000000e+05
1.395710000000000000e+05
7.579800000000000000e+04
