1.591700000000000000e+04
5.777100000000000000e+04
5.549400000000000000e+04
3.016800000000000000e+04
7.284900000000000000e+04
7.767600000000000000e+04
7.883900000000000000e+04
2.230800000000000000e+04
9.156100000000000000e+04
8.235100000000000000e+04
2.395000000000000000e+04
5.666700000000000000e+04
6.681700000000000000e+04
7.186200000000000000e+04
6.743300000000000000e+04
5.719300000000000000e+04
6.857300000000000000e+04
1.025310000000000000e+05
1.069310000000000000e+05
6.686100000000000000e+04
1.097110000000000000e+05
7.984100000000000000e+04
6.188000000000000000e+03
5.834200000000000000e+04
9.393300000000000000e+04
9.676100000000000000e+04
4.920900000000000000e+04
6.861500000000000000e+04
1.435400000000000000e+04
5.881300000000000000e+04
1.029680000000000000e+05
6.391400000000000000e+04
5.182500000000000000e+04
6.879300000000000000e+04
2.241100000000000000e+04
3.872400000000000000e+04
4.212200000000000000e+04
6.880200000000000000e+04
8.490100000000000000e+04
6.365400000000000000e+04
8.823700000000000000e+04
6.433900000000000000e+04
3.966700000000000000e+04
1.063990000000000000e+05
2.383000000000000000e+04
3.028900000000000000e+04
6.628500000000000000e+04
1.950400000000000000e+04
5.752300000000000000e+04
3.800300000000000000e+04
