3.307700000000000000e+05
2.652790000000000000e+05
2.932990000000000000e+05
2.544490000000000000e+05
2.156160000000000000e+05
2.657670000000000000e+05
2.911930000000000000e+05
2.503190000000000000e+05
2.265420000000000000e+05
3.126760000000000000e+05
3.176460000000000000e+05
1.367340000000000000e+05
2.185060000000000000e+05
2.614670000000000000e+05
2.450900000000000000e+05
3.171080000000000000e+05
2.870400000000000000e+05
3.206990000000000000e+05
2.180330000000000000e+05
2.826940000000000000e+05
3.090380000000000000e+05
2.825670000000000000e+05
2.854530000000000000e+05
2.305510000000000000e+05
3.888080000000000000e+05
2.729520000000000000e+05
2.907480000000000000e+05
3.786940000000000000e+05
1.799870000000000000e+05
2.863980000000000000e+05
2.681720000000000000e+05
1.818750000000000000e+05
2.672310000000000000e+05
2.352880000000000000e+05
2.220430000000000000e+05
2.652310000000000000e+05
3.219660000000000000e+05
3.944350000000000000e+05
2.021770000000000000e+05
3.245390000000000000e+05
2.131160000000000000e+05
3.293050000000000000e+05
2.764790000000000000e+05
2.996350000000000000e+05
2.209180000000000000e+05
1.710450000000000000e+05
3.221200000000000000e+05
2.911740000000000000e+05
2.657130000000000000e+05
3.385380000000000000e+05
