2.464160000000000000e+05
2.603560000000000000e+05
2.614130000000000000e+05
2.470830000000000000e+05
1.580940000000000000e+05
1.469700000000000000e+05
2.712390000000000000e+05
2.149110000000000000e+05
3.170430000000000000e+05
2.286610000000000000e+05
2.772220000000000000e+05
1.538750000000000000e+05
1.964850000000000000e+05
2.995040000000000000e+05
1.987550000000000000e+05
1.931400000000000000e+05
2.258600000000000000e+05
2.175100000000000000e+05
2.201440000000000000e+05
1.604360000000000000e+05
3.014510000000000000e+05
1.530800000000000000e+05
1.664350000000000000e+05
2.285530000000000000e+05
2.472410000000000000e+05
1.836950000000000000e+05
2.413580000000000000e+05
2.526660000000000000e+05
1.637690000000000000e+05
2.335600000000000000e+05
1.951460000000000000e+05
1.786430000000000000e+05
2.265030000000000000e+05
1.503220000000000000e+05
2.407070000000000000e+05
2.350850000000000000e+05
3.271200000000000000e+05
2.504010000000000000e+05
2.152070000000000000e+05
2.864530000000000000e+05
2.393870000000000000e+05
2.549850000000000000e+05
2.323940000000000000e+05
2.928100000000000000e+05
2.237900000000000000e+05
2.519380000000000000e+05
2.079760000000000000e+05
2.780190000000000000e+05
2.650000000000000000e+05
3.278950000000000000e+05
