4.972200000000000000e+04
3.216800000000000000e+04
1.198420000000000000e+05
1.036900000000000000e+04
1.085540000000000000e+05
6.436400000000000000e+04
1.168340000000000000e+05
6.640500000000000000e+04
1.160220000000000000e+05
1.025010000000000000e+05
2.792800000000000000e+04
6.616800000000000000e+04
2.958100000000000000e+04
4.289200000000000000e+04
2.518500000000000000e+04
8.263900000000000000e+04
4.589700000000000000e+04
8.252600000000000000e+04
4.476900000000000000e+04
5.962100000000000000e+04
6.210200000000000000e+04
9.378800000000000000e+04
9.131300000000000000e+04
1.107330000000000000e+05
6.207400000000000000e+04
4.836600000000000000e+04
8.892200000000000000e+04
2.238000000000000000e+04
5.797600000000000000e+04
5.605500000000000000e+04
5.865600000000000000e+04
4.015800000000000000e+04
3.217400000000000000e+04
3.671000000000000000e+03
1.800500000000000000e+04
2.970400000000000000e+04
5.097300000000000000e+04
7.722400000000000000e+04
1.830500000000000000e+04
1.485030000000000000e+05
2.907400000000000000e+04
3.406100000000000000e+04
2.683200000000000000e+04
5.087000000000000000e+04
5.574100000000000000e+04
2.482000000000000000e+04
1.876100000000000000e+04
4.389800000000000000e+04
3.140000000000000000e+04
8.670200000000000000e+04
