9.674300000000000000e+04
9.021600000000000000e+04
8.592100000000000000e+04
8.390800000000000000e+04
1.056840000000000000e+05
7.887300000000000000e+04
9.508300000000000000e+04
5.931200000000000000e+04
7.261600000000000000e+04
8.973800000000000000e+04
1.054620000000000000e+05
5.096800000000000000e+04
7.625100000000000000e+04
6.230700000000000000e+04
6.797100000000000000e+04
1.079320000000000000e+05
7.884500000000000000e+04
9.268500000000000000e+04
9.724600000000000000e+04
6.187700000000000000e+04
9.517200000000000000e+04
9.240900000000000000e+04
6.117600000000000000e+04
7.802600000000000000e+04
1.043150000000000000e+05
7.932000000000000000e+04
8.882200000000000000e+04
8.849100000000000000e+04
6.647700000000000000e+04
1.032680000000000000e+05
8.420100000000000000e+04
6.327800000000000000e+04
8.560800000000000000e+04
8.486300000000000000e+04
8.452500000000000000e+04
5.666100000000000000e+04
7.599600000000000000e+04
1.089700000000000000e+05
8.367400000000000000e+04
7.686500000000000000e+04
6.678400000000000000e+04
9.074000000000000000e+04
7.167500000000000000e+04
1.170240000000000000e+05
8.164100000000000000e+04
4.670500000000000000e+04
8.291300000000000000e+04
8.625200000000000000e+04
7.817400000000000000e+04
9.405400000000000000e+04
