1.563200000000000000e+04
5.649000000000000000e+03
1.160900000000000000e+04
5.310000000000000000e+03
1.112700000000000000e+04
8.208000000000000000e+03
1.357400000000000000e+04
4.882000000000000000e+03
7.666000000000000000e+03
4.745000000000000000e+03
9.064000000000000000e+03
1.443800000000000000e+04
9.050000000000000000e+03
6.911000000000000000e+03
1.260200000000000000e+04
5.550000000000000000e+03
1.260900000000000000e+04
8.599000000000000000e+03
5.900000000000000000e+03
2.135500000000000000e+04
1.266500000000000000e+04
3.240000000000000000e+03
2.063000000000000000e+03
1.100600000000000000e+04
1.624200000000000000e+04
4.166000000000000000e+03
1.246000000000000000e+04
1.931000000000000000e+03
4.247000000000000000e+03
4.454000000000000000e+03
1.474500000000000000e+04
4.388000000000000000e+03
1.056100000000000000e+04
4.765000000000000000e+03
8.075000000000000000e+03
1.134000000000000000e+03
2.682700000000000000e+04
1.517800000000000000e+04
5.998000000000000000e+03
4.982000000000000000e+03
1.843200000000000000e+04
1.849200000000000000e+04
7.597000000000000000e+03
6.348000000000000000e+03
1.777600000000000000e+04
6.181000000000000000e+03
1.213700000000000000e+04
2.879000000000000000e+03
9.852000000000000000e+03
7.556000000000000000e+03
