5.249400000000000000e+04
3.203300000000000000e+04
5.891100000000000000e+04
5.564600000000000000e+04
5.617200000000000000e+04
3.757900000000000000e+04
4.538100000000000000e+04
5.959900000000000000e+04
6.196200000000000000e+04
6.994400000000000000e+04
3.620800000000000000e+04
7.562400000000000000e+04
4.849600000000000000e+04
5.013700000000000000e+04
4.647400000000000000e+04
5.668800000000000000e+04
3.692300000000000000e+04
6.126300000000000000e+04
4.939200000000000000e+04
4.091200000000000000e+04
5.640800000000000000e+04
4.382300000000000000e+04
4.007900000000000000e+04
6.815700000000000000e+04
7.529700000000000000e+04
4.698600000000000000e+04
7.869000000000000000e+04
4.667000000000000000e+04
8.421000000000000000e+04
4.269900000000000000e+04
4.135200000000000000e+04
3.457600000000000000e+04
4.953400000000000000e+04
8.196500000000000000e+04
4.551700000000000000e+04
6.981800000000000000e+04
4.820800000000000000e+04
6.025900000000000000e+04
5.748000000000000000e+04
4.356400000000000000e+04
5.264800000000000000e+04
4.015300000000000000e+04
2.636600000000000000e+04
5.938500000000000000e+04
6.271500000000000000e+04
3.540500000000000000e+04
4.215000000000000000e+04
6.026800000000000000e+04
5.428900000000000000e+04
5.323200000000000000e+04
