2.221500000000000000e+04
4.585600000000000000e+04
3.137800000000000000e+04
4.649000000000000000e+04
3.052100000000000000e+04
3.060300000000000000e+04
5.572000000000000000e+04
4.353900000000000000e+04
5.012400000000000000e+04
5.249900000000000000e+04
2.515600000000000000e+04
3.859200000000000000e+04
3.257900000000000000e+04
3.159900000000000000e+04
1.722100000000000000e+04
3.784800000000000000e+04
3.386100000000000000e+04
4.516600000000000000e+04
4.364800000000000000e+04
6.720000000000000000e+04
3.314200000000000000e+04
1.957600000000000000e+04
1.990100000000000000e+04
2.676500000000000000e+04
5.300600000000000000e+04
4.967700000000000000e+04
2.655600000000000000e+04
2.173200000000000000e+04
4.285100000000000000e+04
4.447500000000000000e+04
2.219300000000000000e+04
1.841000000000000000e+04
2.627900000000000000e+04
1.404100000000000000e+04
3.933500000000000000e+04
1.750400000000000000e+04
8.253600000000000000e+04
2.951500000000000000e+04
3.693500000000000000e+04
3.251400000000000000e+04
5.393500000000000000e+04
3.635000000000000000e+04
3.711500000000000000e+04
2.390500000000000000e+04
2.036000000000000000e+04
2.876000000000000000e+04
7.110800000000000000e+04
2.788000000000000000e+04
3.947200000000000000e+04
2.668900000000000000e+04
