6.260000000000000000e+03
6.205000000000000000e+03
2.919000000000000000e+03
5.276000000000000000e+03
8.357000000000000000e+03
4.903000000000000000e+03
1.172000000000000000e+03
5.299000000000000000e+03
4.378000000000000000e+03
5.427000000000000000e+03
5.859000000000000000e+03
6.720000000000000000e+03
7.880000000000000000e+03
7.235000000000000000e+03
9.686000000000000000e+03
8.090000000000000000e+02
5.250000000000000000e+03
7.209000000000000000e+03
6.331000000000000000e+03
7.080000000000000000e+03
7.029000000000000000e+03
2.091000000000000000e+03
8.280000000000000000e+03
3.747000000000000000e+03
1.096900000000000000e+04
9.130000000000000000e+03
4.798000000000000000e+03
1.508100000000000000e+04
5.084000000000000000e+03
5.056000000000000000e+03
4.226000000000000000e+03
1.543400000000000000e+04
1.798000000000000000e+03
3.242000000000000000e+03
3.343000000000000000e+03
1.058900000000000000e+04
3.665000000000000000e+03
1.668900000000000000e+04
2.305000000000000000e+03
8.258000000000000000e+03
4.922000000000000000e+03
1.049900000000000000e+04
1.666000000000000000e+03
3.495000000000000000e+03
5.067000000000000000e+03
1.157100000000000000e+04
8.600000000000000000e+03
8.962000000000000000e+03
6.243000000000000000e+03
4.032000000000000000e+03
