5.770500000000000000e+04
4.105500000000000000e+04
4.542300000000000000e+04
3.841700000000000000e+04
4.623400000000000000e+04
3.246300000000000000e+04
2.914700000000000000e+04
3.440600000000000000e+04
4.587700000000000000e+04
3.903700000000000000e+04
3.348500000000000000e+04
6.996100000000000000e+04
4.969100000000000000e+04
3.667900000000000000e+04
3.294000000000000000e+04
3.677600000000000000e+04
2.251500000000000000e+04
4.733200000000000000e+04
2.372600000000000000e+04
3.983000000000000000e+04
3.943400000000000000e+04
4.008000000000000000e+04
2.128700000000000000e+04
4.129100000000000000e+04
4.533900000000000000e+04
3.339900000000000000e+04
3.445900000000000000e+04
4.689300000000000000e+04
4.488600000000000000e+04
3.302500000000000000e+04
4.356800000000000000e+04
4.213200000000000000e+04
2.283400000000000000e+04
4.672900000000000000e+04
2.680500000000000000e+04
3.635600000000000000e+04
3.717900000000000000e+04
2.828900000000000000e+04
3.848300000000000000e+04
3.274600000000000000e+04
4.172400000000000000e+04
2.719400000000000000e+04
4.063500000000000000e+04
4.141700000000000000e+04
3.846500000000000000e+04
3.420800000000000000e+04
2.995000000000000000e+04
2.508700000000000000e+04
3.105100000000000000e+04
3.448700000000000000e+04
