7.329000000000000000e+04
6.704700000000000000e+04
3.182300000000000000e+04
7.690900000000000000e+04
7.261300000000000000e+04
7.499300000000000000e+04
6.338800000000000000e+04
1.006680000000000000e+05
6.311200000000000000e+04
6.670400000000000000e+04
6.939300000000000000e+04
9.540100000000000000e+04
6.770800000000000000e+04
6.939600000000000000e+04
6.949100000000000000e+04
7.177700000000000000e+04
6.562600000000000000e+04
1.044350000000000000e+05
7.308900000000000000e+04
6.972600000000000000e+04
9.596700000000000000e+04
5.965200000000000000e+04
8.128200000000000000e+04
9.360000000000000000e+04
6.210500000000000000e+04
7.144100000000000000e+04
4.025900000000000000e+04
7.876400000000000000e+04
9.439700000000000000e+04
8.828900000000000000e+04
6.606200000000000000e+04
5.363500000000000000e+04
9.140000000000000000e+04
9.530900000000000000e+04
8.089400000000000000e+04
7.946300000000000000e+04
7.059700000000000000e+04
6.092500000000000000e+04
7.894500000000000000e+04
1.036170000000000000e+05
1.054540000000000000e+05
7.832800000000000000e+04
7.875100000000000000e+04
6.738200000000000000e+04
7.724200000000000000e+04
9.404100000000000000e+04
9.527500000000000000e+04
8.199400000000000000e+04
9.141700000000000000e+04
6.081200000000000000e+04
