4.912700000000000000e+04
3.593200000000000000e+04
4.467000000000000000e+04
3.040700000000000000e+04
3.398900000000000000e+04
3.446300000000000000e+04
3.818700000000000000e+04
3.242700000000000000e+04
4.278400000000000000e+04
4.142800000000000000e+04
5.886800000000000000e+04
5.279900000000000000e+04
5.884300000000000000e+04
3.743700000000000000e+04
4.393300000000000000e+04
4.104100000000000000e+04
3.232300000000000000e+04
3.596800000000000000e+04
7.016100000000000000e+04
7.885300000000000000e+04
4.642200000000000000e+04
5.921400000000000000e+04
3.070600000000000000e+04
5.085100000000000000e+04
4.737100000000000000e+04
5.619700000000000000e+04
4.649800000000000000e+04
4.359200000000000000e+04
5.868500000000000000e+04
3.878700000000000000e+04
4.798200000000000000e+04
1.106100000000000000e+04
5.874800000000000000e+04
5.502800000000000000e+04
7.286600000000000000e+04
3.970200000000000000e+04
6.019000000000000000e+04
2.586100000000000000e+04
3.729500000000000000e+04
3.399500000000000000e+04
1.753900000000000000e+04
6.698900000000000000e+04
4.823300000000000000e+04
4.106400000000000000e+04
5.110000000000000000e+04
5.072600000000000000e+04
5.131200000000000000e+04
6.635200000000000000e+04
4.325900000000000000e+04
4.613000000000000000e+04
