1.110850000000000000e+05
8.900600000000000000e+04
1.206030000000000000e+05
1.434150000000000000e+05
1.010540000000000000e+05
1.165170000000000000e+05
1.135360000000000000e+05
1.421280000000000000e+05
9.750400000000000000e+04
1.232350000000000000e+05
1.323320000000000000e+05
8.304000000000000000e+04
1.125710000000000000e+05
1.331440000000000000e+05
1.020230000000000000e+05
1.082830000000000000e+05
1.090390000000000000e+05
1.152120000000000000e+05
1.435520000000000000e+05
1.136590000000000000e+05
1.281070000000000000e+05
1.105350000000000000e+05
1.128700000000000000e+05
1.090560000000000000e+05
1.153430000000000000e+05
1.201650000000000000e+05
1.198810000000000000e+05
1.044850000000000000e+05
1.033600000000000000e+05
1.002070000000000000e+05
1.073720000000000000e+05
1.125800000000000000e+05
9.369100000000000000e+04
1.145330000000000000e+05
1.074860000000000000e+05
1.442130000000000000e+05
1.144480000000000000e+05
1.092220000000000000e+05
1.324510000000000000e+05
1.293490000000000000e+05
1.343790000000000000e+05
1.158230000000000000e+05
1.214070000000000000e+05
1.084490000000000000e+05
1.129510000000000000e+05
9.896600000000000000e+04
1.183740000000000000e+05
1.514400000000000000e+05
1.356190000000000000e+05
1.138580000000000000e+05
