1.477300000000000000e+04
2.270600000000000000e+04
1.198400000000000000e+04
1.142400000000000000e+04
1.173000000000000000e+04
2.995100000000000000e+04
1.164400000000000000e+04
7.779000000000000000e+03
6.628000000000000000e+03
1.043300000000000000e+04
2.186000000000000000e+04
2.067100000000000000e+04
2.598300000000000000e+04
2.094600000000000000e+04
1.096900000000000000e+04
1.546900000000000000e+04
9.578000000000000000e+03
2.589400000000000000e+04
8.857000000000000000e+03
8.091000000000000000e+03
2.113000000000000000e+04
1.249000000000000000e+04
2.740800000000000000e+04
2.361800000000000000e+04
1.386500000000000000e+04
2.358100000000000000e+04
1.343100000000000000e+04
1.465700000000000000e+04
2.604500000000000000e+04
2.237900000000000000e+04
1.356000000000000000e+04
9.912000000000000000e+03
1.791900000000000000e+04
8.262000000000000000e+03
1.391400000000000000e+04
1.068200000000000000e+04
1.194400000000000000e+04
3.690000000000000000e+03
1.010900000000000000e+04
1.543500000000000000e+04
9.388000000000000000e+03
1.573900000000000000e+04
1.708900000000000000e+04
1.989700000000000000e+04
1.459300000000000000e+04
2.208000000000000000e+04
8.649000000000000000e+03
9.427000000000000000e+03
2.155300000000000000e+04
8.765000000000000000e+03
