1.438080000000000000e+05
1.430840000000000000e+05
1.368540000000000000e+05
1.561930000000000000e+05
1.311560000000000000e+05
1.666280000000000000e+05
1.423290000000000000e+05
1.412250000000000000e+05
1.562910000000000000e+05
1.512910000000000000e+05
1.552000000000000000e+05
1.298480000000000000e+05
1.329880000000000000e+05
1.528380000000000000e+05
1.304920000000000000e+05
1.512800000000000000e+05
1.440540000000000000e+05
1.292390000000000000e+05
1.432430000000000000e+05
1.569390000000000000e+05
1.325890000000000000e+05
1.580180000000000000e+05
1.589310000000000000e+05
1.427910000000000000e+05
1.427160000000000000e+05
1.472250000000000000e+05
1.471840000000000000e+05
1.357400000000000000e+05
1.433610000000000000e+05
1.533500000000000000e+05
1.368960000000000000e+05
1.487320000000000000e+05
1.555690000000000000e+05
1.464080000000000000e+05
1.713100000000000000e+05
1.578330000000000000e+05
1.637740000000000000e+05
1.647330000000000000e+05
1.312320000000000000e+05
1.423190000000000000e+05
1.406530000000000000e+05
1.476490000000000000e+05
1.560280000000000000e+05
1.608050000000000000e+05
1.341610000000000000e+05
1.528900000000000000e+05
1.636870000000000000e+05
1.330240000000000000e+05
1.376590000000000000e+05
1.399210000000000000e+05
