3.718560000000000000e+05
3.718560000000000000e+05
3.718560000000000000e+05
3.718560000000000000e+05
3.718560000000000000e+05
3.718560000000000000e+05
3.718560000000000000e+05
3.718560000000000000e+05
3.718560000000000000e+05
3.718560000000000000e+05
3.718560000000000000e+05
3.718560000000000000e+05
3.718560000000000000e+05
3.718560000000000000e+05
3.718560000000000000e+05
3.718560000000000000e+05
3.718560000000000000e+05
3.718560000000000000e+05
3.718560000000000000e+05
3.718560000000000000e+05
3.718560000000000000e+05
3.718560000000000000e+05
3.718560000000000000e+05
3.718560000000000000e+05
3.718560000000000000e+05
3.718560000000000000e+05
3.718560000000000000e+05
3.718560000000000000e+05
3.718560000000000000e+05
3.718560000000000000e+05
3.718560000000000000e+05
3.718560000000000000e+05
3.718560000000000000e+05
3.718560000000000000e+05
3.718560000000000000e+05
3.718560000000000000e+05
3.718560000000000000e+05
3.718560000000000000e+05
3.718560000000000000e+05
3.718560000000000000e+05
3.718560000000000000e+05
3.718560000000000000e+05
3.718560000000000000e+05
3.718560000000000000e+05
3.718560000000000000e+05
3.718560000000000000e+05
3.718560000000000000e+05
3.718560000000000000e+05
3.718560000000000000e+05
3.718560000000000000e+05
