7.898100000000000000e+04
6.290300000000000000e+04
8.364500000000000000e+04
7.293900000000000000e+04
9.437600000000000000e+04
1.107350000000000000e+05
5.291800000000000000e+04
7.569600000000000000e+04
6.820700000000000000e+04
7.586700000000000000e+04
6.700400000000000000e+04
7.896300000000000000e+04
7.788800000000000000e+04
6.172200000000000000e+04
7.427300000000000000e+04
8.428000000000000000e+04
6.807500000000000000e+04
1.044550000000000000e+05
9.730500000000000000e+04
5.438200000000000000e+04
7.846100000000000000e+04
3.256600000000000000e+04
9.353500000000000000e+04
8.778100000000000000e+04
7.001500000000000000e+04
8.275300000000000000e+04
7.416700000000000000e+04
6.128400000000000000e+04
9.139700000000000000e+04
6.113400000000000000e+04
7.348200000000000000e+04
1.154950000000000000e+05
8.429100000000000000e+04
9.715900000000000000e+04
9.267100000000000000e+04
8.148000000000000000e+04
5.405200000000000000e+04
8.265000000000000000e+04
1.087300000000000000e+05
7.579600000000000000e+04
6.183600000000000000e+04
6.028900000000000000e+04
6.594900000000000000e+04
6.735500000000000000e+04
9.078500000000000000e+04
7.292400000000000000e+04
7.606100000000000000e+04
7.759700000000000000e+04
1.135470000000000000e+05
8.759400000000000000e+04
