8.084600000000000000e+04
7.129000000000000000e+04
7.950100000000000000e+04
4.711500000000000000e+04
7.074900000000000000e+04
7.049200000000000000e+04
7.889200000000000000e+04
7.362300000000000000e+04
7.436700000000000000e+04
6.290600000000000000e+04
8.000300000000000000e+04
5.896500000000000000e+04
5.273800000000000000e+04
6.462800000000000000e+04
5.328300000000000000e+04
7.398100000000000000e+04
7.467700000000000000e+04
4.448600000000000000e+04
7.284300000000000000e+04
6.496300000000000000e+04
6.773600000000000000e+04
6.976500000000000000e+04
6.173300000000000000e+04
7.347200000000000000e+04
9.299300000000000000e+04
7.723200000000000000e+04
6.198800000000000000e+04
6.993500000000000000e+04
5.322200000000000000e+04
5.322300000000000000e+04
4.155500000000000000e+04
5.634300000000000000e+04
9.511000000000000000e+04
6.874200000000000000e+04
5.108800000000000000e+04
5.348800000000000000e+04
6.704500000000000000e+04
7.182200000000000000e+04
8.625400000000000000e+04
6.913300000000000000e+04
5.874000000000000000e+04
1.011350000000000000e+05
7.429500000000000000e+04
7.041100000000000000e+04
5.597100000000000000e+04
1.054150000000000000e+05
5.823700000000000000e+04
6.135800000000000000e+04
7.078000000000000000e+04
5.444200000000000000e+04
