1.036580000000000000e+05
1.011870000000000000e+05
6.803400000000000000e+04
6.897700000000000000e+04
7.540000000000000000e+04
6.198300000000000000e+04
9.144000000000000000e+04
6.721200000000000000e+04
8.557000000000000000e+04
7.101700000000000000e+04
4.693500000000000000e+04
6.631800000000000000e+04
6.937100000000000000e+04
9.371200000000000000e+04
7.572000000000000000e+04
5.566800000000000000e+04
7.934200000000000000e+04
5.827400000000000000e+04
5.642200000000000000e+04
5.266700000000000000e+04
7.042300000000000000e+04
5.587600000000000000e+04
6.587400000000000000e+04
7.467200000000000000e+04
6.316700000000000000e+04
6.976000000000000000e+04
7.541000000000000000e+04
9.409600000000000000e+04
6.406200000000000000e+04
5.828600000000000000e+04
6.367800000000000000e+04
5.424400000000000000e+04
8.119700000000000000e+04
6.899400000000000000e+04
4.493500000000000000e+04
5.783700000000000000e+04
6.539200000000000000e+04
5.516800000000000000e+04
7.135600000000000000e+04
8.823200000000000000e+04
6.982500000000000000e+04
8.510500000000000000e+04
5.434500000000000000e+04
8.392800000000000000e+04
4.326600000000000000e+04
9.346200000000000000e+04
5.000900000000000000e+04
6.459500000000000000e+04
7.958700000000000000e+04
6.594200000000000000e+04
