7.260200000000000000e+04
7.691600000000000000e+04
6.266200000000000000e+04
6.019800000000000000e+04
7.036700000000000000e+04
8.794000000000000000e+04
9.344100000000000000e+04
4.808700000000000000e+04
9.423700000000000000e+04
9.370800000000000000e+04
1.138730000000000000e+05
8.995100000000000000e+04
9.327100000000000000e+04
8.388800000000000000e+04
8.036500000000000000e+04
1.275390000000000000e+05
8.278200000000000000e+04
7.145700000000000000e+04
5.099200000000000000e+04
6.903600000000000000e+04
6.341900000000000000e+04
7.790600000000000000e+04
1.026690000000000000e+05
6.338700000000000000e+04
5.622400000000000000e+04
6.394000000000000000e+04
1.239340000000000000e+05
7.673900000000000000e+04
8.620400000000000000e+04
9.602800000000000000e+04
9.171800000000000000e+04
8.378400000000000000e+04
6.664500000000000000e+04
8.240500000000000000e+04
1.160080000000000000e+05
1.106550000000000000e+05
9.036600000000000000e+04
5.847400000000000000e+04
6.272300000000000000e+04
1.057540000000000000e+05
8.467800000000000000e+04
8.913200000000000000e+04
6.557200000000000000e+04
7.359500000000000000e+04
8.098300000000000000e+04
9.372800000000000000e+04
9.195200000000000000e+04
9.525400000000000000e+04
8.295700000000000000e+04
1.040720000000000000e+05
