8.307700000000000000e+04
8.862600000000000000e+04
7.768300000000000000e+04
8.320000000000000000e+04
7.682400000000000000e+04
6.525600000000000000e+04
8.845200000000000000e+04
6.901800000000000000e+04
7.410900000000000000e+04
6.723700000000000000e+04
8.878200000000000000e+04
9.762500000000000000e+04
6.905200000000000000e+04
6.500500000000000000e+04
8.724300000000000000e+04
1.044850000000000000e+05
7.757000000000000000e+04
8.366300000000000000e+04
9.172000000000000000e+04
6.437900000000000000e+04
6.406500000000000000e+04
7.258800000000000000e+04
6.216400000000000000e+04
7.093400000000000000e+04
1.145860000000000000e+05
8.001100000000000000e+04
8.140800000000000000e+04
5.786400000000000000e+04
6.196100000000000000e+04
7.707700000000000000e+04
6.648500000000000000e+04
6.322400000000000000e+04
8.024500000000000000e+04
5.204700000000000000e+04
5.469200000000000000e+04
7.224900000000000000e+04
6.048800000000000000e+04
7.976700000000000000e+04
6.918600000000000000e+04
8.519400000000000000e+04
8.964300000000000000e+04
7.098900000000000000e+04
5.513700000000000000e+04
4.777800000000000000e+04
7.321400000000000000e+04
9.898100000000000000e+04
8.930600000000000000e+04
9.394000000000000000e+04
6.396700000000000000e+04
7.498200000000000000e+04
