9.464400000000000000e+04
8.044900000000000000e+04
9.735200000000000000e+04
1.000410000000000000e+05
5.567800000000000000e+04
7.728500000000000000e+04
9.653000000000000000e+04
7.278500000000000000e+04
8.431600000000000000e+04
1.031080000000000000e+05
9.094400000000000000e+04
6.916900000000000000e+04
7.705600000000000000e+04
1.074160000000000000e+05
6.099200000000000000e+04
7.967600000000000000e+04
8.403400000000000000e+04
9.137600000000000000e+04
7.886600000000000000e+04
6.320800000000000000e+04
9.715600000000000000e+04
8.039300000000000000e+04
8.852500000000000000e+04
6.509800000000000000e+04
8.255200000000000000e+04
8.869000000000000000e+04
8.980800000000000000e+04
6.415400000000000000e+04
5.415900000000000000e+04
8.158200000000000000e+04
1.024700000000000000e+05
8.065700000000000000e+04
6.823100000000000000e+04
6.665200000000000000e+04
9.866300000000000000e+04
7.069100000000000000e+04
7.692300000000000000e+04
7.340500000000000000e+04
5.514400000000000000e+04
9.773400000000000000e+04
8.468800000000000000e+04
8.002500000000000000e+04
5.384600000000000000e+04
5.491100000000000000e+04
7.407200000000000000e+04
8.646800000000000000e+04
9.986500000000000000e+04
1.003610000000000000e+05
7.094100000000000000e+04
9.018300000000000000e+04
