1.138900000000000000e+05
8.995300000000000000e+04
7.320000000000000000e+04
8.751100000000000000e+04
6.487800000000000000e+04
8.670900000000000000e+04
9.676300000000000000e+04
1.034350000000000000e+05
7.352200000000000000e+04
8.239900000000000000e+04
1.071490000000000000e+05
1.072780000000000000e+05
9.048300000000000000e+04
1.008290000000000000e+05
8.041600000000000000e+04
7.782600000000000000e+04
7.663600000000000000e+04
9.900200000000000000e+04
7.644000000000000000e+04
1.048790000000000000e+05
1.026820000000000000e+05
9.170000000000000000e+04
9.802400000000000000e+04
7.620000000000000000e+04
1.179540000000000000e+05
1.145750000000000000e+05
7.425800000000000000e+04
6.870400000000000000e+04
5.447400000000000000e+04
8.638000000000000000e+04
8.345800000000000000e+04
8.240700000000000000e+04
8.539100000000000000e+04
7.292500000000000000e+04
7.791200000000000000e+04
9.518400000000000000e+04
5.644000000000000000e+04
8.412400000000000000e+04
9.458800000000000000e+04
1.052860000000000000e+05
1.053350000000000000e+05
9.096200000000000000e+04
6.400000000000000000e+04
5.229600000000000000e+04
6.002100000000000000e+04
8.440400000000000000e+04
8.608800000000000000e+04
8.805400000000000000e+04
1.088090000000000000e+05
1.059920000000000000e+05
