8.042500000000000000e+04
9.349500000000000000e+04
9.649500000000000000e+04
6.059000000000000000e+04
8.974800000000000000e+04
5.405500000000000000e+04
1.061350000000000000e+05
6.524300000000000000e+04
8.100400000000000000e+04
6.504800000000000000e+04
5.628300000000000000e+04
7.017700000000000000e+04
8.585600000000000000e+04
6.750300000000000000e+04
4.621500000000000000e+04
6.572500000000000000e+04
8.599400000000000000e+04
6.557800000000000000e+04
8.291600000000000000e+04
7.683300000000000000e+04
7.193700000000000000e+04
5.205000000000000000e+04
7.015400000000000000e+04
9.328500000000000000e+04
7.428200000000000000e+04
5.879400000000000000e+04
8.806100000000000000e+04
8.066300000000000000e+04
6.425500000000000000e+04
7.123400000000000000e+04
5.458200000000000000e+04
6.418700000000000000e+04
9.549300000000000000e+04
5.896800000000000000e+04
6.510800000000000000e+04
5.797800000000000000e+04
5.874100000000000000e+04
7.548200000000000000e+04
8.918200000000000000e+04
8.314000000000000000e+04
8.820000000000000000e+04
9.940600000000000000e+04
6.350800000000000000e+04
8.249100000000000000e+04
5.162800000000000000e+04
1.020040000000000000e+05
4.592200000000000000e+04
7.093600000000000000e+04
7.825600000000000000e+04
8.567600000000000000e+04
