6.451400000000000000e+04
6.079800000000000000e+04
6.724500000000000000e+04
6.792000000000000000e+04
6.743500000000000000e+04
4.860300000000000000e+04
7.696900000000000000e+04
6.688600000000000000e+04
4.495300000000000000e+04
6.397100000000000000e+04
7.695500000000000000e+04
3.634600000000000000e+04
5.157300000000000000e+04
6.004300000000000000e+04
6.034800000000000000e+04
3.666600000000000000e+04
6.357400000000000000e+04
7.275200000000000000e+04
6.824300000000000000e+04
7.883500000000000000e+04
6.930600000000000000e+04
4.355500000000000000e+04
5.437400000000000000e+04
5.559300000000000000e+04
8.811500000000000000e+04
7.954600000000000000e+04
5.719500000000000000e+04
6.423800000000000000e+04
5.367100000000000000e+04
6.440700000000000000e+04
3.164000000000000000e+04
5.994200000000000000e+04
4.610200000000000000e+04
5.561800000000000000e+04
5.436700000000000000e+04
6.791900000000000000e+04
5.081400000000000000e+04
4.787500000000000000e+04
7.023400000000000000e+04
4.272200000000000000e+04
6.565000000000000000e+04
5.586500000000000000e+04
5.319500000000000000e+04
6.290100000000000000e+04
5.922400000000000000e+04
5.858200000000000000e+04
4.722000000000000000e+04
5.104800000000000000e+04
5.753800000000000000e+04
6.617600000000000000e+04
