6.532500000000000000e+04
7.352300000000000000e+04
7.745900000000000000e+04
5.743900000000000000e+04
5.683100000000000000e+04
7.547800000000000000e+04
6.261500000000000000e+04
6.113800000000000000e+04
6.466700000000000000e+04
7.504700000000000000e+04
7.962200000000000000e+04
1.005600000000000000e+05
6.894300000000000000e+04
7.659800000000000000e+04
5.442300000000000000e+04
5.782100000000000000e+04
9.396000000000000000e+04
5.331200000000000000e+04
7.100200000000000000e+04
7.688300000000000000e+04
7.752200000000000000e+04
9.256700000000000000e+04
8.165500000000000000e+04
9.134700000000000000e+04
7.948000000000000000e+04
1.139660000000000000e+05
5.127900000000000000e+04
5.060000000000000000e+04
6.047700000000000000e+04
6.583900000000000000e+04
7.363800000000000000e+04
6.755700000000000000e+04
7.626500000000000000e+04
7.752700000000000000e+04
7.422800000000000000e+04
9.747900000000000000e+04
9.514000000000000000e+04
6.011900000000000000e+04
6.809500000000000000e+04
5.954200000000000000e+04
1.121590000000000000e+05
8.037700000000000000e+04
6.434100000000000000e+04
6.902500000000000000e+04
7.023600000000000000e+04
6.925300000000000000e+04
6.478000000000000000e+04
1.006960000000000000e+05
1.053760000000000000e+05
7.426100000000000000e+04
