5.792900000000000000e+04
7.063300000000000000e+04
6.027200000000000000e+04
4.520200000000000000e+04
9.084300000000000000e+04
8.780600000000000000e+04
8.192400000000000000e+04
7.907400000000000000e+04
7.490800000000000000e+04
6.232900000000000000e+04
7.996900000000000000e+04
9.573300000000000000e+04
5.964600000000000000e+04
8.278600000000000000e+04
9.723300000000000000e+04
6.537900000000000000e+04
7.019800000000000000e+04
6.632500000000000000e+04
6.254900000000000000e+04
7.589200000000000000e+04
6.955600000000000000e+04
8.223700000000000000e+04
9.363300000000000000e+04
8.478900000000000000e+04
1.013640000000000000e+05
1.052130000000000000e+05
7.526500000000000000e+04
8.744400000000000000e+04
9.778500000000000000e+04
9.913400000000000000e+04
6.859100000000000000e+04
8.653100000000000000e+04
8.248800000000000000e+04
6.777300000000000000e+04
7.827300000000000000e+04
9.599600000000000000e+04
9.269000000000000000e+04
9.209400000000000000e+04
7.944700000000000000e+04
6.717500000000000000e+04
7.074300000000000000e+04
5.453800000000000000e+04
9.246700000000000000e+04
7.552200000000000000e+04
6.549700000000000000e+04
6.380900000000000000e+04
6.090500000000000000e+04
8.070800000000000000e+04
7.764200000000000000e+04
8.727600000000000000e+04
