7.844300000000000000e+04
6.560200000000000000e+04
5.063800000000000000e+04
6.695100000000000000e+04
7.731800000000000000e+04
6.739000000000000000e+04
8.752600000000000000e+04
6.503300000000000000e+04
6.872100000000000000e+04
6.040600000000000000e+04
7.473800000000000000e+04
6.395300000000000000e+04
5.964300000000000000e+04
7.728300000000000000e+04
7.107700000000000000e+04
8.390600000000000000e+04
8.124900000000000000e+04
6.201700000000000000e+04
7.763500000000000000e+04
7.696200000000000000e+04
5.957000000000000000e+04
8.300300000000000000e+04
8.260600000000000000e+04
8.249800000000000000e+04
7.239000000000000000e+04
1.025390000000000000e+05
4.783600000000000000e+04
5.122500000000000000e+04
8.724300000000000000e+04
7.851400000000000000e+04
9.998500000000000000e+04
8.423800000000000000e+04
9.351100000000000000e+04
4.890000000000000000e+04
6.771500000000000000e+04
7.583600000000000000e+04
5.141100000000000000e+04
6.655300000000000000e+04
5.398500000000000000e+04
9.664600000000000000e+04
9.106600000000000000e+04
5.382900000000000000e+04
6.194900000000000000e+04
6.291600000000000000e+04
7.581800000000000000e+04
7.104200000000000000e+04
7.543800000000000000e+04
8.490700000000000000e+04
8.348600000000000000e+04
6.900800000000000000e+04
