8.148200000000000000e+04
7.427500000000000000e+04
5.477800000000000000e+04
6.758100000000000000e+04
6.738000000000000000e+04
7.163900000000000000e+04
7.806200000000000000e+04
7.013100000000000000e+04
7.840900000000000000e+04
6.605100000000000000e+04
6.734300000000000000e+04
5.733800000000000000e+04
6.175600000000000000e+04
7.068200000000000000e+04
6.176300000000000000e+04
7.829900000000000000e+04
8.259000000000000000e+04
6.206500000000000000e+04
7.504600000000000000e+04
6.671700000000000000e+04
6.666700000000000000e+04
6.586700000000000000e+04
6.640000000000000000e+04
7.853800000000000000e+04
7.424300000000000000e+04
1.149830000000000000e+05
5.406800000000000000e+04
4.521100000000000000e+04
7.870100000000000000e+04
7.768800000000000000e+04
1.087310000000000000e+05
7.169500000000000000e+04
9.687600000000000000e+04
4.667200000000000000e+04
7.799900000000000000e+04
6.477800000000000000e+04
4.946000000000000000e+04
6.102700000000000000e+04
6.082700000000000000e+04
9.137500000000000000e+04
8.547400000000000000e+04
6.130200000000000000e+04
5.300300000000000000e+04
6.751400000000000000e+04
7.106100000000000000e+04
6.501500000000000000e+04
8.267000000000000000e+04
7.552800000000000000e+04
8.154000000000000000e+04
6.040000000000000000e+04
