5.370100000000000000e+04
6.054300000000000000e+04
6.213700000000000000e+04
5.574500000000000000e+04
5.324300000000000000e+04
6.600800000000000000e+04
5.472700000000000000e+04
6.723600000000000000e+04
7.289700000000000000e+04
8.330700000000000000e+04
5.678000000000000000e+04
7.486300000000000000e+04
6.947200000000000000e+04
9.867000000000000000e+04
7.000100000000000000e+04
6.524400000000000000e+04
9.340500000000000000e+04
5.386000000000000000e+04
6.716600000000000000e+04
7.544400000000000000e+04
8.148300000000000000e+04
9.040400000000000000e+04
8.570900000000000000e+04
7.359800000000000000e+04
9.879200000000000000e+04
1.074480000000000000e+05
6.967200000000000000e+04
4.565200000000000000e+04
6.638100000000000000e+04
5.394000000000000000e+04
8.709300000000000000e+04
7.162200000000000000e+04
7.109800000000000000e+04
6.870700000000000000e+04
6.766500000000000000e+04
1.031460000000000000e+05
8.392400000000000000e+04
7.799200000000000000e+04
6.949600000000000000e+04
4.798400000000000000e+04
1.140950000000000000e+05
6.056800000000000000e+04
6.056800000000000000e+04
6.832000000000000000e+04
7.161200000000000000e+04
6.596600000000000000e+04
8.612400000000000000e+04
1.012850000000000000e+05
1.070720000000000000e+05
6.550100000000000000e+04
