8.141800000000000000e+04
6.367900000000000000e+04
8.505200000000000000e+04
6.470700000000000000e+04
6.996300000000000000e+04
7.930300000000000000e+04
8.242900000000000000e+04
5.804300000000000000e+04
7.622700000000000000e+04
7.131000000000000000e+04
7.621700000000000000e+04
1.284790000000000000e+05
8.447700000000000000e+04
8.929800000000000000e+04
1.235910000000000000e+05
8.015600000000000000e+04
7.871200000000000000e+04
7.703700000000000000e+04
5.532900000000000000e+04
6.958400000000000000e+04
5.847700000000000000e+04
5.926100000000000000e+04
7.932300000000000000e+04
6.966300000000000000e+04
5.912300000000000000e+04
1.063310000000000000e+05
9.145600000000000000e+04
7.981900000000000000e+04
6.868900000000000000e+04
1.030190000000000000e+05
6.367700000000000000e+04
7.083100000000000000e+04
6.996600000000000000e+04
1.016990000000000000e+05
9.094800000000000000e+04
9.915300000000000000e+04
7.860100000000000000e+04
1.069020000000000000e+05
8.575400000000000000e+04
7.444600000000000000e+04
6.111500000000000000e+04
9.401100000000000000e+04
1.092440000000000000e+05
7.463800000000000000e+04
8.268900000000000000e+04
8.220900000000000000e+04
5.337500000000000000e+04
8.031200000000000000e+04
8.677100000000000000e+04
8.331400000000000000e+04
