9.322800000000000000e+04
6.893700000000000000e+04
8.726100000000000000e+04
6.902900000000000000e+04
6.556600000000000000e+04
7.162300000000000000e+04
6.407800000000000000e+04
6.349700000000000000e+04
7.841500000000000000e+04
7.608900000000000000e+04
8.628600000000000000e+04
1.107320000000000000e+05
8.677300000000000000e+04
6.542600000000000000e+04
1.019350000000000000e+05
7.831300000000000000e+04
7.278300000000000000e+04
8.189400000000000000e+04
6.082900000000000000e+04
6.671700000000000000e+04
6.866000000000000000e+04
5.743300000000000000e+04
8.500400000000000000e+04
6.153200000000000000e+04
6.172600000000000000e+04
1.079150000000000000e+05
9.014700000000000000e+04
8.435000000000000000e+04
7.048800000000000000e+04
9.697800000000000000e+04
5.762600000000000000e+04
5.984900000000000000e+04
6.007700000000000000e+04
1.060370000000000000e+05
9.127700000000000000e+04
9.430800000000000000e+04
7.684700000000000000e+04
9.073700000000000000e+04
8.821400000000000000e+04
5.914500000000000000e+04
6.032900000000000000e+04
8.986300000000000000e+04
1.047370000000000000e+05
5.807000000000000000e+04
8.685200000000000000e+04
6.988700000000000000e+04
6.042600000000000000e+04
7.731900000000000000e+04
8.025700000000000000e+04
9.373000000000000000e+04
