7.879400000000000000e+04
6.757400000000000000e+04
5.891500000000000000e+04
4.802800000000000000e+04
7.310100000000000000e+04
5.420200000000000000e+04
8.046300000000000000e+04
6.826700000000000000e+04
5.643600000000000000e+04
7.670400000000000000e+04
7.287000000000000000e+04
6.078300000000000000e+04
6.618300000000000000e+04
8.354900000000000000e+04
7.711300000000000000e+04
7.371100000000000000e+04
7.332900000000000000e+04
6.081400000000000000e+04
7.055800000000000000e+04
6.272500000000000000e+04
3.648500000000000000e+04
6.596400000000000000e+04
5.329100000000000000e+04
7.021500000000000000e+04
6.752600000000000000e+04
1.109410000000000000e+05
4.903700000000000000e+04
4.044600000000000000e+04
8.838300000000000000e+04
6.396600000000000000e+04
8.476400000000000000e+04
7.009000000000000000e+04
6.329500000000000000e+04
4.216600000000000000e+04
6.150700000000000000e+04
5.323000000000000000e+04
6.146900000000000000e+04
6.010100000000000000e+04
7.135800000000000000e+04
9.973400000000000000e+04
8.643100000000000000e+04
5.900600000000000000e+04
5.461300000000000000e+04
6.800800000000000000e+04
6.820900000000000000e+04
8.266900000000000000e+04
6.365500000000000000e+04
8.136000000000000000e+04
7.184700000000000000e+04
6.546900000000000000e+04
