1.725060000000000000e+05
1.615610000000000000e+05
1.720250000000000000e+05
1.733280000000000000e+05
1.607390000000000000e+05
1.655020000000000000e+05
1.585310000000000000e+05
1.729910000000000000e+05
1.547640000000000000e+05
1.698860000000000000e+05
1.626560000000000000e+05
1.774730000000000000e+05
1.674500000000000000e+05
1.754480000000000000e+05
1.794920000000000000e+05
1.684460000000000000e+05
1.798290000000000000e+05
1.507760000000000000e+05
1.696500000000000000e+05
1.662150000000000000e+05
1.613050000000000000e+05
1.607490000000000000e+05
1.649710000000000000e+05
1.801690000000000000e+05
1.675010000000000000e+05
1.849630000000000000e+05
1.901610000000000000e+05
1.725510000000000000e+05
2.118450000000000000e+05
1.784020000000000000e+05
1.749290000000000000e+05
1.813910000000000000e+05
1.723590000000000000e+05
1.580900000000000000e+05
1.788690000000000000e+05
1.599380000000000000e+05
1.800980000000000000e+05
1.718260000000000000e+05
1.555220000000000000e+05
1.692520000000000000e+05
1.688530000000000000e+05
2.038500000000000000e+05
1.698390000000000000e+05
2.034050000000000000e+05
1.532960000000000000e+05
1.496550000000000000e+05
1.813210000000000000e+05
1.730460000000000000e+05
1.686960000000000000e+05
1.789950000000000000e+05
