8.629600000000000000e+04
8.629600000000000000e+04
8.629600000000000000e+04
8.629600000000000000e+04
8.629600000000000000e+04
8.629600000000000000e+04
8.629600000000000000e+04
8.629600000000000000e+04
8.629600000000000000e+04
8.629600000000000000e+04
8.629600000000000000e+04
8.629600000000000000e+04
8.629600000000000000e+04
8.629600000000000000e+04
8.629600000000000000e+04
8.629600000000000000e+04
8.629600000000000000e+04
8.629600000000000000e+04
8.629600000000000000e+04
8.629600000000000000e+04
8.629600000000000000e+04
8.629600000000000000e+04
8.629600000000000000e+04
8.629600000000000000e+04
8.629600000000000000e+04
8.629600000000000000e+04
8.629600000000000000e+04
8.629600000000000000e+04
8.629600000000000000e+04
8.629600000000000000e+04
8.629600000000000000e+04
8.629600000000000000e+04
8.629600000000000000e+04
8.629600000000000000e+04
8.629600000000000000e+04
8.629600000000000000e+04
8.629600000000000000e+04
8.629600000000000000e+04
8.629600000000000000e+04
8.629600000000000000e+04
8.629600000000000000e+04
8.629600000000000000e+04
8.629600000000000000e+04
8.629600000000000000e+04
8.629600000000000000e+04
8.629600000000000000e+04
8.629600000000000000e+04
8.629600000000000000e+04
8.629600000000000000e+04
8.629600000000000000e+04
