1.641690000000000000e+05
1.603230000000000000e+05
1.601630000000000000e+05
1.638760000000000000e+05
1.689750000000000000e+05
1.573040000000000000e+05
1.686580000000000000e+05
1.813110000000000000e+05
1.647600000000000000e+05
1.699320000000000000e+05
1.506240000000000000e+05
1.580840000000000000e+05
1.661870000000000000e+05
1.716770000000000000e+05
1.632460000000000000e+05
1.508990000000000000e+05
1.554820000000000000e+05
1.635130000000000000e+05
1.687780000000000000e+05
1.659850000000000000e+05
1.704660000000000000e+05
1.515240000000000000e+05
1.418880000000000000e+05
1.501290000000000000e+05
1.763090000000000000e+05
1.680800000000000000e+05
1.524180000000000000e+05
1.362140000000000000e+05
1.711110000000000000e+05
1.630900000000000000e+05
1.618340000000000000e+05
1.646510000000000000e+05
1.696860000000000000e+05
1.837070000000000000e+05
1.621660000000000000e+05
1.730360000000000000e+05
1.423220000000000000e+05
1.627400000000000000e+05
1.516990000000000000e+05
1.715770000000000000e+05
1.670510000000000000e+05
1.654630000000000000e+05
1.512430000000000000e+05
1.695280000000000000e+05
1.518680000000000000e+05
1.571130000000000000e+05
1.608020000000000000e+05
1.489950000000000000e+05
1.586420000000000000e+05
1.659980000000000000e+05
