1.408880000000000000e+05
1.507310000000000000e+05
1.361880000000000000e+05
1.378810000000000000e+05
1.353710000000000000e+05
1.309260000000000000e+05
1.352460000000000000e+05
1.426550000000000000e+05
1.389320000000000000e+05
1.256390000000000000e+05
1.378840000000000000e+05
1.304150000000000000e+05
1.436210000000000000e+05
1.365960000000000000e+05
1.427390000000000000e+05
1.517650000000000000e+05
1.270970000000000000e+05
1.574970000000000000e+05
1.371620000000000000e+05
1.294510000000000000e+05
1.396000000000000000e+05
1.365800000000000000e+05
1.336900000000000000e+05
1.318640000000000000e+05
1.408630000000000000e+05
1.494240000000000000e+05
1.309060000000000000e+05
1.450660000000000000e+05
1.316110000000000000e+05
1.334450000000000000e+05
1.357770000000000000e+05
1.385430000000000000e+05
1.474180000000000000e+05
1.383780000000000000e+05
1.379630000000000000e+05
1.493960000000000000e+05
1.539390000000000000e+05
1.461540000000000000e+05
1.344320000000000000e+05
1.355060000000000000e+05
1.356690000000000000e+05
1.290290000000000000e+05
1.501760000000000000e+05
1.579340000000000000e+05
1.436860000000000000e+05
1.345410000000000000e+05
1.473990000000000000e+05
1.333170000000000000e+05
1.416930000000000000e+05
1.392990000000000000e+05
