3.826820000000000000e+05
3.826820000000000000e+05
3.826820000000000000e+05
3.826820000000000000e+05
3.826820000000000000e+05
3.826820000000000000e+05
3.826820000000000000e+05
3.826820000000000000e+05
3.826820000000000000e+05
3.826820000000000000e+05
3.826820000000000000e+05
3.826820000000000000e+05
3.826820000000000000e+05
3.826820000000000000e+05
3.826820000000000000e+05
3.826820000000000000e+05
3.826820000000000000e+05
3.826820000000000000e+05
3.826820000000000000e+05
3.826820000000000000e+05
3.826820000000000000e+05
3.826820000000000000e+05
3.826820000000000000e+05
3.826820000000000000e+05
3.826820000000000000e+05
3.826820000000000000e+05
3.826820000000000000e+05
3.826820000000000000e+05
3.826820000000000000e+05
3.826820000000000000e+05
3.826820000000000000e+05
3.826820000000000000e+05
3.826820000000000000e+05
3.826820000000000000e+05
3.826820000000000000e+05
3.826820000000000000e+05
3.826820000000000000e+05
3.826820000000000000e+05
3.826820000000000000e+05
3.826820000000000000e+05
3.826820000000000000e+05
3.826820000000000000e+05
3.826820000000000000e+05
3.826820000000000000e+05
3.826820000000000000e+05
3.826820000000000000e+05
3.826820000000000000e+05
3.826820000000000000e+05
3.826820000000000000e+05
3.826820000000000000e+05
