1.510480000000000000e+05
1.387580000000000000e+05
1.294560000000000000e+05
1.403710000000000000e+05
1.272360000000000000e+05
1.681530000000000000e+05
1.214760000000000000e+05
1.407980000000000000e+05
1.294920000000000000e+05
1.657680000000000000e+05
1.465610000000000000e+05
1.425460000000000000e+05
1.444480000000000000e+05
1.668930000000000000e+05
1.455340000000000000e+05
1.382460000000000000e+05
1.496070000000000000e+05
1.430470000000000000e+05
1.445390000000000000e+05
1.429020000000000000e+05
1.459000000000000000e+05
1.460990000000000000e+05
1.402590000000000000e+05
1.621380000000000000e+05
1.607770000000000000e+05
1.444420000000000000e+05
1.721950000000000000e+05
1.707470000000000000e+05
1.539580000000000000e+05
1.438600000000000000e+05
1.700890000000000000e+05
1.525220000000000000e+05
1.414890000000000000e+05
1.465730000000000000e+05
1.398510000000000000e+05
1.423170000000000000e+05
1.341510000000000000e+05
1.295540000000000000e+05
1.342070000000000000e+05
1.405770000000000000e+05
1.476230000000000000e+05
1.577960000000000000e+05
1.364540000000000000e+05
1.546750000000000000e+05
1.391280000000000000e+05
1.601890000000000000e+05
1.426090000000000000e+05
1.378890000000000000e+05
1.496920000000000000e+05
1.443690000000000000e+05
