3.603600000000000000e+05
3.603600000000000000e+05
3.603600000000000000e+05
3.603600000000000000e+05
3.603600000000000000e+05
3.603600000000000000e+05
3.603600000000000000e+05
3.603600000000000000e+05
3.603600000000000000e+05
3.603600000000000000e+05
3.603600000000000000e+05
3.603600000000000000e+05
3.603600000000000000e+05
3.603600000000000000e+05
3.603600000000000000e+05
3.603600000000000000e+05
3.603600000000000000e+05
3.603600000000000000e+05
3.603600000000000000e+05
3.603600000000000000e+05
3.603600000000000000e+05
3.603600000000000000e+05
3.603600000000000000e+05
3.603600000000000000e+05
3.603600000000000000e+05
3.603600000000000000e+05
3.603600000000000000e+05
3.603600000000000000e+05
3.603600000000000000e+05
3.603600000000000000e+05
3.603600000000000000e+05
3.603600000000000000e+05
3.603600000000000000e+05
3.603600000000000000e+05
3.603600000000000000e+05
3.603600000000000000e+05
3.603600000000000000e+05
3.603600000000000000e+05
3.603600000000000000e+05
3.603600000000000000e+05
3.603600000000000000e+05
3.603600000000000000e+05
3.603600000000000000e+05
3.603600000000000000e+05
3.603600000000000000e+05
3.603600000000000000e+05
3.603600000000000000e+05
3.603600000000000000e+05
3.603600000000000000e+05
3.603600000000000000e+05
