3.384400000000000000e+04
4.455100000000000000e+04
3.535300000000000000e+04
3.071500000000000000e+04
3.324600000000000000e+04
3.646700000000000000e+04
5.761200000000000000e+04
3.858300000000000000e+04
5.490900000000000000e+04
3.914700000000000000e+04
5.288300000000000000e+04
5.308800000000000000e+04
1.347300000000000000e+04
4.163500000000000000e+04
4.755700000000000000e+04
2.000600000000000000e+04
4.876000000000000000e+04
3.792800000000000000e+04
3.206300000000000000e+04
4.649600000000000000e+04
4.404700000000000000e+04
5.117800000000000000e+04
4.190800000000000000e+04
3.098100000000000000e+04
5.450000000000000000e+04
5.739800000000000000e+04
5.129900000000000000e+04
4.276700000000000000e+04
1.934600000000000000e+04
6.010400000000000000e+04
1.896000000000000000e+04
3.206300000000000000e+04
6.334600000000000000e+04
3.869400000000000000e+04
6.255300000000000000e+04
1.935000000000000000e+03
1.927200000000000000e+04
4.958100000000000000e+04
2.081300000000000000e+04
5.294900000000000000e+04
1.499800000000000000e+04
3.572300000000000000e+04
5.079200000000000000e+04
2.261300000000000000e+04
4.927300000000000000e+04
3.532400000000000000e+04
4.186500000000000000e+04
6.277200000000000000e+04
3.659100000000000000e+04
3.803400000000000000e+04
