7.447700000000000000e+04
5.770200000000000000e+04
5.412100000000000000e+04
5.237600000000000000e+04
6.605000000000000000e+04
6.958700000000000000e+04
6.725300000000000000e+04
8.300000000000000000e+04
5.301900000000000000e+04
9.661900000000000000e+04
3.958600000000000000e+04
6.452200000000000000e+04
5.851300000000000000e+04
6.818700000000000000e+04
5.444500000000000000e+04
3.685500000000000000e+04
6.190400000000000000e+04
4.871100000000000000e+04
5.613200000000000000e+04
6.950700000000000000e+04
7.442900000000000000e+04
5.146800000000000000e+04
7.502400000000000000e+04
5.605100000000000000e+04
8.356700000000000000e+04
5.626100000000000000e+04
6.462800000000000000e+04
7.442400000000000000e+04
6.372700000000000000e+04
5.849000000000000000e+04
7.635700000000000000e+04
5.956900000000000000e+04
6.762300000000000000e+04
5.606400000000000000e+04
5.594100000000000000e+04
6.149300000000000000e+04
6.681000000000000000e+04
5.094500000000000000e+04
4.928000000000000000e+04
5.731500000000000000e+04
4.269000000000000000e+04
8.814900000000000000e+04
5.838600000000000000e+04
4.159600000000000000e+04
6.963400000000000000e+04
4.787400000000000000e+04
7.018700000000000000e+04
4.781100000000000000e+04
4.440500000000000000e+04
3.564400000000000000e+04
