8.692600000000000000e+04
9.627700000000000000e+04
9.726500000000000000e+04
8.226900000000000000e+04
4.947500000000000000e+04
8.689600000000000000e+04
1.034360000000000000e+05
6.582100000000000000e+04
7.025700000000000000e+04
9.231300000000000000e+04
7.269100000000000000e+04
1.095360000000000000e+05
6.183700000000000000e+04
8.722800000000000000e+04
6.363800000000000000e+04
6.439000000000000000e+04
9.223000000000000000e+04
9.527000000000000000e+04
8.113200000000000000e+04
9.000400000000000000e+04
7.325200000000000000e+04
8.156600000000000000e+04
7.744500000000000000e+04
8.760600000000000000e+04
7.782000000000000000e+04
1.068670000000000000e+05
9.371600000000000000e+04
7.802300000000000000e+04
8.847400000000000000e+04
1.007050000000000000e+05
6.519900000000000000e+04
6.767600000000000000e+04
7.080900000000000000e+04
8.857400000000000000e+04
6.461200000000000000e+04
1.057300000000000000e+05
5.669600000000000000e+04
8.740200000000000000e+04
9.952100000000000000e+04
9.135400000000000000e+04
7.644800000000000000e+04
7.469400000000000000e+04
9.996200000000000000e+04
6.748800000000000000e+04
1.042630000000000000e+05
8.863200000000000000e+04
6.698300000000000000e+04
7.512500000000000000e+04
7.909800000000000000e+04
1.230040000000000000e+05
