7.632600000000000000e+04
1.165490000000000000e+05
6.799600000000000000e+04
7.204000000000000000e+04
8.210000000000000000e+04
4.966400000000000000e+04
7.530700000000000000e+04
6.199600000000000000e+04
8.786000000000000000e+04
4.809000000000000000e+04
5.964600000000000000e+04
6.839000000000000000e+04
9.114500000000000000e+04
8.122500000000000000e+04
8.799900000000000000e+04
6.004000000000000000e+04
5.742700000000000000e+04
6.587600000000000000e+04
9.504100000000000000e+04
7.208400000000000000e+04
8.561500000000000000e+04
7.765100000000000000e+04
9.656100000000000000e+04
6.527900000000000000e+04
7.459800000000000000e+04
7.199800000000000000e+04
9.362200000000000000e+04
8.616600000000000000e+04
8.342400000000000000e+04
8.510100000000000000e+04
8.159300000000000000e+04
8.211600000000000000e+04
8.815100000000000000e+04
7.813300000000000000e+04
6.957100000000000000e+04
5.924200000000000000e+04
8.142800000000000000e+04
7.937500000000000000e+04
7.895700000000000000e+04
7.313500000000000000e+04
8.421500000000000000e+04
8.325200000000000000e+04
8.670400000000000000e+04
6.963200000000000000e+04
5.276200000000000000e+04
8.506900000000000000e+04
6.821200000000000000e+04
5.982600000000000000e+04
7.937900000000000000e+04
8.102800000000000000e+04
