7.097800000000000000e+04
7.995500000000000000e+04
7.066000000000000000e+04
6.618600000000000000e+04
8.814800000000000000e+04
4.508600000000000000e+04
7.233700000000000000e+04
5.879000000000000000e+04
6.869400000000000000e+04
3.610900000000000000e+04
9.420100000000000000e+04
4.938900000000000000e+04
9.449900000000000000e+04
7.456800000000000000e+04
7.550300000000000000e+04
3.847600000000000000e+04
7.164900000000000000e+04
8.174400000000000000e+04
5.305300000000000000e+04
8.835100000000000000e+04
4.555600000000000000e+04
6.500900000000000000e+04
7.728700000000000000e+04
6.678500000000000000e+04
9.994900000000000000e+04
6.929400000000000000e+04
5.418200000000000000e+04
8.327300000000000000e+04
3.074100000000000000e+04
7.315000000000000000e+04
8.168300000000000000e+04
3.326400000000000000e+04
5.172600000000000000e+04
8.955300000000000000e+04
4.182100000000000000e+04
8.272100000000000000e+04
7.181000000000000000e+04
7.372600000000000000e+04
6.427800000000000000e+04
5.625100000000000000e+04
3.585900000000000000e+04
6.298200000000000000e+04
8.292500000000000000e+04
6.898700000000000000e+04
6.592800000000000000e+04
5.692600000000000000e+04
7.987000000000000000e+04
4.323800000000000000e+04
7.067000000000000000e+04
6.136200000000000000e+04
