7.897500000000000000e+04
8.773600000000000000e+04
5.893700000000000000e+04
5.715700000000000000e+04
7.874100000000000000e+04
4.671800000000000000e+04
6.572100000000000000e+04
3.939500000000000000e+04
8.445000000000000000e+04
4.116500000000000000e+04
6.310400000000000000e+04
5.511100000000000000e+04
8.083100000000000000e+04
6.671600000000000000e+04
7.394900000000000000e+04
6.440400000000000000e+04
2.697000000000000000e+04
7.634300000000000000e+04
7.281400000000000000e+04
7.534300000000000000e+04
6.127300000000000000e+04
5.049200000000000000e+04
8.720300000000000000e+04
6.715600000000000000e+04
6.956100000000000000e+04
8.206100000000000000e+04
7.061800000000000000e+04
7.907100000000000000e+04
8.582700000000000000e+04
5.371200000000000000e+04
6.117900000000000000e+04
7.993800000000000000e+04
7.164000000000000000e+04
6.546600000000000000e+04
4.380000000000000000e+04
7.275900000000000000e+04
7.241600000000000000e+04
5.318800000000000000e+04
6.197100000000000000e+04
5.224200000000000000e+04
5.091000000000000000e+04
7.139500000000000000e+04
8.551100000000000000e+04
6.272000000000000000e+04
6.019300000000000000e+04
6.529100000000000000e+04
6.507800000000000000e+04
6.745900000000000000e+04
7.352300000000000000e+04
6.169100000000000000e+04
