8.842500000000000000e+04
9.358200000000000000e+04
1.018070000000000000e+05
9.491100000000000000e+04
6.148000000000000000e+04
1.135590000000000000e+05
1.046160000000000000e+05
7.050600000000000000e+04
8.341900000000000000e+04
1.136590000000000000e+05
7.778700000000000000e+04
1.115470000000000000e+05
6.641700000000000000e+04
8.374700000000000000e+04
6.699700000000000000e+04
9.588200000000000000e+04
8.537700000000000000e+04
9.561800000000000000e+04
7.868200000000000000e+04
9.204000000000000000e+04
8.259500000000000000e+04
7.091600000000000000e+04
7.820400000000000000e+04
8.850000000000000000e+04
7.756400000000000000e+04
1.285340000000000000e+05
1.008110000000000000e+05
8.761300000000000000e+04
9.166900000000000000e+04
1.042810000000000000e+05
7.690400000000000000e+04
8.856400000000000000e+04
8.806100000000000000e+04
8.219600000000000000e+04
6.838500000000000000e+04
1.010140000000000000e+05
5.195900000000000000e+04
8.070900000000000000e+04
9.876700000000000000e+04
9.270900000000000000e+04
7.060400000000000000e+04
1.015570000000000000e+05
9.805800000000000000e+04
8.665100000000000000e+04
1.065300000000000000e+05
1.167950000000000000e+05
7.290100000000000000e+04
6.621900000000000000e+04
7.260100000000000000e+04
1.310840000000000000e+05
