6.843400000000000000e+04
7.638900000000000000e+04
9.490300000000000000e+04
7.243500000000000000e+04
6.635900000000000000e+04
9.313100000000000000e+04
8.187600000000000000e+04
7.535300000000000000e+04
6.386800000000000000e+04
9.019800000000000000e+04
7.084600000000000000e+04
9.107500000000000000e+04
6.606500000000000000e+04
8.774300000000000000e+04
7.644400000000000000e+04
9.804500000000000000e+04
9.470500000000000000e+04
8.089100000000000000e+04
8.355800000000000000e+04
7.814300000000000000e+04
7.856900000000000000e+04
9.454700000000000000e+04
8.795000000000000000e+04
8.450200000000000000e+04
7.388600000000000000e+04
7.291900000000000000e+04
1.106640000000000000e+05
7.638600000000000000e+04
7.570900000000000000e+04
5.961400000000000000e+04
6.703000000000000000e+04
8.855400000000000000e+04
7.950500000000000000e+04
7.283500000000000000e+04
7.589200000000000000e+04
7.457400000000000000e+04
9.022800000000000000e+04
8.257900000000000000e+04
8.684900000000000000e+04
4.701100000000000000e+04
6.077200000000000000e+04
9.604600000000000000e+04
6.490100000000000000e+04
1.030730000000000000e+05
9.709900000000000000e+04
6.113400000000000000e+04
8.856900000000000000e+04
8.193800000000000000e+04
6.068400000000000000e+04
7.565700000000000000e+04
