6.581400000000000000e+04
9.155000000000000000e+04
8.830900000000000000e+04
4.995400000000000000e+04
7.581700000000000000e+04
7.711900000000000000e+04
6.821500000000000000e+04
7.408400000000000000e+04
6.296600000000000000e+04
9.487500000000000000e+04
7.823300000000000000e+04
9.098500000000000000e+04
7.416500000000000000e+04
7.214900000000000000e+04
5.754500000000000000e+04
9.859300000000000000e+04
9.550600000000000000e+04
7.489400000000000000e+04
7.154600000000000000e+04
9.366400000000000000e+04
5.994000000000000000e+04
9.306500000000000000e+04
9.260500000000000000e+04
9.361200000000000000e+04
7.097300000000000000e+04
8.843200000000000000e+04
1.185710000000000000e+05
7.249800000000000000e+04
6.800700000000000000e+04
8.894800000000000000e+04
7.188600000000000000e+04
8.310400000000000000e+04
7.060300000000000000e+04
7.362700000000000000e+04
7.253800000000000000e+04
6.862700000000000000e+04
9.362700000000000000e+04
8.995400000000000000e+04
8.803100000000000000e+04
5.727400000000000000e+04
4.597200000000000000e+04
9.463800000000000000e+04
6.238600000000000000e+04
8.147400000000000000e+04
9.225600000000000000e+04
7.607600000000000000e+04
8.099100000000000000e+04
1.045010000000000000e+05
7.207500000000000000e+04
7.100800000000000000e+04
