8.396800000000000000e+04
1.028310000000000000e+05
6.329600000000000000e+04
6.394100000000000000e+04
9.443400000000000000e+04
5.030300000000000000e+04
7.099500000000000000e+04
8.345300000000000000e+04
8.246500000000000000e+04
5.259600000000000000e+04
6.755600000000000000e+04
9.827300000000000000e+04
7.898500000000000000e+04
6.442800000000000000e+04
8.468300000000000000e+04
5.683200000000000000e+04
7.496000000000000000e+04
6.558600000000000000e+04
6.249300000000000000e+04
5.878700000000000000e+04
1.037990000000000000e+05
7.851800000000000000e+04
9.725500000000000000e+04
5.071600000000000000e+04
8.376600000000000000e+04
7.756200000000000000e+04
8.259200000000000000e+04
8.606100000000000000e+04
1.026470000000000000e+05
7.092100000000000000e+04
1.300980000000000000e+05
9.461600000000000000e+04
1.002850000000000000e+05
9.630900000000000000e+04
7.157600000000000000e+04
6.587400000000000000e+04
1.025980000000000000e+05
8.394100000000000000e+04
9.001000000000000000e+04
7.959900000000000000e+04
1.056260000000000000e+05
7.153100000000000000e+04
9.083400000000000000e+04
5.746700000000000000e+04
8.703200000000000000e+04
9.186100000000000000e+04
7.908600000000000000e+04
8.117900000000000000e+04
9.410700000000000000e+04
6.319800000000000000e+04
