6.042400000000000000e+04
4.176700000000000000e+04
6.831700000000000000e+04
9.155100000000000000e+04
4.723500000000000000e+04
7.906600000000000000e+04
6.772300000000000000e+04
1.328990000000000000e+05
8.095000000000000000e+04
5.209300000000000000e+04
7.494600000000000000e+04
8.845200000000000000e+04
5.755500000000000000e+04
8.210200000000000000e+04
4.789900000000000000e+04
6.153800000000000000e+04
9.541400000000000000e+04
7.596500000000000000e+04
6.284900000000000000e+04
9.415400000000000000e+04
7.078800000000000000e+04
7.574200000000000000e+04
7.844200000000000000e+04
6.572200000000000000e+04
6.584700000000000000e+04
5.255400000000000000e+04
7.199800000000000000e+04
7.014400000000000000e+04
7.939500000000000000e+04
8.044500000000000000e+04
1.010220000000000000e+05
7.535100000000000000e+04
5.889600000000000000e+04
7.571400000000000000e+04
6.870600000000000000e+04
5.945700000000000000e+04
5.932000000000000000e+04
4.973900000000000000e+04
6.833200000000000000e+04
6.584600000000000000e+04
9.097000000000000000e+04
8.497100000000000000e+04
7.750100000000000000e+04
5.924900000000000000e+04
7.428900000000000000e+04
5.341700000000000000e+04
5.601400000000000000e+04
9.628500000000000000e+04
6.079400000000000000e+04
7.250100000000000000e+04
