4.923200000000000000e+04
5.653200000000000000e+04
9.018300000000000000e+04
9.028300000000000000e+04
5.987700000000000000e+04
7.992200000000000000e+04
6.328600000000000000e+04
9.689100000000000000e+04
7.387500000000000000e+04
7.740200000000000000e+04
7.516000000000000000e+04
6.384300000000000000e+04
6.541700000000000000e+04
7.820900000000000000e+04
7.222000000000000000e+04
6.122400000000000000e+04
1.002530000000000000e+05
6.885900000000000000e+04
4.812700000000000000e+04
6.812400000000000000e+04
5.353700000000000000e+04
6.043400000000000000e+04
8.436100000000000000e+04
6.930600000000000000e+04
6.672600000000000000e+04
5.287600000000000000e+04
7.024800000000000000e+04
5.105700000000000000e+04
5.781600000000000000e+04
6.654000000000000000e+04
9.313800000000000000e+04
9.133300000000000000e+04
6.027900000000000000e+04
5.160800000000000000e+04
6.606400000000000000e+04
5.455700000000000000e+04
5.824300000000000000e+04
6.392400000000000000e+04
4.833700000000000000e+04
6.838600000000000000e+04
9.425800000000000000e+04
6.966800000000000000e+04
6.591600000000000000e+04
5.186200000000000000e+04
7.202700000000000000e+04
4.141800000000000000e+04
4.575100000000000000e+04
8.537500000000000000e+04
4.400400000000000000e+04
6.224200000000000000e+04
