5.244600000000000000e+04
4.492900000000000000e+04
6.333600000000000000e+04
5.261400000000000000e+04
4.549700000000000000e+04
5.191000000000000000e+04
5.747900000000000000e+04
7.146300000000000000e+04
5.274700000000000000e+04
6.331800000000000000e+04
5.223700000000000000e+04
6.226400000000000000e+04
5.268000000000000000e+04
5.522100000000000000e+04
6.640100000000000000e+04
5.563200000000000000e+04
3.916400000000000000e+04
5.689500000000000000e+04
7.919000000000000000e+04
5.840300000000000000e+04
4.183700000000000000e+04
7.113500000000000000e+04
5.277100000000000000e+04
5.406600000000000000e+04
5.402200000000000000e+04
5.327300000000000000e+04
6.067700000000000000e+04
6.060900000000000000e+04
5.174600000000000000e+04
5.206600000000000000e+04
4.113400000000000000e+04
5.612600000000000000e+04
5.470700000000000000e+04
5.851500000000000000e+04
6.366000000000000000e+04
4.928600000000000000e+04
5.088700000000000000e+04
5.710700000000000000e+04
4.787900000000000000e+04
5.680800000000000000e+04
4.353500000000000000e+04
4.194200000000000000e+04
4.702800000000000000e+04
4.269700000000000000e+04
5.622700000000000000e+04
6.486200000000000000e+04
5.108000000000000000e+04
5.609800000000000000e+04
7.157400000000000000e+04
5.325600000000000000e+04
