8.161300000000000000e+04
8.518300000000000000e+04
8.114200000000000000e+04
7.262400000000000000e+04
9.180500000000000000e+04
8.644200000000000000e+04
6.912500000000000000e+04
8.132300000000000000e+04
7.229500000000000000e+04
7.747000000000000000e+04
7.581500000000000000e+04
7.649000000000000000e+04
8.223300000000000000e+04
6.372200000000000000e+04
6.594500000000000000e+04
7.341300000000000000e+04
8.304800000000000000e+04
5.396400000000000000e+04
8.998100000000000000e+04
9.425600000000000000e+04
8.576000000000000000e+04
7.034100000000000000e+04
7.277600000000000000e+04
7.305800000000000000e+04
9.057400000000000000e+04
7.634400000000000000e+04
6.910200000000000000e+04
8.460000000000000000e+04
7.038400000000000000e+04
7.874700000000000000e+04
7.889800000000000000e+04
9.089400000000000000e+04
6.314000000000000000e+04
7.955300000000000000e+04
8.064700000000000000e+04
7.549100000000000000e+04
6.622100000000000000e+04
6.833600000000000000e+04
9.123100000000000000e+04
8.276700000000000000e+04
7.855700000000000000e+04
6.154500000000000000e+04
5.634700000000000000e+04
8.229200000000000000e+04
6.416100000000000000e+04
5.787700000000000000e+04
7.503600000000000000e+04
8.069900000000000000e+04
7.239400000000000000e+04
6.121100000000000000e+04
