6.118400000000000000e+04
5.189000000000000000e+04
4.888100000000000000e+04
3.501000000000000000e+04
6.176800000000000000e+04
6.439900000000000000e+04
5.689500000000000000e+04
7.704000000000000000e+04
5.150700000000000000e+04
8.026200000000000000e+04
3.805500000000000000e+04
5.743000000000000000e+04
3.778600000000000000e+04
4.696200000000000000e+04
3.261700000000000000e+04
4.577000000000000000e+04
4.376800000000000000e+04
7.102800000000000000e+04
5.172400000000000000e+04
6.598700000000000000e+04
7.674600000000000000e+04
3.950700000000000000e+04
4.757600000000000000e+04
3.535600000000000000e+04
8.043200000000000000e+04
5.437500000000000000e+04
5.585500000000000000e+04
7.363100000000000000e+04
6.177200000000000000e+04
4.010000000000000000e+04
7.945700000000000000e+04
5.016300000000000000e+04
6.181400000000000000e+04
4.984300000000000000e+04
3.128600000000000000e+04
5.560800000000000000e+04
7.440600000000000000e+04
5.632300000000000000e+04
5.911400000000000000e+04
5.088700000000000000e+04
5.110800000000000000e+04
7.231300000000000000e+04
5.641800000000000000e+04
4.676600000000000000e+04
6.684200000000000000e+04
4.547800000000000000e+04
6.537900000000000000e+04
4.708800000000000000e+04
2.866000000000000000e+04
4.701200000000000000e+04
