4.861600000000000000e+04
5.585600000000000000e+04
6.709000000000000000e+04
6.429400000000000000e+04
5.651000000000000000e+04
6.727300000000000000e+04
6.210600000000000000e+04
1.494020000000000000e+05
8.637300000000000000e+04
5.575000000000000000e+04
8.853800000000000000e+04
9.815400000000000000e+04
5.637600000000000000e+04
5.671900000000000000e+04
6.487500000000000000e+04
6.134600000000000000e+04
9.888600000000000000e+04
7.502400000000000000e+04
6.889500000000000000e+04
8.244000000000000000e+04
4.429900000000000000e+04
5.758900000000000000e+04
8.167200000000000000e+04
6.950200000000000000e+04
6.294700000000000000e+04
4.828000000000000000e+04
6.144900000000000000e+04
5.638600000000000000e+04
7.073300000000000000e+04
6.136200000000000000e+04
8.453500000000000000e+04
9.175200000000000000e+04
5.724400000000000000e+04
7.889800000000000000e+04
7.003600000000000000e+04
6.766800000000000000e+04
5.823300000000000000e+04
5.586900000000000000e+04
6.271600000000000000e+04
5.910600000000000000e+04
9.394700000000000000e+04
6.848300000000000000e+04
8.079400000000000000e+04
4.660700000000000000e+04
8.067200000000000000e+04
4.417500000000000000e+04
6.377600000000000000e+04
9.374200000000000000e+04
4.426100000000000000e+04
7.110800000000000000e+04
