6.523100000000000000e+04
2.835400000000000000e+04
4.631200000000000000e+04
1.876000000000000000e+04
6.075300000000000000e+04
4.319100000000000000e+04
6.406800000000000000e+04
6.940800000000000000e+04
2.834900000000000000e+04
6.738400000000000000e+04
2.360800000000000000e+04
4.314500000000000000e+04
2.776900000000000000e+04
4.224100000000000000e+04
3.351100000000000000e+04
3.082500000000000000e+04
3.890800000000000000e+04
5.218900000000000000e+04
4.974000000000000000e+04
3.958100000000000000e+04
5.820900000000000000e+04
5.559400000000000000e+04
5.299800000000000000e+04
3.191500000000000000e+04
6.673600000000000000e+04
5.938200000000000000e+04
4.778200000000000000e+04
6.227000000000000000e+04
7.002300000000000000e+04
3.007000000000000000e+04
5.100700000000000000e+04
4.789800000000000000e+04
6.016200000000000000e+04
2.443200000000000000e+04
3.301800000000000000e+04
2.546000000000000000e+04
4.392800000000000000e+04
5.481800000000000000e+04
3.374200000000000000e+04
4.751100000000000000e+04
3.316000000000000000e+04
6.969400000000000000e+04
4.772800000000000000e+04
4.680800000000000000e+04
5.789500000000000000e+04
4.256700000000000000e+04
6.012600000000000000e+04
5.577700000000000000e+04
4.343000000000000000e+04
5.988000000000000000e+04
