7.618900000000000000e+04
5.228600000000000000e+04
4.944800000000000000e+04
3.093800000000000000e+04
6.043000000000000000e+04
4.134800000000000000e+04
7.056200000000000000e+04
8.271800000000000000e+04
3.481900000000000000e+04
7.417400000000000000e+04
4.610300000000000000e+04
4.718300000000000000e+04
4.392400000000000000e+04
5.175800000000000000e+04
4.526400000000000000e+04
5.431000000000000000e+04
3.680600000000000000e+04
5.771100000000000000e+04
6.109100000000000000e+04
5.340500000000000000e+04
7.197300000000000000e+04
5.068900000000000000e+04
6.159700000000000000e+04
3.960700000000000000e+04
7.681100000000000000e+04
6.315000000000000000e+04
5.937400000000000000e+04
7.737400000000000000e+04
7.545000000000000000e+04
4.593000000000000000e+04
6.605200000000000000e+04
7.048700000000000000e+04
6.211900000000000000e+04
4.576600000000000000e+04
5.324200000000000000e+04
5.497200000000000000e+04
8.218000000000000000e+04
6.062000000000000000e+04
5.556000000000000000e+04
6.036800000000000000e+04
4.477900000000000000e+04
8.436900000000000000e+04
5.135300000000000000e+04
6.060500000000000000e+04
6.536100000000000000e+04
5.885500000000000000e+04
6.901800000000000000e+04
6.985800000000000000e+04
5.373600000000000000e+04
5.770200000000000000e+04
