8.613200000000000000e+04
6.679000000000000000e+04
6.042000000000000000e+04
6.950300000000000000e+04
4.556800000000000000e+04
4.257700000000000000e+04
7.258400000000000000e+04
5.062800000000000000e+04
7.109000000000000000e+04
5.932800000000000000e+04
7.818400000000000000e+04
5.859900000000000000e+04
1.022860000000000000e+05
6.965300000000000000e+04
4.918100000000000000e+04
5.824100000000000000e+04
7.808500000000000000e+04
5.859300000000000000e+04
6.800400000000000000e+04
4.403000000000000000e+04
2.908700000000000000e+04
7.684900000000000000e+04
7.642500000000000000e+04
8.703500000000000000e+04
5.051500000000000000e+04
8.789800000000000000e+04
6.647400000000000000e+04
7.173500000000000000e+04
6.350100000000000000e+04
8.358400000000000000e+04
7.319100000000000000e+04
7.574900000000000000e+04
6.663400000000000000e+04
6.843700000000000000e+04
6.688500000000000000e+04
7.233600000000000000e+04
6.840800000000000000e+04
7.238200000000000000e+04
7.519900000000000000e+04
8.236700000000000000e+04
7.980300000000000000e+04
8.689600000000000000e+04
5.051100000000000000e+04
7.599300000000000000e+04
6.746500000000000000e+04
7.130500000000000000e+04
4.945200000000000000e+04
6.690400000000000000e+04
7.807500000000000000e+04
5.966000000000000000e+04
