8.637800000000000000e+04
9.412200000000000000e+04
9.239400000000000000e+04
6.716000000000000000e+04
6.052200000000000000e+04
9.773100000000000000e+04
8.217800000000000000e+04
6.361700000000000000e+04
8.650500000000000000e+04
1.099670000000000000e+05
7.525900000000000000e+04
1.172750000000000000e+05
7.379500000000000000e+04
7.405600000000000000e+04
5.977700000000000000e+04
5.851500000000000000e+04
1.060770000000000000e+05
9.119100000000000000e+04
7.427500000000000000e+04
1.018660000000000000e+05
8.150400000000000000e+04
7.263200000000000000e+04
8.512600000000000000e+04
7.696600000000000000e+04
7.685800000000000000e+04
1.023670000000000000e+05
8.133200000000000000e+04
8.039300000000000000e+04
7.629400000000000000e+04
1.003510000000000000e+05
7.195800000000000000e+04
6.316000000000000000e+04
8.166600000000000000e+04
8.837100000000000000e+04
5.793400000000000000e+04
8.790800000000000000e+04
5.078100000000000000e+04
8.531700000000000000e+04
9.136700000000000000e+04
8.401600000000000000e+04
8.353800000000000000e+04
8.207000000000000000e+04
9.064200000000000000e+04
7.392000000000000000e+04
8.738400000000000000e+04
1.250610000000000000e+05
6.932900000000000000e+04
8.378900000000000000e+04
7.413700000000000000e+04
9.488300000000000000e+04
