6.949100000000000000e+04
7.883900000000000000e+04
9.365100000000000000e+04
5.042900000000000000e+04
4.973000000000000000e+04
7.062900000000000000e+04
7.175400000000000000e+04
6.060700000000000000e+04
5.525900000000000000e+04
9.279800000000000000e+04
6.890900000000000000e+04
8.415600000000000000e+04
8.048300000000000000e+04
8.742000000000000000e+04
5.720600000000000000e+04
9.976600000000000000e+04
9.054300000000000000e+04
5.538000000000000000e+04
7.283700000000000000e+04
8.518900000000000000e+04
6.011900000000000000e+04
9.875600000000000000e+04
6.724700000000000000e+04
7.395800000000000000e+04
6.901700000000000000e+04
9.377300000000000000e+04
1.036630000000000000e+05
6.403000000000000000e+04
5.418600000000000000e+04
9.102600000000000000e+04
7.304000000000000000e+04
7.926400000000000000e+04
6.002300000000000000e+04
6.944900000000000000e+04
6.497100000000000000e+04
5.758700000000000000e+04
8.181200000000000000e+04
7.105400000000000000e+04
8.825600000000000000e+04
5.550200000000000000e+04
5.262700000000000000e+04
9.081100000000000000e+04
4.922100000000000000e+04
6.594500000000000000e+04
9.141500000000000000e+04
7.595700000000000000e+04
6.703100000000000000e+04
9.098800000000000000e+04
6.450500000000000000e+04
7.209200000000000000e+04
