1.618400000000000000e+05
1.618400000000000000e+05
1.618400000000000000e+05
1.618400000000000000e+05
1.618400000000000000e+05
1.618400000000000000e+05
1.618400000000000000e+05
1.618400000000000000e+05
1.618400000000000000e+05
1.618400000000000000e+05
1.618400000000000000e+05
1.618400000000000000e+05
1.618400000000000000e+05
1.618400000000000000e+05
1.618400000000000000e+05
1.618400000000000000e+05
1.618400000000000000e+05
1.618400000000000000e+05
1.618400000000000000e+05
1.618400000000000000e+05
1.618400000000000000e+05
1.618400000000000000e+05
1.618400000000000000e+05
1.618400000000000000e+05
1.618400000000000000e+05
1.618400000000000000e+05
1.618400000000000000e+05
1.618400000000000000e+05
1.618400000000000000e+05
1.618400000000000000e+05
1.618400000000000000e+05
1.618400000000000000e+05
1.618400000000000000e+05
1.618400000000000000e+05
1.618400000000000000e+05
1.618400000000000000e+05
1.618400000000000000e+05
1.618400000000000000e+05
1.618400000000000000e+05
1.618400000000000000e+05
1.618400000000000000e+05
1.618400000000000000e+05
1.618400000000000000e+05
1.618400000000000000e+05
1.618400000000000000e+05
1.618400000000000000e+05
1.618400000000000000e+05
1.618400000000000000e+05
1.618400000000000000e+05
1.618400000000000000e+05
