2.772600000000000000e+05
2.772600000000000000e+05
2.772600000000000000e+05
2.772600000000000000e+05
2.772600000000000000e+05
2.772600000000000000e+05
2.772600000000000000e+05
2.772600000000000000e+05
2.772600000000000000e+05
2.772600000000000000e+05
2.772600000000000000e+05
2.772600000000000000e+05
2.772600000000000000e+05
2.772600000000000000e+05
2.772600000000000000e+05
2.772600000000000000e+05
2.772600000000000000e+05
2.772600000000000000e+05
2.772600000000000000e+05
2.772600000000000000e+05
2.772600000000000000e+05
2.772600000000000000e+05
2.772600000000000000e+05
2.772600000000000000e+05
2.772600000000000000e+05
2.772600000000000000e+05
2.772600000000000000e+05
2.772600000000000000e+05
2.772600000000000000e+05
2.772600000000000000e+05
2.772600000000000000e+05
2.772600000000000000e+05
2.772600000000000000e+05
2.772600000000000000e+05
2.772600000000000000e+05
2.772600000000000000e+05
2.772600000000000000e+05
2.772600000000000000e+05
2.772600000000000000e+05
2.772600000000000000e+05
2.772600000000000000e+05
2.772600000000000000e+05
2.772600000000000000e+05
2.772600000000000000e+05
2.772600000000000000e+05
2.772600000000000000e+05
2.772600000000000000e+05
2.772600000000000000e+05
2.772600000000000000e+05
2.772600000000000000e+05
