3.815440000000000000e+05
3.815440000000000000e+05
3.815440000000000000e+05
3.815440000000000000e+05
3.815440000000000000e+05
3.815440000000000000e+05
3.815440000000000000e+05
3.815440000000000000e+05
3.815440000000000000e+05
3.815440000000000000e+05
3.815440000000000000e+05
3.815440000000000000e+05
3.815440000000000000e+05
3.815440000000000000e+05
3.815440000000000000e+05
3.815440000000000000e+05
3.815440000000000000e+05
3.815440000000000000e+05
3.815440000000000000e+05
3.815440000000000000e+05
3.815440000000000000e+05
3.815440000000000000e+05
3.815440000000000000e+05
3.815440000000000000e+05
3.815440000000000000e+05
3.815440000000000000e+05
3.815440000000000000e+05
3.815440000000000000e+05
3.815440000000000000e+05
3.815440000000000000e+05
3.815440000000000000e+05
3.815440000000000000e+05
3.815440000000000000e+05
3.815440000000000000e+05
3.815440000000000000e+05
3.815440000000000000e+05
3.815440000000000000e+05
3.815440000000000000e+05
3.815440000000000000e+05
3.815440000000000000e+05
3.815440000000000000e+05
3.815440000000000000e+05
3.815440000000000000e+05
3.815440000000000000e+05
3.815440000000000000e+05
3.815440000000000000e+05
3.815440000000000000e+05
3.815440000000000000e+05
3.815440000000000000e+05
3.815440000000000000e+05
