2.162190000000000000e+05
1.858600000000000000e+05
1.726290000000000000e+05
1.776030000000000000e+05
1.844340000000000000e+05
1.967100000000000000e+05
1.974670000000000000e+05
1.722520000000000000e+05
1.698930000000000000e+05
1.697760000000000000e+05
1.927590000000000000e+05
1.812730000000000000e+05
1.846840000000000000e+05
1.947580000000000000e+05
1.815880000000000000e+05
1.849440000000000000e+05
1.879600000000000000e+05
1.949410000000000000e+05
1.797080000000000000e+05
1.904390000000000000e+05
1.772170000000000000e+05
1.754370000000000000e+05
2.093610000000000000e+05
1.894850000000000000e+05
1.808130000000000000e+05
2.031080000000000000e+05
1.894000000000000000e+05
2.174860000000000000e+05
1.891540000000000000e+05
1.789260000000000000e+05
1.871220000000000000e+05
2.111620000000000000e+05
1.885590000000000000e+05
1.767220000000000000e+05
1.632750000000000000e+05
1.934280000000000000e+05
1.972860000000000000e+05
1.802920000000000000e+05
1.990280000000000000e+05
1.946320000000000000e+05
2.128760000000000000e+05
1.871470000000000000e+05
1.746630000000000000e+05
1.916350000000000000e+05
1.934630000000000000e+05
1.784860000000000000e+05
1.693170000000000000e+05
1.991540000000000000e+05
1.936790000000000000e+05
1.886930000000000000e+05
