1.050090000000000000e+05
7.654000000000000000e+04
9.280500000000000000e+04
9.121900000000000000e+04
1.008350000000000000e+05
9.491400000000000000e+04
9.260100000000000000e+04
1.048290000000000000e+05
1.146580000000000000e+05
9.744500000000000000e+04
9.356600000000000000e+04
1.277770000000000000e+05
1.090730000000000000e+05
9.642000000000000000e+04
1.315060000000000000e+05
8.816200000000000000e+04
8.450300000000000000e+04
9.626700000000000000e+04
1.088160000000000000e+05
9.073900000000000000e+04
1.094160000000000000e+05
1.034710000000000000e+05
9.046300000000000000e+04
8.439600000000000000e+04
9.182100000000000000e+04
9.459300000000000000e+04
9.009700000000000000e+04
1.223590000000000000e+05
1.169160000000000000e+05
1.149630000000000000e+05
9.893000000000000000e+04
1.018750000000000000e+05
7.799000000000000000e+04
9.288400000000000000e+04
1.068820000000000000e+05
1.245890000000000000e+05
1.076990000000000000e+05
1.215530000000000000e+05
8.200000000000000000e+04
9.132100000000000000e+04
9.146400000000000000e+04
1.060240000000000000e+05
6.129700000000000000e+04
8.607200000000000000e+04
1.054380000000000000e+05
7.105900000000000000e+04
1.140870000000000000e+05
1.164840000000000000e+05
9.696800000000000000e+04
9.448100000000000000e+04
