5.066900000000000000e+05
5.066900000000000000e+05
5.066900000000000000e+05
5.066900000000000000e+05
5.066900000000000000e+05
5.066900000000000000e+05
5.066900000000000000e+05
5.066900000000000000e+05
5.066900000000000000e+05
5.066900000000000000e+05
5.066900000000000000e+05
5.066900000000000000e+05
5.066900000000000000e+05
5.066900000000000000e+05
5.066900000000000000e+05
5.066900000000000000e+05
5.066900000000000000e+05
5.066900000000000000e+05
5.066900000000000000e+05
5.066900000000000000e+05
5.066900000000000000e+05
5.066900000000000000e+05
5.066900000000000000e+05
5.066900000000000000e+05
5.066900000000000000e+05
5.066900000000000000e+05
5.066900000000000000e+05
5.066900000000000000e+05
5.066900000000000000e+05
5.066900000000000000e+05
5.066900000000000000e+05
5.066900000000000000e+05
5.066900000000000000e+05
5.066900000000000000e+05
5.066900000000000000e+05
5.066900000000000000e+05
5.066900000000000000e+05
5.066900000000000000e+05
5.066900000000000000e+05
5.066900000000000000e+05
5.066900000000000000e+05
5.066900000000000000e+05
5.066900000000000000e+05
5.066900000000000000e+05
5.066900000000000000e+05
5.066900000000000000e+05
5.066900000000000000e+05
5.066900000000000000e+05
5.066900000000000000e+05
5.066900000000000000e+05
