3.839300000000000000e+04
2.019000000000000000e+04
1.574500000000000000e+04
6.989400000000000000e+04
3.874600000000000000e+04
5.714400000000000000e+04
5.857900000000000000e+04
7.711600000000000000e+04
5.299500000000000000e+04
8.244100000000000000e+04
1.991700000000000000e+04
5.444300000000000000e+04
6.381300000000000000e+04
4.690900000000000000e+04
2.815500000000000000e+04
5.424800000000000000e+04
4.725000000000000000e+04
7.902200000000000000e+04
3.629300000000000000e+04
3.311400000000000000e+04
6.528400000000000000e+04
4.568600000000000000e+04
7.349700000000000000e+04
2.385400000000000000e+04
2.182400000000000000e+04
5.040400000000000000e+04
5.168600000000000000e+04
7.056200000000000000e+04
3.459600000000000000e+04
3.585000000000000000e+04
2.604100000000000000e+04
2.960300000000000000e+04
4.055700000000000000e+04
2.579400000000000000e+04
5.451300000000000000e+04
5.086500000000000000e+04
4.806000000000000000e+04
4.892700000000000000e+04
5.767000000000000000e+04
5.810000000000000000e+04
6.132700000000000000e+04
7.602400000000000000e+04
3.185800000000000000e+04
6.332100000000000000e+04
3.611800000000000000e+04
3.571000000000000000e+04
6.709200000000000000e+04
4.186700000000000000e+04
9.680000000000000000e+03
6.034300000000000000e+04
