2.570000000000000000e+02
2.732300000000000000e+04
1.023900000000000000e+04
1.510700000000000000e+04
9.688000000000000000e+03
0.000000000000000000e+00
2.550000000000000000e+03
2.718200000000000000e+04
3.521900000000000000e+04
1.000000000000000000e+04
1.025700000000000000e+04
1.010800000000000000e+04
2.995200000000000000e+04
1.393500000000000000e+04
1.000000000000000000e+04
3.159000000000000000e+03
5.550000000000000000e+02
2.028100000000000000e+04
6.922000000000000000e+03
8.123000000000000000e+03
1.428700000000000000e+04
1.905900000000000000e+04
1.000000000000000000e+04
2.084600000000000000e+04
0.000000000000000000e+00
0.000000000000000000e+00
1.550700000000000000e+04
7.410000000000000000e+03
1.459400000000000000e+04
2.851700000000000000e+04
3.640000000000000000e+03
0.000000000000000000e+00
4.068000000000000000e+03
9.952000000000000000e+03
2.290400000000000000e+04
2.512700000000000000e+04
0.000000000000000000e+00
3.482000000000000000e+03
1.000000000000000000e+04
1.042600000000000000e+04
3.980700000000000000e+04
1.407200000000000000e+04
1.412200000000000000e+04
1.690900000000000000e+04
3.047000000000000000e+03
0.000000000000000000e+00
1.623200000000000000e+04
2.471400000000000000e+04
2.508100000000000000e+04
4.741000000000000000e+03
