5.793300000000000000e+04
6.033500000000000000e+04
6.277300000000000000e+04
4.150800000000000000e+04
4.816100000000000000e+04
6.789300000000000000e+04
5.273700000000000000e+04
9.259000000000000000e+04
6.852400000000000000e+04
8.391600000000000000e+04
5.676600000000000000e+04
6.479500000000000000e+04
6.702000000000000000e+04
3.387700000000000000e+04
8.496800000000000000e+04
5.496500000000000000e+04
6.969000000000000000e+04
4.359200000000000000e+04
6.755200000000000000e+04
4.450500000000000000e+04
8.479200000000000000e+04
6.691900000000000000e+04
6.539200000000000000e+04
6.954300000000000000e+04
5.267400000000000000e+04
3.411800000000000000e+04
4.812800000000000000e+04
3.951700000000000000e+04
6.034700000000000000e+04
5.792400000000000000e+04
3.517200000000000000e+04
5.761900000000000000e+04
3.696200000000000000e+04
7.097300000000000000e+04
5.246600000000000000e+04
6.743200000000000000e+04
7.248000000000000000e+04
6.010100000000000000e+04
3.915400000000000000e+04
4.106500000000000000e+04
7.516100000000000000e+04
8.083100000000000000e+04
5.630300000000000000e+04
5.624700000000000000e+04
5.477400000000000000e+04
8.095900000000000000e+04
6.908500000000000000e+04
6.100200000000000000e+04
5.072000000000000000e+04
6.138400000000000000e+04
