4.258300000000000000e+04
4.448400000000000000e+04
6.568400000000000000e+04
6.088100000000000000e+04
8.702200000000000000e+04
8.404900000000000000e+04
6.992000000000000000e+04
6.171600000000000000e+04
7.860700000000000000e+04
7.824900000000000000e+04
7.801400000000000000e+04
6.617800000000000000e+04
5.895900000000000000e+04
9.601500000000000000e+04
6.834400000000000000e+04
6.917100000000000000e+04
7.511100000000000000e+04
5.536400000000000000e+04
4.993800000000000000e+04
4.226600000000000000e+04
5.858200000000000000e+04
8.062100000000000000e+04
7.614600000000000000e+04
4.739400000000000000e+04
9.225700000000000000e+04
8.125200000000000000e+04
6.652400000000000000e+04
8.501700000000000000e+04
5.753500000000000000e+04
7.129100000000000000e+04
8.212700000000000000e+04
1.117970000000000000e+05
9.229500000000000000e+04
9.497600000000000000e+04
9.878200000000000000e+04
4.924900000000000000e+04
6.490800000000000000e+04
4.873900000000000000e+04
7.528900000000000000e+04
6.578200000000000000e+04
1.022470000000000000e+05
7.924300000000000000e+04
8.450300000000000000e+04
6.150000000000000000e+04
6.830000000000000000e+04
8.049800000000000000e+04
5.216300000000000000e+04
8.943400000000000000e+04
7.243100000000000000e+04
3.547100000000000000e+04
