8.491300000000000000e+04
8.693900000000000000e+04
7.149400000000000000e+04
7.021700000000000000e+04
5.867300000000000000e+04
4.626800000000000000e+04
5.384800000000000000e+04
6.652700000000000000e+04
6.315000000000000000e+04
4.654600000000000000e+04
5.741100000000000000e+04
6.233600000000000000e+04
3.815600000000000000e+04
6.876500000000000000e+04
6.873500000000000000e+04
2.366000000000000000e+04
5.180500000000000000e+04
2.850400000000000000e+04
7.918900000000000000e+04
4.231700000000000000e+04
6.125200000000000000e+04
6.282700000000000000e+04
6.201000000000000000e+03
4.876400000000000000e+04
6.565300000000000000e+04
6.179500000000000000e+04
2.359800000000000000e+04
7.518000000000000000e+04
5.264400000000000000e+04
5.750900000000000000e+04
6.301400000000000000e+04
4.474600000000000000e+04
6.885800000000000000e+04
8.337500000000000000e+04
7.489600000000000000e+04
3.309300000000000000e+04
3.238600000000000000e+04
6.477100000000000000e+04
4.444300000000000000e+04
5.174400000000000000e+04
4.247800000000000000e+04
2.188000000000000000e+04
3.610600000000000000e+04
4.773200000000000000e+04
2.990500000000000000e+04
5.120100000000000000e+04
3.674000000000000000e+04
6.839200000000000000e+04
2.503100000000000000e+04
1.472000000000000000e+04
