6.561200000000000000e+04
5.933800000000000000e+04
9.434300000000000000e+04
4.929400000000000000e+04
8.737500000000000000e+04
1.012090000000000000e+05
1.220220000000000000e+05
8.684300000000000000e+04
9.811600000000000000e+04
6.683900000000000000e+04
7.693900000000000000e+04
7.556100000000000000e+04
6.932600000000000000e+04
9.043300000000000000e+04
8.804800000000000000e+04
6.339400000000000000e+04
6.719100000000000000e+04
1.118740000000000000e+05
5.567100000000000000e+04
9.531400000000000000e+04
8.264900000000000000e+04
9.287400000000000000e+04
1.092000000000000000e+05
6.416400000000000000e+04
1.027370000000000000e+05
8.699300000000000000e+04
7.058600000000000000e+04
6.351200000000000000e+04
1.226380000000000000e+05
7.615300000000000000e+04
6.530900000000000000e+04
1.073400000000000000e+05
6.680600000000000000e+04
4.517500000000000000e+04
6.025800000000000000e+04
9.196700000000000000e+04
1.000560000000000000e+05
6.862200000000000000e+04
7.095100000000000000e+04
9.420400000000000000e+04
6.231200000000000000e+04
9.439400000000000000e+04
5.594900000000000000e+04
6.517600000000000000e+04
8.219900000000000000e+04
4.690300000000000000e+04
8.651000000000000000e+04
5.498700000000000000e+04
9.247000000000000000e+04
4.653000000000000000e+04
