1.383700000000000000e+04
1.476200000000000000e+04
6.763000000000000000e+03
2.942700000000000000e+04
2.151500000000000000e+04
3.791800000000000000e+04
5.475000000000000000e+03
5.665000000000000000e+03
2.189900000000000000e+04
3.361200000000000000e+04
3.970900000000000000e+04
2.003200000000000000e+04
4.562500000000000000e+04
2.629600000000000000e+04
2.023000000000000000e+03
1.257400000000000000e+04
1.479400000000000000e+04
1.703400000000000000e+04
1.704400000000000000e+04
2.954300000000000000e+04
4.628600000000000000e+04
2.239800000000000000e+04
2.432800000000000000e+04
2.119100000000000000e+04
1.181400000000000000e+04
2.999400000000000000e+04
3.841500000000000000e+04
9.229000000000000000e+03
3.043100000000000000e+04
2.240200000000000000e+04
2.470200000000000000e+04
2.477400000000000000e+04
1.287300000000000000e+04
2.144600000000000000e+04
1.485800000000000000e+04
3.348700000000000000e+04
2.736200000000000000e+04
1.832500000000000000e+04
1.906500000000000000e+04
2.334900000000000000e+04
1.080100000000000000e+04
3.055700000000000000e+04
6.882000000000000000e+03
1.302800000000000000e+04
1.682500000000000000e+04
1.769000000000000000e+04
1.008000000000000000e+04
3.169000000000000000e+04
1.980700000000000000e+04
1.436100000000000000e+04
