3.879500000000000000e+04
3.446400000000000000e+04
6.475000000000000000e+03
2.453700000000000000e+04
4.483800000000000000e+04
5.719700000000000000e+04
5.719700000000000000e+04
2.872900000000000000e+04
4.387800000000000000e+04
2.310100000000000000e+04
6.315800000000000000e+04
2.915000000000000000e+04
8.940600000000000000e+04
3.188400000000000000e+04
1.971400000000000000e+04
4.928600000000000000e+04
5.027200000000000000e+04
5.027300000000000000e+04
1.628100000000000000e+04
4.552200000000000000e+04
6.504200000000000000e+04
4.341700000000000000e+04
1.828500000000000000e+04
4.977200000000000000e+04
4.207600000000000000e+04
2.841000000000000000e+04
4.110500000000000000e+04
3.237700000000000000e+04
6.298900000000000000e+04
3.634700000000000000e+04
5.614900000000000000e+04
3.001400000000000000e+04
4.919000000000000000e+04
3.353000000000000000e+04
2.020600000000000000e+04
4.901500000000000000e+04
5.783500000000000000e+04
4.887400000000000000e+04
3.528200000000000000e+04
3.765100000000000000e+04
2.967500000000000000e+04
5.277600000000000000e+04
3.334200000000000000e+04
1.607100000000000000e+04
5.179600000000000000e+04
4.589600000000000000e+04
3.284700000000000000e+04
3.158800000000000000e+04
2.555100000000000000e+04
4.641300000000000000e+04
