5.974400000000000000e+04
7.572400000000000000e+04
7.032300000000000000e+04
6.912300000000000000e+04
8.892500000000000000e+04
9.411300000000000000e+04
6.957700000000000000e+04
7.931100000000000000e+04
8.785100000000000000e+04
7.518800000000000000e+04
7.908500000000000000e+04
6.696200000000000000e+04
5.733900000000000000e+04
1.000610000000000000e+05
7.557700000000000000e+04
8.387700000000000000e+04
7.577000000000000000e+04
6.215100000000000000e+04
7.899000000000000000e+04
4.805700000000000000e+04
6.433300000000000000e+04
9.401500000000000000e+04
1.023450000000000000e+05
4.288700000000000000e+04
9.106000000000000000e+04
8.842900000000000000e+04
7.578500000000000000e+04
8.614000000000000000e+04
7.389400000000000000e+04
6.856100000000000000e+04
7.796600000000000000e+04
1.044420000000000000e+05
8.488200000000000000e+04
9.292900000000000000e+04
8.922200000000000000e+04
7.707300000000000000e+04
7.170900000000000000e+04
7.636500000000000000e+04
7.605700000000000000e+04
6.820600000000000000e+04
1.029340000000000000e+05
7.241900000000000000e+04
7.214800000000000000e+04
6.626700000000000000e+04
6.977000000000000000e+04
8.246100000000000000e+04
6.800100000000000000e+04
8.611800000000000000e+04
5.170300000000000000e+04
5.186500000000000000e+04
