4.373900000000000000e+04
6.538000000000000000e+04
7.509800000000000000e+04
7.211900000000000000e+04
8.932800000000000000e+04
6.354000000000000000e+04
7.555500000000000000e+04
6.822900000000000000e+04
6.972800000000000000e+04
6.897400000000000000e+04
6.130000000000000000e+04
7.551900000000000000e+04
3.840400000000000000e+04
7.100300000000000000e+04
5.704100000000000000e+04
7.553200000000000000e+04
6.997800000000000000e+04
5.301900000000000000e+04
7.470100000000000000e+04
9.068200000000000000e+04
9.423400000000000000e+04
6.256600000000000000e+04
5.852000000000000000e+04
6.849700000000000000e+04
8.290200000000000000e+04
5.197100000000000000e+04
5.780800000000000000e+04
9.629900000000000000e+04
7.630100000000000000e+04
7.655700000000000000e+04
8.046300000000000000e+04
5.667300000000000000e+04
7.319300000000000000e+04
5.429300000000000000e+04
8.027700000000000000e+04
7.061200000000000000e+04
6.413800000000000000e+04
4.393100000000000000e+04
4.402800000000000000e+04
4.700200000000000000e+04
4.765300000000000000e+04
8.137200000000000000e+04
6.387600000000000000e+04
7.719200000000000000e+04
4.663500000000000000e+04
6.583300000000000000e+04
5.123500000000000000e+04
6.278300000000000000e+04
6.250300000000000000e+04
7.274000000000000000e+04
