4.290500000000000000e+04
4.006400000000000000e+04
4.287800000000000000e+04
5.702900000000000000e+04
5.938400000000000000e+04
6.190000000000000000e+04
2.999100000000000000e+04
5.480500000000000000e+04
5.626000000000000000e+04
3.135100000000000000e+04
3.536200000000000000e+04
4.743600000000000000e+04
7.822400000000000000e+04
2.900200000000000000e+04
5.370400000000000000e+04
4.465200000000000000e+04
1.298100000000000000e+04
6.551700000000000000e+04
8.149800000000000000e+04
6.340500000000000000e+04
6.597800000000000000e+04
5.674100000000000000e+04
7.094000000000000000e+04
6.397900000000000000e+04
7.724000000000000000e+04
7.593000000000000000e+04
7.120300000000000000e+04
6.509300000000000000e+04
5.470000000000000000e+04
7.366800000000000000e+04
3.651600000000000000e+04
3.801400000000000000e+04
5.258300000000000000e+04
3.910500000000000000e+04
8.232400000000000000e+04
5.265500000000000000e+04
4.422500000000000000e+04
4.223400000000000000e+04
6.262200000000000000e+04
7.562200000000000000e+04
8.083000000000000000e+04
3.727800000000000000e+04
4.316900000000000000e+04
7.451600000000000000e+04
4.455000000000000000e+04
2.690800000000000000e+04
5.064300000000000000e+04
2.286700000000000000e+04
8.609000000000000000e+04
4.100000000000000000e+04
