7.201600000000000000e+04
8.619900000000000000e+04
5.010200000000000000e+04
9.148500000000000000e+04
6.599800000000000000e+04
6.898700000000000000e+04
5.205800000000000000e+04
6.241900000000000000e+04
5.510900000000000000e+04
6.769100000000000000e+04
6.967900000000000000e+04
7.419700000000000000e+04
3.703900000000000000e+04
6.964100000000000000e+04
7.336800000000000000e+04
6.291700000000000000e+04
4.196600000000000000e+04
5.717700000000000000e+04
8.343500000000000000e+04
5.303700000000000000e+04
7.523300000000000000e+04
5.526700000000000000e+04
5.230400000000000000e+04
7.755400000000000000e+04
7.899600000000000000e+04
6.002000000000000000e+04
5.475500000000000000e+04
7.685700000000000000e+04
5.654400000000000000e+04
5.926100000000000000e+04
5.899200000000000000e+04
4.537600000000000000e+04
7.702600000000000000e+04
7.529900000000000000e+04
5.709700000000000000e+04
7.013600000000000000e+04
5.121300000000000000e+04
8.080700000000000000e+04
5.925000000000000000e+04
5.983000000000000000e+04
6.649200000000000000e+04
6.480900000000000000e+04
7.229200000000000000e+04
6.922800000000000000e+04
6.003700000000000000e+04
5.038400000000000000e+04
3.081100000000000000e+04
8.609000000000000000e+04
4.446300000000000000e+04
6.591700000000000000e+04
