4.610700000000000000e+04
8.062000000000000000e+04
7.122100000000000000e+04
5.373000000000000000e+04
9.989800000000000000e+04
7.417700000000000000e+04
5.532800000000000000e+04
5.914200000000000000e+04
7.833700000000000000e+04
7.219300000000000000e+04
6.702100000000000000e+04
5.274500000000000000e+04
4.591400000000000000e+04
3.362800000000000000e+04
6.664400000000000000e+04
8.116800000000000000e+04
7.066600000000000000e+04
5.933000000000000000e+04
6.605900000000000000e+04
6.561600000000000000e+04
5.713600000000000000e+04
7.066500000000000000e+04
8.671100000000000000e+04
8.269500000000000000e+04
9.388700000000000000e+04
9.492600000000000000e+04
4.526300000000000000e+04
9.167200000000000000e+04
7.019100000000000000e+04
7.380000000000000000e+04
7.110800000000000000e+04
4.838600000000000000e+04
4.510100000000000000e+04
5.760300000000000000e+04
6.947500000000000000e+04
6.894200000000000000e+04
5.333300000000000000e+04
5.515800000000000000e+04
4.127400000000000000e+04
7.180400000000000000e+04
9.944000000000000000e+04
7.321600000000000000e+04
7.125500000000000000e+04
9.726300000000000000e+04
9.830600000000000000e+04
6.932700000000000000e+04
6.676500000000000000e+04
5.966300000000000000e+04
6.728600000000000000e+04
9.017800000000000000e+04
