2.406300000000000000e+04
1.141500000000000000e+04
6.856000000000000000e+03
2.763900000000000000e+04
2.809200000000000000e+04
6.100000000000000000e+03
3.191400000000000000e+04
2.590000000000000000e+02
2.580000000000000000e+02
3.356300000000000000e+04
2.968300000000000000e+04
1.147700000000000000e+04
2.485200000000000000e+04
8.521000000000000000e+03
1.356700000000000000e+04
2.150300000000000000e+04
9.486000000000000000e+03
9.864000000000000000e+03
1.177900000000000000e+04
1.643100000000000000e+04
1.898400000000000000e+04
3.147000000000000000e+04
2.071900000000000000e+04
1.491400000000000000e+04
3.663700000000000000e+04
1.891500000000000000e+04
1.796200000000000000e+04
1.372100000000000000e+04
3.587600000000000000e+04
2.407000000000000000e+03
1.769400000000000000e+04
3.230200000000000000e+04
1.051900000000000000e+04
4.800300000000000000e+04
4.132100000000000000e+04
7.670000000000000000e+02
2.898100000000000000e+04
9.443000000000000000e+03
3.047400000000000000e+04
1.051100000000000000e+04
5.613000000000000000e+03
1.092000000000000000e+04
7.600000000000000000e+02
2.474900000000000000e+04
1.007300000000000000e+04
3.004000000000000000e+03
4.359700000000000000e+04
5.650000000000000000e+03
4.466600000000000000e+04
1.290800000000000000e+04
