8.155600000000000000e+04
6.758800000000000000e+04
5.650900000000000000e+04
6.620500000000000000e+04
7.144300000000000000e+04
1.034640000000000000e+05
8.669200000000000000e+04
9.058200000000000000e+04
7.742700000000000000e+04
8.061300000000000000e+04
8.966000000000000000e+04
7.155200000000000000e+04
9.762600000000000000e+04
5.731800000000000000e+04
8.242700000000000000e+04
9.058400000000000000e+04
9.502600000000000000e+04
8.831300000000000000e+04
7.750300000000000000e+04
8.833800000000000000e+04
8.258000000000000000e+04
8.154600000000000000e+04
6.318200000000000000e+04
7.891900000000000000e+04
8.796700000000000000e+04
8.570000000000000000e+04
1.188690000000000000e+05
8.686600000000000000e+04
7.154300000000000000e+04
9.492000000000000000e+04
8.932600000000000000e+04
6.993200000000000000e+04
7.737600000000000000e+04
8.826500000000000000e+04
1.058940000000000000e+05
6.904300000000000000e+04
7.902700000000000000e+04
7.173500000000000000e+04
7.781200000000000000e+04
8.717500000000000000e+04
7.956700000000000000e+04
4.767500000000000000e+04
8.001400000000000000e+04
1.178690000000000000e+05
6.812100000000000000e+04
7.555500000000000000e+04
7.594000000000000000e+04
1.030610000000000000e+05
9.990600000000000000e+04
6.912100000000000000e+04
