4.419100000000000000e+04
3.590000000000000000e+04
3.011200000000000000e+04
2.278000000000000000e+04
2.794700000000000000e+04
7.967000000000000000e+03
4.227100000000000000e+04
1.547500000000000000e+04
2.408500000000000000e+04
4.381200000000000000e+04
3.830100000000000000e+04
2.294600000000000000e+04
5.165500000000000000e+04
2.001000000000000000e+04
2.942700000000000000e+04
5.057400000000000000e+04
3.979100000000000000e+04
3.205100000000000000e+04
2.708000000000000000e+04
2.358700000000000000e+04
2.684400000000000000e+04
3.831400000000000000e+04
2.679000000000000000e+04
1.211500000000000000e+04
1.824900000000000000e+04
3.222400000000000000e+04
4.446600000000000000e+04
2.626600000000000000e+04
4.269400000000000000e+04
4.385200000000000000e+04
3.257500000000000000e+04
2.707300000000000000e+04
2.063700000000000000e+04
5.287700000000000000e+04
2.124600000000000000e+04
1.816700000000000000e+04
9.759000000000000000e+03
7.395000000000000000e+03
2.623900000000000000e+04
4.307800000000000000e+04
3.250400000000000000e+04
5.005000000000000000e+04
3.566000000000000000e+03
5.085000000000000000e+04
3.259900000000000000e+04
1.766100000000000000e+04
6.044500000000000000e+04
3.528300000000000000e+04
6.908300000000000000e+04
2.623300000000000000e+04
