1.387770000000000000e+05
9.715800000000000000e+04
1.118970000000000000e+05
8.432400000000000000e+04
8.470200000000000000e+04
1.130720000000000000e+05
8.058900000000000000e+04
1.060790000000000000e+05
8.808500000000000000e+04
7.198900000000000000e+04
7.495700000000000000e+04
1.160770000000000000e+05
8.500300000000000000e+04
1.115020000000000000e+05
8.226500000000000000e+04
7.709200000000000000e+04
9.077800000000000000e+04
9.031300000000000000e+04
7.503000000000000000e+04
8.212500000000000000e+04
9.060500000000000000e+04
9.416500000000000000e+04
9.059800000000000000e+04
7.443100000000000000e+04
1.053630000000000000e+05
7.990200000000000000e+04
8.028300000000000000e+04
7.508500000000000000e+04
7.790300000000000000e+04
9.695900000000000000e+04
8.091100000000000000e+04
8.164800000000000000e+04
1.117790000000000000e+05
6.658700000000000000e+04
1.044770000000000000e+05
9.019100000000000000e+04
7.863400000000000000e+04
8.984200000000000000e+04
8.613900000000000000e+04
1.064810000000000000e+05
9.902500000000000000e+04
6.032700000000000000e+04
1.006930000000000000e+05
1.156030000000000000e+05
1.152890000000000000e+05
1.002310000000000000e+05
1.234690000000000000e+05
1.113720000000000000e+05
6.557400000000000000e+04
8.236800000000000000e+04
