1.128500000000000000e+05
9.540200000000000000e+04
1.083280000000000000e+05
1.152550000000000000e+05
1.166240000000000000e+05
8.647400000000000000e+04
8.391300000000000000e+04
1.094990000000000000e+05
7.340300000000000000e+04
8.038500000000000000e+04
9.100200000000000000e+04
8.906400000000000000e+04
7.656600000000000000e+04
9.187500000000000000e+04
7.460300000000000000e+04
9.964700000000000000e+04
1.031650000000000000e+05
8.547100000000000000e+04
7.541300000000000000e+04
9.551600000000000000e+04
7.993700000000000000e+04
5.592900000000000000e+04
7.603300000000000000e+04
6.781900000000000000e+04
8.483900000000000000e+04
9.814100000000000000e+04
7.710400000000000000e+04
4.891800000000000000e+04
6.967400000000000000e+04
7.701600000000000000e+04
6.632000000000000000e+04
9.790500000000000000e+04
1.191660000000000000e+05
7.233400000000000000e+04
8.593900000000000000e+04
9.765700000000000000e+04
9.725200000000000000e+04
9.585900000000000000e+04
1.045340000000000000e+05
8.688800000000000000e+04
1.025730000000000000e+05
9.157400000000000000e+04
9.438000000000000000e+04
1.186890000000000000e+05
8.009000000000000000e+04
1.116520000000000000e+05
1.320320000000000000e+05
9.379000000000000000e+04
6.853200000000000000e+04
8.968400000000000000e+04
