4.398220000000000000e+05
3.954100000000000000e+05
3.559880000000000000e+05
3.038740000000000000e+05
3.467510000000000000e+05
4.364430000000000000e+05
3.466370000000000000e+05
4.082210000000000000e+05
5.376820000000000000e+05
4.156820000000000000e+05
4.219730000000000000e+05
3.181260000000000000e+05
3.660820000000000000e+05
3.795590000000000000e+05
4.135550000000000000e+05
4.590100000000000000e+05
3.902060000000000000e+05
4.369860000000000000e+05
3.777160000000000000e+05
4.495030000000000000e+05
3.892920000000000000e+05
4.299050000000000000e+05
3.543170000000000000e+05
3.809490000000000000e+05
5.104190000000000000e+05
2.913390000000000000e+05
3.489310000000000000e+05
3.908920000000000000e+05
5.132860000000000000e+05
4.271230000000000000e+05
4.629880000000000000e+05
5.026160000000000000e+05
3.245630000000000000e+05
4.275770000000000000e+05
2.301610000000000000e+05
4.286180000000000000e+05
4.366350000000000000e+05
4.136880000000000000e+05
3.812120000000000000e+05
3.425050000000000000e+05
5.079530000000000000e+05
3.708140000000000000e+05
3.947450000000000000e+05
4.209200000000000000e+05
4.532540000000000000e+05
3.308850000000000000e+05
4.656440000000000000e+05
3.767410000000000000e+05
3.528670000000000000e+05
4.837590000000000000e+05
