6.156400000000000000e+04
1.063040000000000000e+05
2.204150000000000000e+05
5.602500000000000000e+04
8.651500000000000000e+04
1.976000000000000000e+03
1.784980000000000000e+05
7.931300000000000000e+04
2.307280000000000000e+05
5.003000000000000000e+04
1.537320000000000000e+05
5.438200000000000000e+04
1.850200000000000000e+04
8.590000000000000000e+04
8.006000000000000000e+04
2.522300000000000000e+04
1.711200000000000000e+04
2.410110000000000000e+05
1.408340000000000000e+05
1.041100000000000000e+05
8.140100000000000000e+04
2.021070000000000000e+05
7.088800000000000000e+04
2.736200000000000000e+04
1.316370000000000000e+05
1.908580000000000000e+05
1.342240000000000000e+05
5.149700000000000000e+04
1.024870000000000000e+05
1.766480000000000000e+05
2.382850000000000000e+05
4.602900000000000000e+04
1.068590000000000000e+05
8.259300000000000000e+04
1.056930000000000000e+05
3.721300000000000000e+04
8.004000000000000000e+04
2.647260000000000000e+05
1.618100000000000000e+04
5.206600000000000000e+04
1.316400000000000000e+05
7.929100000000000000e+04
5.470500000000000000e+04
7.665400000000000000e+04
9.880800000000000000e+04
1.011930000000000000e+05
1.247540000000000000e+05
9.193700000000000000e+04
5.828300000000000000e+04
4.664400000000000000e+04
