4.857530000000000000e+05
4.656190000000000000e+05
4.677390000000000000e+05
4.556680000000000000e+05
5.026460000000000000e+05
4.593590000000000000e+05
3.661200000000000000e+05
4.310320000000000000e+05
3.884480000000000000e+05
4.872670000000000000e+05
4.617770000000000000e+05
4.698870000000000000e+05
5.204980000000000000e+05
3.768060000000000000e+05
3.840990000000000000e+05
4.863470000000000000e+05
4.801860000000000000e+05
4.385830000000000000e+05
4.582630000000000000e+05
4.232920000000000000e+05
4.965420000000000000e+05
5.097250000000000000e+05
4.797400000000000000e+05
3.665700000000000000e+05
4.507280000000000000e+05
4.609410000000000000e+05
5.316090000000000000e+05
4.798020000000000000e+05
4.373310000000000000e+05
3.955390000000000000e+05
4.980790000000000000e+05
4.114640000000000000e+05
4.542480000000000000e+05
4.738410000000000000e+05
3.768370000000000000e+05
4.330640000000000000e+05
4.846540000000000000e+05
3.204680000000000000e+05
3.830030000000000000e+05
4.777150000000000000e+05
3.918330000000000000e+05
4.581250000000000000e+05
4.561710000000000000e+05
4.188440000000000000e+05
5.151760000000000000e+05
4.516810000000000000e+05
4.742720000000000000e+05
4.251770000000000000e+05
4.898300000000000000e+05
4.752890000000000000e+05
