3.187960000000000000e+05
3.433640000000000000e+05
3.462210000000000000e+05
4.044410000000000000e+05
3.165600000000000000e+05
2.534770000000000000e+05
1.844620000000000000e+05
2.965340000000000000e+05
3.315270000000000000e+05
3.214990000000000000e+05
3.863470000000000000e+05
2.748530000000000000e+05
4.455990000000000000e+05
4.135650000000000000e+05
3.248500000000000000e+05
2.851980000000000000e+05
2.906970000000000000e+05
3.500950000000000000e+05
2.762060000000000000e+05
1.396930000000000000e+05
2.126660000000000000e+05
2.524030000000000000e+05
2.856330000000000000e+05
1.823740000000000000e+05
2.407350000000000000e+05
2.911870000000000000e+05
3.830800000000000000e+05
2.076630000000000000e+05
2.958030000000000000e+05
1.739890000000000000e+05
2.687400000000000000e+05
2.844630000000000000e+05
2.614230000000000000e+05
3.298500000000000000e+05
3.679310000000000000e+05
2.748810000000000000e+05
3.892080000000000000e+05
3.578470000000000000e+05
3.895950000000000000e+05
3.026080000000000000e+05
1.755010000000000000e+05
3.725810000000000000e+05
3.303610000000000000e+05
3.140370000000000000e+05
3.608520000000000000e+05
3.309600000000000000e+05
1.919150000000000000e+05
3.326020000000000000e+05
2.390820000000000000e+05
3.135950000000000000e+05
