4.921320000000000000e+05
5.163230000000000000e+05
4.373650000000000000e+05
4.296660000000000000e+05
4.186210000000000000e+05
4.906640000000000000e+05
5.062070000000000000e+05
4.594920000000000000e+05
5.282000000000000000e+05
3.724580000000000000e+05
5.149890000000000000e+05
4.621790000000000000e+05
4.774090000000000000e+05
5.392510000000000000e+05
4.154240000000000000e+05
4.543850000000000000e+05
5.239900000000000000e+05
4.893260000000000000e+05
4.951010000000000000e+05
4.321400000000000000e+05
4.496570000000000000e+05
5.868140000000000000e+05
4.507550000000000000e+05
5.021100000000000000e+05
5.245590000000000000e+05
4.348790000000000000e+05
4.742640000000000000e+05
5.003760000000000000e+05
5.237450000000000000e+05
5.124370000000000000e+05
5.326660000000000000e+05
4.794310000000000000e+05
5.105230000000000000e+05
5.289460000000000000e+05
4.777990000000000000e+05
3.733840000000000000e+05
5.102030000000000000e+05
4.968170000000000000e+05
5.626670000000000000e+05
4.314760000000000000e+05
5.166900000000000000e+05
4.773950000000000000e+05
5.086380000000000000e+05
5.611020000000000000e+05
5.074220000000000000e+05
5.353750000000000000e+05
4.486310000000000000e+05
4.402800000000000000e+05
5.596670000000000000e+05
5.234470000000000000e+05
