4.041940000000000000e+05
4.479800000000000000e+05
3.878960000000000000e+05
2.619380000000000000e+05
4.287000000000000000e+05
4.315190000000000000e+05
3.422890000000000000e+05
2.821870000000000000e+05
2.421440000000000000e+05
4.533600000000000000e+05
3.734520000000000000e+05
3.465500000000000000e+05
3.661270000000000000e+05
2.776790000000000000e+05
4.082170000000000000e+05
1.550720000000000000e+05
4.033600000000000000e+05
4.496150000000000000e+05
3.220070000000000000e+05
3.010180000000000000e+05
3.346880000000000000e+05
2.339450000000000000e+05
4.731140000000000000e+05
3.586460000000000000e+05
3.659600000000000000e+05
1.241940000000000000e+05
3.457950000000000000e+05
3.117020000000000000e+05
3.156040000000000000e+05
2.621200000000000000e+05
3.242520000000000000e+05
2.833750000000000000e+05
4.163370000000000000e+05
2.921660000000000000e+05
3.943040000000000000e+05
2.877940000000000000e+05
2.852940000000000000e+05
2.477470000000000000e+05
3.655990000000000000e+05
2.935600000000000000e+05
3.923910000000000000e+05
3.763130000000000000e+05
3.721310000000000000e+05
3.205070000000000000e+05
3.255980000000000000e+05
3.933100000000000000e+05
3.260930000000000000e+05
2.941280000000000000e+05
3.258000000000000000e+05
2.154070000000000000e+05
