5.136320000000000000e+05
5.179110000000000000e+05
5.476080000000000000e+05
4.907420000000000000e+05
4.916500000000000000e+05
5.176020000000000000e+05
5.170330000000000000e+05
5.042310000000000000e+05
5.067770000000000000e+05
4.718110000000000000e+05
4.848480000000000000e+05
5.188380000000000000e+05
5.125420000000000000e+05
4.903030000000000000e+05
5.207620000000000000e+05
4.861340000000000000e+05
5.600150000000000000e+05
4.977280000000000000e+05
4.964960000000000000e+05
4.571910000000000000e+05
5.384040000000000000e+05
5.260820000000000000e+05
5.287370000000000000e+05
5.418210000000000000e+05
5.392540000000000000e+05
4.473570000000000000e+05
5.140840000000000000e+05
5.149480000000000000e+05
4.212730000000000000e+05
4.834280000000000000e+05
5.048520000000000000e+05
5.122270000000000000e+05
5.273310000000000000e+05
4.880040000000000000e+05
5.113290000000000000e+05
4.433550000000000000e+05
5.451490000000000000e+05
4.767160000000000000e+05
5.328120000000000000e+05
5.306810000000000000e+05
5.191990000000000000e+05
5.613930000000000000e+05
5.251900000000000000e+05
5.471670000000000000e+05
5.258810000000000000e+05
4.840490000000000000e+05
5.573580000000000000e+05
5.005300000000000000e+05
4.603920000000000000e+05
5.607780000000000000e+05
