4.459890000000000000e+05
5.152530000000000000e+05
5.077080000000000000e+05
4.150460000000000000e+05
4.601850000000000000e+05
4.681620000000000000e+05
4.032430000000000000e+05
4.152130000000000000e+05
4.327210000000000000e+05
3.825010000000000000e+05
4.762140000000000000e+05
5.577910000000000000e+05
4.855690000000000000e+05
3.765670000000000000e+05
5.480390000000000000e+05
4.495910000000000000e+05
4.244280000000000000e+05
3.962000000000000000e+05
3.984620000000000000e+05
5.022930000000000000e+05
4.948510000000000000e+05
4.348520000000000000e+05
4.699890000000000000e+05
5.158350000000000000e+05
4.806910000000000000e+05
5.288280000000000000e+05
3.245520000000000000e+05
4.948550000000000000e+05
4.344530000000000000e+05
4.839870000000000000e+05
5.506960000000000000e+05
4.231420000000000000e+05
5.022230000000000000e+05
5.069600000000000000e+05
5.031430000000000000e+05
5.014820000000000000e+05
5.662380000000000000e+05
5.225280000000000000e+05
4.680890000000000000e+05
5.544990000000000000e+05
5.039390000000000000e+05
4.012660000000000000e+05
5.379180000000000000e+05
4.659320000000000000e+05
4.330150000000000000e+05
5.024340000000000000e+05
5.086200000000000000e+05
3.998470000000000000e+05
4.862050000000000000e+05
4.963340000000000000e+05
