4.630120000000000000e+05
4.761000000000000000e+05
5.367650000000000000e+05
5.013940000000000000e+05
5.235670000000000000e+05
4.447270000000000000e+05
5.005600000000000000e+05
5.022670000000000000e+05
4.359480000000000000e+05
4.616550000000000000e+05
4.190520000000000000e+05
4.897480000000000000e+05
4.242480000000000000e+05
4.256910000000000000e+05
4.663700000000000000e+05
4.612770000000000000e+05
4.680790000000000000e+05
4.424460000000000000e+05
4.739380000000000000e+05
4.687770000000000000e+05
4.384830000000000000e+05
4.633200000000000000e+05
4.381640000000000000e+05
4.749090000000000000e+05
4.958760000000000000e+05
4.531150000000000000e+05
4.720190000000000000e+05
3.783780000000000000e+05
5.139620000000000000e+05
4.140240000000000000e+05
5.151720000000000000e+05
4.087680000000000000e+05
4.753740000000000000e+05
4.648070000000000000e+05
4.419190000000000000e+05
4.423230000000000000e+05
5.073280000000000000e+05
5.122150000000000000e+05
3.734200000000000000e+05
4.966620000000000000e+05
4.582210000000000000e+05
4.883930000000000000e+05
3.831990000000000000e+05
5.210540000000000000e+05
5.371090000000000000e+05
4.270120000000000000e+05
4.421160000000000000e+05
4.799710000000000000e+05
4.239090000000000000e+05
4.572160000000000000e+05
