3.208520000000000000e+05
1.873630000000000000e+05
2.448020000000000000e+05
1.668590000000000000e+05
3.342510000000000000e+05
3.214710000000000000e+05
1.939850000000000000e+05
2.399370000000000000e+05
3.332070000000000000e+05
2.357310000000000000e+05
2.969190000000000000e+05
3.053880000000000000e+05
2.163830000000000000e+05
3.645170000000000000e+05
4.497870000000000000e+05
4.537510000000000000e+05
1.939010000000000000e+05
2.971770000000000000e+05
2.330890000000000000e+05
3.228290000000000000e+05
2.993060000000000000e+05
3.223130000000000000e+05
3.204190000000000000e+05
2.148540000000000000e+05
3.957400000000000000e+05
2.608930000000000000e+05
2.494870000000000000e+05
3.219740000000000000e+05
2.815430000000000000e+05
2.339760000000000000e+05
3.017130000000000000e+05
2.767860000000000000e+05
2.094930000000000000e+05
3.791790000000000000e+05
2.841270000000000000e+05
3.505640000000000000e+05
2.792320000000000000e+05
1.622150000000000000e+05
3.327060000000000000e+05
2.997080000000000000e+05
4.040910000000000000e+05
3.918830000000000000e+05
2.948510000000000000e+05
3.801720000000000000e+05
3.344450000000000000e+05
4.087420000000000000e+05
3.019760000000000000e+05
2.667280000000000000e+05
2.463890000000000000e+05
3.627440000000000000e+05
