8.141900000000000000e+04
6.520700000000000000e+04
7.959400000000000000e+04
4.946800000000000000e+04
9.512500000000000000e+04
4.494300000000000000e+04
8.319000000000000000e+04
6.800200000000000000e+04
7.453800000000000000e+04
4.341900000000000000e+04
4.251700000000000000e+04
9.347600000000000000e+04
6.882500000000000000e+04
7.705000000000000000e+04
9.309100000000000000e+04
9.054700000000000000e+04
1.024010000000000000e+05
8.678600000000000000e+04
6.124800000000000000e+04
6.805600000000000000e+04
5.978800000000000000e+04
9.395000000000000000e+04
5.259800000000000000e+04
7.262800000000000000e+04
8.906700000000000000e+04
6.179200000000000000e+04
7.515200000000000000e+04
5.972700000000000000e+04
4.967200000000000000e+04
9.373800000000000000e+04
7.147800000000000000e+04
5.665400000000000000e+04
3.598700000000000000e+04
6.761300000000000000e+04
8.443100000000000000e+04
1.003040000000000000e+05
2.165900000000000000e+04
5.601200000000000000e+04
6.421500000000000000e+04
8.399200000000000000e+04
7.097400000000000000e+04
6.534600000000000000e+04
4.747500000000000000e+04
8.113300000000000000e+04
5.741800000000000000e+04
8.809200000000000000e+04
9.398400000000000000e+04
5.783700000000000000e+04
5.149000000000000000e+04
5.169300000000000000e+04
