1.663360000000000000e+05
1.981760000000000000e+05
1.798080000000000000e+05
2.203830000000000000e+05
1.949400000000000000e+05
2.048690000000000000e+05
2.095980000000000000e+05
1.801980000000000000e+05
2.204140000000000000e+05
2.072540000000000000e+05
1.976260000000000000e+05
1.821930000000000000e+05
1.626270000000000000e+05
1.886900000000000000e+05
1.786360000000000000e+05
1.884900000000000000e+05
2.098430000000000000e+05
1.753730000000000000e+05
2.019340000000000000e+05
2.009650000000000000e+05
2.142160000000000000e+05
2.103330000000000000e+05
2.696860000000000000e+05
2.199980000000000000e+05
1.890420000000000000e+05
1.730700000000000000e+05
2.079650000000000000e+05
1.724100000000000000e+05
2.544060000000000000e+05
2.003500000000000000e+05
2.399200000000000000e+05
2.215450000000000000e+05
1.987480000000000000e+05
1.868360000000000000e+05
1.780290000000000000e+05
2.331800000000000000e+05
2.221770000000000000e+05
2.062710000000000000e+05
1.932670000000000000e+05
1.932050000000000000e+05
2.264840000000000000e+05
1.876820000000000000e+05
2.000300000000000000e+05
1.800890000000000000e+05
1.897830000000000000e+05
2.010680000000000000e+05
1.996810000000000000e+05
2.009780000000000000e+05
1.878540000000000000e+05
2.321340000000000000e+05
