6.834900000000000000e+04
6.007300000000000000e+04
7.059500000000000000e+04
1.035030000000000000e+05
5.002700000000000000e+04
5.363600000000000000e+04
6.646600000000000000e+04
6.004800000000000000e+04
9.289300000000000000e+04
9.711000000000000000e+04
6.794900000000000000e+04
6.678900000000000000e+04
1.103900000000000000e+05
1.030080000000000000e+05
7.872500000000000000e+04
4.904900000000000000e+04
1.313620000000000000e+05
7.377700000000000000e+04
6.845900000000000000e+04
4.236900000000000000e+04
3.719400000000000000e+04
6.336900000000000000e+04
6.506600000000000000e+04
5.255400000000000000e+04
3.607900000000000000e+04
6.921700000000000000e+04
6.360500000000000000e+04
7.847000000000000000e+04
6.867900000000000000e+04
7.029900000000000000e+04
6.089600000000000000e+04
6.747500000000000000e+04
7.579300000000000000e+04
6.030500000000000000e+04
1.022940000000000000e+05
7.637900000000000000e+04
1.056450000000000000e+05
6.800100000000000000e+04
7.162200000000000000e+04
7.864600000000000000e+04
3.378700000000000000e+04
9.559200000000000000e+04
9.080500000000000000e+04
7.689800000000000000e+04
8.731700000000000000e+04
7.809600000000000000e+04
5.430400000000000000e+04
8.608400000000000000e+04
6.630600000000000000e+04
7.957200000000000000e+04
