2.102500000000000000e+04
6.217000000000000000e+03
1.971500000000000000e+04
1.214400000000000000e+04
1.346200000000000000e+04
4.468000000000000000e+03
5.280000000000000000e+03
5.173000000000000000e+03
2.053500000000000000e+04
4.647000000000000000e+03
4.800000000000000000e+03
1.026200000000000000e+04
1.548000000000000000e+04
2.238700000000000000e+04
1.409000000000000000e+04
1.065500000000000000e+04
6.669000000000000000e+03
1.565200000000000000e+04
5.265000000000000000e+03
1.921100000000000000e+04
2.032800000000000000e+04
1.205700000000000000e+04
6.721000000000000000e+03
6.553000000000000000e+03
9.654000000000000000e+03
1.642400000000000000e+04
7.264000000000000000e+03
7.012000000000000000e+03
2.909000000000000000e+03
7.687000000000000000e+03
1.244400000000000000e+04
2.315000000000000000e+03
9.144000000000000000e+03
7.098000000000000000e+03
8.751000000000000000e+03
1.717700000000000000e+04
1.584200000000000000e+04
1.214700000000000000e+04
2.496700000000000000e+04
2.234000000000000000e+04
2.168500000000000000e+04
9.798000000000000000e+03
1.423500000000000000e+04
4.134500000000000000e+04
1.462200000000000000e+04
1.501000000000000000e+03
5.179000000000000000e+03
2.844000000000000000e+03
2.380200000000000000e+04
1.096900000000000000e+04
