6.664400000000000000e+04
8.697100000000000000e+04
7.582700000000000000e+04
9.945200000000000000e+04
6.725800000000000000e+04
7.342600000000000000e+04
6.643400000000000000e+04
5.403700000000000000e+04
4.081100000000000000e+04
7.662000000000000000e+04
8.201100000000000000e+04
7.574200000000000000e+04
7.297900000000000000e+04
2.297200000000000000e+04
2.889100000000000000e+04
3.788700000000000000e+04
8.237800000000000000e+04
4.537300000000000000e+04
3.120400000000000000e+04
9.363800000000000000e+04
4.560800000000000000e+04
3.379000000000000000e+04
8.319600000000000000e+04
1.105540000000000000e+05
4.832200000000000000e+04
6.760400000000000000e+04
5.151600000000000000e+04
6.519000000000000000e+04
7.691600000000000000e+04
4.230700000000000000e+04
2.488000000000000000e+04
7.887500000000000000e+04
7.913700000000000000e+04
5.111500000000000000e+04
9.808900000000000000e+04
8.905600000000000000e+04
8.771500000000000000e+04
5.878300000000000000e+04
4.732600000000000000e+04
5.495000000000000000e+04
3.594400000000000000e+04
1.036960000000000000e+05
5.780200000000000000e+04
6.523500000000000000e+04
5.699300000000000000e+04
4.342400000000000000e+04
8.120400000000000000e+04
7.043300000000000000e+04
6.138200000000000000e+04
7.853100000000000000e+04
