5.601200000000000000e+04
1.301370000000000000e+05
1.310580000000000000e+05
1.020310000000000000e+05
1.118540000000000000e+05
9.606000000000000000e+04
1.444330000000000000e+05
1.208240000000000000e+05
1.003130000000000000e+05
1.235030000000000000e+05
1.417920000000000000e+05
1.171600000000000000e+05
1.165660000000000000e+05
1.408570000000000000e+05
1.649760000000000000e+05
1.066210000000000000e+05
7.064400000000000000e+04
1.019690000000000000e+05
1.055540000000000000e+05
9.717700000000000000e+04
9.628300000000000000e+04
1.217210000000000000e+05
1.382310000000000000e+05
1.290670000000000000e+05
1.141020000000000000e+05
1.349720000000000000e+05
1.572870000000000000e+05
1.382110000000000000e+05
1.111720000000000000e+05
1.564030000000000000e+05
1.416030000000000000e+05
7.795400000000000000e+04
5.143800000000000000e+04
1.109450000000000000e+05
1.171570000000000000e+05
1.140350000000000000e+05
6.637000000000000000e+04
8.842600000000000000e+04
1.105650000000000000e+05
1.313370000000000000e+05
9.278500000000000000e+04
8.956200000000000000e+04
7.740000000000000000e+04
1.107220000000000000e+05
1.024160000000000000e+05
1.316290000000000000e+05
1.161390000000000000e+05
1.021950000000000000e+05
1.362140000000000000e+05
1.043580000000000000e+05
