1.513960000000000000e+05
9.340500000000000000e+04
1.264590000000000000e+05
1.104730000000000000e+05
1.007520000000000000e+05
1.679480000000000000e+05
1.402020000000000000e+05
1.550090000000000000e+05
1.304010000000000000e+05
1.491780000000000000e+05
1.664280000000000000e+05
1.227620000000000000e+05
1.389560000000000000e+05
1.489730000000000000e+05
9.470700000000000000e+04
1.573280000000000000e+05
1.359890000000000000e+05
1.077230000000000000e+05
1.343600000000000000e+05
1.315230000000000000e+05
9.854500000000000000e+04
1.231700000000000000e+05
1.725120000000000000e+05
1.633470000000000000e+05
1.306850000000000000e+05
1.391730000000000000e+05
1.641040000000000000e+05
1.558660000000000000e+05
1.456560000000000000e+05
1.363790000000000000e+05
1.437330000000000000e+05
1.603430000000000000e+05
1.187080000000000000e+05
1.439240000000000000e+05
1.189330000000000000e+05
1.630320000000000000e+05
1.494150000000000000e+05
1.138210000000000000e+05
1.267500000000000000e+05
1.384290000000000000e+05
1.615560000000000000e+05
1.178270000000000000e+05
1.245500000000000000e+05
1.492260000000000000e+05
1.539670000000000000e+05
1.169810000000000000e+05
1.351920000000000000e+05
1.185370000000000000e+05
1.457630000000000000e+05
1.392110000000000000e+05
