8.379800000000000000e+04
4.739500000000000000e+04
5.052500000000000000e+04
4.040900000000000000e+04
8.589500000000000000e+04
8.275600000000000000e+04
4.491400000000000000e+04
5.656800000000000000e+04
7.248600000000000000e+04
5.199500000000000000e+04
7.348800000000000000e+04
7.433800000000000000e+04
4.261000000000000000e+04
8.954300000000000000e+04
7.973300000000000000e+04
8.339600000000000000e+04
4.588200000000000000e+04
6.409800000000000000e+04
4.322100000000000000e+04
9.188200000000000000e+04
5.564400000000000000e+04
9.045100000000000000e+04
7.227200000000000000e+04
5.429500000000000000e+04
9.661000000000000000e+04
9.401500000000000000e+04
6.505200000000000000e+04
5.870000000000000000e+04
6.219600000000000000e+04
6.048700000000000000e+04
8.537500000000000000e+04
5.051700000000000000e+04
4.759600000000000000e+04
9.028300000000000000e+04
5.809000000000000000e+04
8.912900000000000000e+04
5.497600000000000000e+04
4.470100000000000000e+04
1.136290000000000000e+05
8.561100000000000000e+04
8.002700000000000000e+04
9.944300000000000000e+04
6.607900000000000000e+04
8.886100000000000000e+04
9.461900000000000000e+04
1.124230000000000000e+05
6.524400000000000000e+04
6.220500000000000000e+04
5.217600000000000000e+04
7.410800000000000000e+04
