9.036600000000000000e+04
7.868300000000000000e+04
1.458220000000000000e+05
1.104210000000000000e+05
1.008960000000000000e+05
1.105740000000000000e+05
1.185490000000000000e+05
9.203900000000000000e+04
1.042890000000000000e+05
1.218500000000000000e+05
9.440100000000000000e+04
1.249690000000000000e+05
8.262100000000000000e+04
1.134150000000000000e+05
1.194620000000000000e+05
7.677100000000000000e+04
1.041550000000000000e+05
1.413000000000000000e+05
1.241200000000000000e+05
1.100980000000000000e+05
9.770100000000000000e+04
1.193760000000000000e+05
9.677900000000000000e+04
9.373600000000000000e+04
8.679100000000000000e+04
8.149600000000000000e+04
7.864300000000000000e+04
1.108350000000000000e+05
1.083090000000000000e+05
1.015850000000000000e+05
1.200200000000000000e+05
8.194600000000000000e+04
1.289040000000000000e+05
1.047520000000000000e+05
9.854700000000000000e+04
8.311100000000000000e+04
1.132370000000000000e+05
1.434120000000000000e+05
1.360120000000000000e+05
1.185540000000000000e+05
1.202620000000000000e+05
8.865600000000000000e+04
1.107550000000000000e+05
1.288070000000000000e+05
9.459300000000000000e+04
9.579600000000000000e+04
1.084220000000000000e+05
1.191250000000000000e+05
1.191600000000000000e+05
6.874100000000000000e+04
