1.442470000000000000e+05
1.805030000000000000e+05
1.548430000000000000e+05
1.426290000000000000e+05
1.613400000000000000e+05
1.727030000000000000e+05
1.679360000000000000e+05
2.109440000000000000e+05
1.626700000000000000e+05
1.910580000000000000e+05
1.237090000000000000e+05
1.848680000000000000e+05
1.547000000000000000e+05
1.643320000000000000e+05
2.248010000000000000e+05
1.629130000000000000e+05
1.644780000000000000e+05
1.698550000000000000e+05
1.698300000000000000e+05
1.685730000000000000e+05
1.745140000000000000e+05
1.550090000000000000e+05
2.276420000000000000e+05
1.654800000000000000e+05
1.816600000000000000e+05
1.365960000000000000e+05
1.958520000000000000e+05
1.646480000000000000e+05
1.477440000000000000e+05
1.733780000000000000e+05
1.753020000000000000e+05
1.422320000000000000e+05
2.035620000000000000e+05
1.694610000000000000e+05
1.553890000000000000e+05
1.680010000000000000e+05
1.549290000000000000e+05
1.495550000000000000e+05
1.810850000000000000e+05
1.733750000000000000e+05
1.453760000000000000e+05
1.643040000000000000e+05
1.921650000000000000e+05
2.056720000000000000e+05
1.794530000000000000e+05
2.116890000000000000e+05
2.164790000000000000e+05
1.619700000000000000e+05
1.674560000000000000e+05
2.345340000000000000e+05
