1.700090000000000000e+05
2.369390000000000000e+05
1.666020000000000000e+05
2.194770000000000000e+05
2.128960000000000000e+05
2.238010000000000000e+05
2.073190000000000000e+05
2.623060000000000000e+05
2.247890000000000000e+05
2.456880000000000000e+05
2.007830000000000000e+05
2.293460000000000000e+05
2.052230000000000000e+05
1.964670000000000000e+05
2.362770000000000000e+05
1.765670000000000000e+05
2.689370000000000000e+05
2.268220000000000000e+05
2.204570000000000000e+05
2.321360000000000000e+05
2.251360000000000000e+05
1.998990000000000000e+05
2.194690000000000000e+05
2.053470000000000000e+05
2.175170000000000000e+05
2.185130000000000000e+05
2.259850000000000000e+05
2.045440000000000000e+05
2.081800000000000000e+05
1.765190000000000000e+05
2.129450000000000000e+05
1.839990000000000000e+05
2.230600000000000000e+05
2.389660000000000000e+05
2.183430000000000000e+05
2.114730000000000000e+05
2.189340000000000000e+05
2.410200000000000000e+05
2.480330000000000000e+05
2.591740000000000000e+05
2.038420000000000000e+05
2.179720000000000000e+05
2.178760000000000000e+05
2.249090000000000000e+05
2.462840000000000000e+05
2.506060000000000000e+05
2.436150000000000000e+05
2.055100000000000000e+05
2.000850000000000000e+05
2.254300000000000000e+05
