1.638870000000000000e+05
1.638870000000000000e+05
1.638870000000000000e+05
1.638870000000000000e+05
1.638870000000000000e+05
1.638870000000000000e+05
1.638870000000000000e+05
1.638870000000000000e+05
1.638870000000000000e+05
1.638870000000000000e+05
1.638870000000000000e+05
1.638870000000000000e+05
1.638870000000000000e+05
1.638870000000000000e+05
1.638870000000000000e+05
1.638870000000000000e+05
1.638870000000000000e+05
1.638870000000000000e+05
1.638870000000000000e+05
1.638870000000000000e+05
1.638870000000000000e+05
1.638870000000000000e+05
1.638870000000000000e+05
1.638870000000000000e+05
1.638870000000000000e+05
1.638870000000000000e+05
1.638870000000000000e+05
1.638870000000000000e+05
1.638870000000000000e+05
1.638870000000000000e+05
1.638870000000000000e+05
1.638870000000000000e+05
1.638870000000000000e+05
1.638870000000000000e+05
1.638870000000000000e+05
1.638870000000000000e+05
1.638870000000000000e+05
1.638870000000000000e+05
1.638870000000000000e+05
1.638870000000000000e+05
1.638870000000000000e+05
1.638870000000000000e+05
1.638870000000000000e+05
1.638870000000000000e+05
1.638870000000000000e+05
1.638870000000000000e+05
1.638870000000000000e+05
1.638870000000000000e+05
1.638870000000000000e+05
1.638870000000000000e+05
