1.192950000000000000e+05
1.267220000000000000e+05
1.275820000000000000e+05
1.161750000000000000e+05
1.257620000000000000e+05
1.357260000000000000e+05
1.351560000000000000e+05
1.202970000000000000e+05
1.286130000000000000e+05
1.276810000000000000e+05
1.328060000000000000e+05
1.223030000000000000e+05
1.052250000000000000e+05
1.106450000000000000e+05
1.241660000000000000e+05
1.344160000000000000e+05
1.199110000000000000e+05
1.449230000000000000e+05
1.102350000000000000e+05
1.126830000000000000e+05
1.291960000000000000e+05
1.059380000000000000e+05
1.190320000000000000e+05
1.432410000000000000e+05
1.304810000000000000e+05
1.318780000000000000e+05
1.192670000000000000e+05
1.424710000000000000e+05
1.365280000000000000e+05
1.401060000000000000e+05
1.170630000000000000e+05
1.203670000000000000e+05
1.428480000000000000e+05
1.371710000000000000e+05
1.106620000000000000e+05
1.207920000000000000e+05
1.236130000000000000e+05
1.391060000000000000e+05
1.235860000000000000e+05
1.215840000000000000e+05
1.325010000000000000e+05
1.464540000000000000e+05
1.269160000000000000e+05
1.203800000000000000e+05
1.350850000000000000e+05
1.205110000000000000e+05
1.354960000000000000e+05
1.113010000000000000e+05
1.176590000000000000e+05
1.343130000000000000e+05
