9.370300000000000000e+04
9.775000000000000000e+04
1.071750000000000000e+05
1.137990000000000000e+05
1.112450000000000000e+05
1.044930000000000000e+05
9.978300000000000000e+04
1.096410000000000000e+05
9.799900000000000000e+04
9.812100000000000000e+04
9.471800000000000000e+04
1.078890000000000000e+05
9.677300000000000000e+04
1.042510000000000000e+05
1.090000000000000000e+05
9.529900000000000000e+04
8.851400000000000000e+04
9.942800000000000000e+04
9.477400000000000000e+04
1.117290000000000000e+05
9.161300000000000000e+04
1.072850000000000000e+05
1.049510000000000000e+05
9.686700000000000000e+04
9.622800000000000000e+04
9.878300000000000000e+04
1.120720000000000000e+05
1.016310000000000000e+05
9.448000000000000000e+04
1.016740000000000000e+05
9.383400000000000000e+04
9.001700000000000000e+04
1.146680000000000000e+05
9.759100000000000000e+04
1.019590000000000000e+05
1.104430000000000000e+05
1.007380000000000000e+05
1.060260000000000000e+05
1.098870000000000000e+05
1.081230000000000000e+05
1.152440000000000000e+05
1.126120000000000000e+05
1.060780000000000000e+05
9.544900000000000000e+04
1.053830000000000000e+05
9.506400000000000000e+04
1.019350000000000000e+05
1.014890000000000000e+05
1.022830000000000000e+05
9.271100000000000000e+04
