3.625600000000000000e+05
3.625600000000000000e+05
3.625600000000000000e+05
3.625600000000000000e+05
3.625600000000000000e+05
3.625600000000000000e+05
3.625600000000000000e+05
3.625600000000000000e+05
3.625600000000000000e+05
3.625600000000000000e+05
3.625600000000000000e+05
3.625600000000000000e+05
3.625600000000000000e+05
3.625600000000000000e+05
3.625600000000000000e+05
3.625600000000000000e+05
3.625600000000000000e+05
3.625600000000000000e+05
3.625600000000000000e+05
3.625600000000000000e+05
3.625600000000000000e+05
3.625600000000000000e+05
3.625600000000000000e+05
3.625600000000000000e+05
3.625600000000000000e+05
3.625600000000000000e+05
3.625600000000000000e+05
3.625600000000000000e+05
3.625600000000000000e+05
3.625600000000000000e+05
3.625600000000000000e+05
3.625600000000000000e+05
3.625600000000000000e+05
3.625600000000000000e+05
3.625600000000000000e+05
3.625600000000000000e+05
3.625600000000000000e+05
3.625600000000000000e+05
3.625600000000000000e+05
3.625600000000000000e+05
3.625600000000000000e+05
3.625600000000000000e+05
3.625600000000000000e+05
3.625600000000000000e+05
3.625600000000000000e+05
3.625600000000000000e+05
3.625600000000000000e+05
3.625600000000000000e+05
3.625600000000000000e+05
3.625600000000000000e+05
