5.028390000000000000e+05
5.028390000000000000e+05
5.028390000000000000e+05
5.028390000000000000e+05
5.028390000000000000e+05
5.028390000000000000e+05
5.028390000000000000e+05
5.028390000000000000e+05
5.028390000000000000e+05
5.028390000000000000e+05
5.028390000000000000e+05
5.028390000000000000e+05
5.028390000000000000e+05
5.028390000000000000e+05
5.028390000000000000e+05
5.028390000000000000e+05
5.028390000000000000e+05
5.028390000000000000e+05
5.028390000000000000e+05
5.028390000000000000e+05
5.028390000000000000e+05
5.028390000000000000e+05
5.028390000000000000e+05
5.028390000000000000e+05
5.028390000000000000e+05
5.028390000000000000e+05
5.028390000000000000e+05
5.028390000000000000e+05
5.028390000000000000e+05
5.028390000000000000e+05
5.028390000000000000e+05
5.028390000000000000e+05
5.028390000000000000e+05
5.028390000000000000e+05
5.028390000000000000e+05
5.028390000000000000e+05
5.028390000000000000e+05
5.028390000000000000e+05
5.028390000000000000e+05
5.028390000000000000e+05
5.028390000000000000e+05
5.028390000000000000e+05
5.028390000000000000e+05
5.028390000000000000e+05
5.028390000000000000e+05
5.028390000000000000e+05
5.028390000000000000e+05
5.028390000000000000e+05
5.028390000000000000e+05
5.028390000000000000e+05
