2.239780000000000000e+05
2.239780000000000000e+05
2.239780000000000000e+05
2.239780000000000000e+05
2.239780000000000000e+05
2.239780000000000000e+05
2.239780000000000000e+05
2.239780000000000000e+05
2.239780000000000000e+05
2.239780000000000000e+05
2.239780000000000000e+05
2.239780000000000000e+05
2.239780000000000000e+05
2.239780000000000000e+05
2.239780000000000000e+05
2.239780000000000000e+05
2.239780000000000000e+05
2.239780000000000000e+05
2.239780000000000000e+05
2.239780000000000000e+05
2.239780000000000000e+05
2.239780000000000000e+05
2.239780000000000000e+05
2.239780000000000000e+05
2.239780000000000000e+05
2.239780000000000000e+05
2.239780000000000000e+05
2.239780000000000000e+05
2.239780000000000000e+05
2.239780000000000000e+05
2.239780000000000000e+05
2.239780000000000000e+05
2.239780000000000000e+05
2.239780000000000000e+05
2.239780000000000000e+05
2.239780000000000000e+05
2.239780000000000000e+05
2.239780000000000000e+05
2.239780000000000000e+05
2.239780000000000000e+05
2.239780000000000000e+05
2.239780000000000000e+05
2.239780000000000000e+05
2.239780000000000000e+05
2.239780000000000000e+05
2.239780000000000000e+05
2.239780000000000000e+05
2.239780000000000000e+05
2.239780000000000000e+05
2.239780000000000000e+05
