1.204870000000000000e+05
1.204870000000000000e+05
1.204870000000000000e+05
1.204870000000000000e+05
1.204870000000000000e+05
1.204870000000000000e+05
1.204870000000000000e+05
1.204870000000000000e+05
1.204870000000000000e+05
1.204870000000000000e+05
1.204870000000000000e+05
1.204870000000000000e+05
1.204870000000000000e+05
1.204870000000000000e+05
1.204870000000000000e+05
1.204870000000000000e+05
1.204870000000000000e+05
1.204870000000000000e+05
1.204870000000000000e+05
1.204870000000000000e+05
1.204870000000000000e+05
1.204870000000000000e+05
1.204870000000000000e+05
1.204870000000000000e+05
1.204870000000000000e+05
1.204870000000000000e+05
1.204870000000000000e+05
1.204870000000000000e+05
1.204870000000000000e+05
1.204870000000000000e+05
1.204870000000000000e+05
1.204870000000000000e+05
1.204870000000000000e+05
1.204870000000000000e+05
1.204870000000000000e+05
1.204870000000000000e+05
1.204870000000000000e+05
1.204870000000000000e+05
1.204870000000000000e+05
1.204870000000000000e+05
1.204870000000000000e+05
1.204870000000000000e+05
1.204870000000000000e+05
1.204870000000000000e+05
1.204870000000000000e+05
1.204870000000000000e+05
1.204870000000000000e+05
1.204870000000000000e+05
1.204870000000000000e+05
1.204870000000000000e+05
