2.443660000000000000e+05
2.344420000000000000e+05
2.266510000000000000e+05
2.249560000000000000e+05
2.502730000000000000e+05
2.482810000000000000e+05
2.236110000000000000e+05
2.292970000000000000e+05
2.294480000000000000e+05
2.314130000000000000e+05
2.434640000000000000e+05
2.787210000000000000e+05
2.368480000000000000e+05
2.354050000000000000e+05
2.161500000000000000e+05
2.539970000000000000e+05
2.438850000000000000e+05
2.549300000000000000e+05
2.586060000000000000e+05
2.340350000000000000e+05
2.370730000000000000e+05
2.610020000000000000e+05
2.348550000000000000e+05
2.330100000000000000e+05
2.579030000000000000e+05
2.352940000000000000e+05
2.707010000000000000e+05
2.468500000000000000e+05
2.101870000000000000e+05
2.412440000000000000e+05
2.343670000000000000e+05
2.528300000000000000e+05
2.470530000000000000e+05
2.414910000000000000e+05
2.555060000000000000e+05
2.405580000000000000e+05
2.471280000000000000e+05
2.362120000000000000e+05
2.300260000000000000e+05
2.419950000000000000e+05
2.360360000000000000e+05
2.423940000000000000e+05
2.670400000000000000e+05
2.245730000000000000e+05
2.469710000000000000e+05
2.514760000000000000e+05
2.511420000000000000e+05
2.515620000000000000e+05
2.330770000000000000e+05
2.598180000000000000e+05
