2.468380000000000000e+05
2.149570000000000000e+05
2.118100000000000000e+05
2.355650000000000000e+05
2.541720000000000000e+05
2.765540000000000000e+05
3.052490000000000000e+05
1.346120000000000000e+05
2.977110000000000000e+05
9.201200000000000000e+04
2.916130000000000000e+05
2.540040000000000000e+05
9.966100000000000000e+04
2.163090000000000000e+05
1.339060000000000000e+05
2.460090000000000000e+05
3.260500000000000000e+05
1.783990000000000000e+05
2.146380000000000000e+05
2.834930000000000000e+05
2.286080000000000000e+05
2.511930000000000000e+05
1.847360000000000000e+05
1.990870000000000000e+05
1.960980000000000000e+05
2.974260000000000000e+05
2.892820000000000000e+05
1.638630000000000000e+05
3.051030000000000000e+05
2.708040000000000000e+05
3.026860000000000000e+05
2.226740000000000000e+05
1.358040000000000000e+05
9.764000000000000000e+04
1.920520000000000000e+05
2.358510000000000000e+05
1.847290000000000000e+05
2.967980000000000000e+05
1.638320000000000000e+05
2.436390000000000000e+05
2.430980000000000000e+05
1.683410000000000000e+05
2.794190000000000000e+05
2.029930000000000000e+05
3.288840000000000000e+05
1.259110000000000000e+05
2.774040000000000000e+05
3.163870000000000000e+05
1.842290000000000000e+05
1.299920000000000000e+05
