3.482960000000000000e+05
3.607400000000000000e+05
3.649910000000000000e+05
3.923200000000000000e+05
2.978960000000000000e+05
3.588740000000000000e+05
3.841170000000000000e+05
2.994880000000000000e+05
3.823450000000000000e+05
3.365170000000000000e+05
2.669660000000000000e+05
3.212770000000000000e+05
3.240820000000000000e+05
3.532650000000000000e+05
3.584000000000000000e+05
3.309990000000000000e+05
3.267810000000000000e+05
3.629670000000000000e+05
3.449310000000000000e+05
2.933190000000000000e+05
3.711720000000000000e+05
3.829780000000000000e+05
3.481130000000000000e+05
3.702390000000000000e+05
2.874700000000000000e+05
3.675790000000000000e+05
3.091250000000000000e+05
3.740390000000000000e+05
3.582760000000000000e+05
3.323670000000000000e+05
2.946540000000000000e+05
3.140220000000000000e+05
3.123940000000000000e+05
3.817960000000000000e+05
3.579490000000000000e+05
3.850560000000000000e+05
3.576240000000000000e+05
3.594390000000000000e+05
3.050400000000000000e+05
3.931810000000000000e+05
2.734770000000000000e+05
3.356300000000000000e+05
2.651490000000000000e+05
3.641580000000000000e+05
3.537680000000000000e+05
3.307590000000000000e+05
3.862650000000000000e+05
3.436840000000000000e+05
3.508470000000000000e+05
3.081460000000000000e+05
