3.244030000000000000e+05
3.285980000000000000e+05
3.363160000000000000e+05
3.129930000000000000e+05
3.366410000000000000e+05
2.838180000000000000e+05
3.694230000000000000e+05
3.540850000000000000e+05
3.705120000000000000e+05
2.541530000000000000e+05
3.959750000000000000e+05
3.377910000000000000e+05
3.277310000000000000e+05
3.487010000000000000e+05
3.572220000000000000e+05
3.809330000000000000e+05
3.522220000000000000e+05
3.875610000000000000e+05
3.556320000000000000e+05
3.663910000000000000e+05
3.434980000000000000e+05
3.671930000000000000e+05
3.882300000000000000e+05
3.736070000000000000e+05
3.574550000000000000e+05
2.784140000000000000e+05
3.458790000000000000e+05
3.589080000000000000e+05
3.664650000000000000e+05
3.704790000000000000e+05
3.396740000000000000e+05
2.824170000000000000e+05
3.008880000000000000e+05
2.812870000000000000e+05
3.463510000000000000e+05
3.839730000000000000e+05
3.674440000000000000e+05
2.792340000000000000e+05
2.933500000000000000e+05
3.796270000000000000e+05
3.433070000000000000e+05
3.438900000000000000e+05
3.401720000000000000e+05
3.108690000000000000e+05
3.686800000000000000e+05
3.250620000000000000e+05
3.411050000000000000e+05
3.538460000000000000e+05
3.742230000000000000e+05
3.418880000000000000e+05
