2.991540000000000000e+05
2.496580000000000000e+05
3.034330000000000000e+05
3.116860000000000000e+05
2.793410000000000000e+05
3.033120000000000000e+05
3.302680000000000000e+05
3.288050000000000000e+05
2.944030000000000000e+05
2.862410000000000000e+05
3.288580000000000000e+05
1.401880000000000000e+05
2.881300000000000000e+05
3.451080000000000000e+05
2.741370000000000000e+05
3.359050000000000000e+05
3.274220000000000000e+05
2.670220000000000000e+05
2.702740000000000000e+05
2.812710000000000000e+05
2.842120000000000000e+05
2.414330000000000000e+05
2.991200000000000000e+05
3.329520000000000000e+05
2.404860000000000000e+05
3.564680000000000000e+05
3.347520000000000000e+05
2.965980000000000000e+05
2.478740000000000000e+05
2.576410000000000000e+05
2.886920000000000000e+05
3.174030000000000000e+05
3.542870000000000000e+05
2.337720000000000000e+05
2.626300000000000000e+05
2.967170000000000000e+05
2.885590000000000000e+05
2.789520000000000000e+05
3.135970000000000000e+05
3.156650000000000000e+05
3.388500000000000000e+05
2.595240000000000000e+05
3.664230000000000000e+05
3.513550000000000000e+05
2.483210000000000000e+05
2.519840000000000000e+05
2.926820000000000000e+05
2.817250000000000000e+05
2.715610000000000000e+05
2.772400000000000000e+05
