1.045850000000000000e+05
1.884190000000000000e+05
2.271270000000000000e+05
1.472290000000000000e+05
7.494400000000000000e+04
1.472690000000000000e+05
1.638780000000000000e+05
3.747800000000000000e+04
1.729770000000000000e+05
9.237500000000000000e+04
2.175610000000000000e+05
9.849100000000000000e+04
2.644330000000000000e+05
1.763490000000000000e+05
9.543500000000000000e+04
2.714030000000000000e+05
1.351790000000000000e+05
3.883600000000000000e+04
1.524210000000000000e+05
1.039080000000000000e+05
2.175520000000000000e+05
2.115100000000000000e+05
1.634680000000000000e+05
1.747720000000000000e+05
9.632100000000000000e+04
9.425100000000000000e+04
6.945300000000000000e+04
1.592830000000000000e+05
2.108870000000000000e+05
6.794400000000000000e+04
5.084400000000000000e+04
3.343800000000000000e+04
8.429300000000000000e+04
1.094340000000000000e+05
6.053100000000000000e+04
1.319330000000000000e+05
5.381500000000000000e+04
1.803550000000000000e+05
1.288020000000000000e+05
2.261660000000000000e+05
1.773080000000000000e+05
1.976140000000000000e+05
1.454360000000000000e+05
5.778500000000000000e+04
1.962030000000000000e+05
7.935500000000000000e+04
5.185000000000000000e+03
1.121290000000000000e+05
1.330950000000000000e+05
2.029170000000000000e+05
