3.076770000000000000e+05
3.412800000000000000e+05
3.206140000000000000e+05
3.192350000000000000e+05
3.112470000000000000e+05
2.404770000000000000e+05
3.674950000000000000e+05
1.648310000000000000e+05
9.618200000000000000e+04
1.731290000000000000e+05
3.143680000000000000e+05
2.538280000000000000e+05
3.695930000000000000e+05
3.740220000000000000e+05
2.357940000000000000e+05
2.778680000000000000e+05
2.611570000000000000e+05
2.890480000000000000e+05
3.154770000000000000e+05
2.285110000000000000e+05
3.092690000000000000e+05
2.830080000000000000e+05
3.109830000000000000e+05
2.957860000000000000e+05
3.403440000000000000e+05
3.412280000000000000e+05
1.750260000000000000e+05
3.159490000000000000e+05
3.574190000000000000e+05
2.642060000000000000e+05
3.311890000000000000e+05
2.461290000000000000e+05
3.330730000000000000e+05
1.443760000000000000e+05
1.403260000000000000e+05
3.076690000000000000e+05
3.428770000000000000e+05
6.374600000000000000e+04
2.561480000000000000e+05
3.379600000000000000e+05
3.257060000000000000e+05
3.690420000000000000e+05
3.639430000000000000e+05
2.978390000000000000e+05
2.999150000000000000e+05
3.289770000000000000e+05
3.008840000000000000e+05
1.956880000000000000e+05
2.380070000000000000e+05
2.892150000000000000e+05
