3.375240000000000000e+05
2.914620000000000000e+05
2.921880000000000000e+05
3.578130000000000000e+05
2.605190000000000000e+05
2.302220000000000000e+05
3.008920000000000000e+05
2.979090000000000000e+05
3.169910000000000000e+05
3.576220000000000000e+05
2.407950000000000000e+05
2.885730000000000000e+05
2.908450000000000000e+05
3.015700000000000000e+05
2.321210000000000000e+05
2.658000000000000000e+05
3.168210000000000000e+05
3.247570000000000000e+05
3.530810000000000000e+05
2.888980000000000000e+05
3.062810000000000000e+05
2.532150000000000000e+05
3.052690000000000000e+05
3.193700000000000000e+05
2.701780000000000000e+05
3.313630000000000000e+05
1.898440000000000000e+05
2.824390000000000000e+05
2.682170000000000000e+05
2.258000000000000000e+05
3.674310000000000000e+05
3.012470000000000000e+05
3.250770000000000000e+05
3.699600000000000000e+05
3.043370000000000000e+05
3.345150000000000000e+05
2.941440000000000000e+05
2.355990000000000000e+05
3.138330000000000000e+05
3.083850000000000000e+05
2.808060000000000000e+05
2.867090000000000000e+05
2.626410000000000000e+05
3.361190000000000000e+05
2.768050000000000000e+05
2.886210000000000000e+05
2.631610000000000000e+05
2.846650000000000000e+05
3.154490000000000000e+05
3.108840000000000000e+05
