2.051140000000000000e+05
2.914890000000000000e+05
1.454050000000000000e+05
2.426140000000000000e+05
2.532790000000000000e+05
9.943200000000000000e+04
1.918170000000000000e+05
1.635630000000000000e+05
1.587250000000000000e+05
2.173770000000000000e+05
2.831230000000000000e+05
2.123910000000000000e+05
2.092830000000000000e+05
2.362920000000000000e+05
2.538870000000000000e+05
1.900040000000000000e+05
7.671000000000000000e+04
2.627890000000000000e+05
3.111580000000000000e+05
1.297290000000000000e+05
1.871240000000000000e+05
2.956860000000000000e+05
1.882910000000000000e+05
2.590510000000000000e+05
2.244390000000000000e+05
2.836200000000000000e+05
2.478340000000000000e+05
1.722230000000000000e+05
1.874250000000000000e+05
1.944390000000000000e+05
2.207150000000000000e+05
2.177990000000000000e+05
1.952130000000000000e+05
1.938020000000000000e+05
1.340750000000000000e+05
2.618120000000000000e+05
2.123330000000000000e+05
2.086220000000000000e+05
1.186540000000000000e+05
1.590720000000000000e+05
2.657120000000000000e+05
2.958080000000000000e+05
1.481850000000000000e+05
2.038240000000000000e+05
1.737260000000000000e+05
1.249160000000000000e+05
2.359100000000000000e+05
1.642910000000000000e+05
1.878190000000000000e+05
2.151410000000000000e+05
