2.698030000000000000e+05
1.356650000000000000e+05
1.021840000000000000e+05
1.248780000000000000e+05
4.853800000000000000e+04
1.881600000000000000e+05
1.695710000000000000e+05
3.530700000000000000e+04
2.441360000000000000e+05
9.609300000000000000e+04
2.206040000000000000e+05
1.338270000000000000e+05
5.893100000000000000e+04
2.152600000000000000e+05
1.016660000000000000e+05
1.038210000000000000e+05
2.511530000000000000e+05
9.121000000000000000e+04
1.438730000000000000e+05
2.059450000000000000e+05
1.901690000000000000e+05
1.977260000000000000e+05
2.180510000000000000e+05
1.634420000000000000e+05
1.690050000000000000e+05
1.007780000000000000e+05
1.750640000000000000e+05
1.613370000000000000e+05
1.466510000000000000e+05
1.225040000000000000e+05
9.002900000000000000e+04
9.087800000000000000e+04
8.635800000000000000e+04
2.064670000000000000e+05
1.679280000000000000e+05
9.308900000000000000e+04
1.946490000000000000e+05
1.219330000000000000e+05
1.329090000000000000e+05
1.499590000000000000e+05
1.694030000000000000e+05
1.032260000000000000e+05
1.159860000000000000e+05
3.534300000000000000e+04
9.688100000000000000e+04
1.611240000000000000e+05
5.772200000000000000e+04
2.042610000000000000e+05
5.231700000000000000e+04
1.401410000000000000e+05
