5.137800000000000000e+04
5.203900000000000000e+04
4.661800000000000000e+04
5.844700000000000000e+04
8.819700000000000000e+04
4.837500000000000000e+04
7.299900000000000000e+04
4.427500000000000000e+04
7.730000000000000000e+04
9.693000000000000000e+04
6.216600000000000000e+04
7.019200000000000000e+04
3.431500000000000000e+04
7.332900000000000000e+04
4.437600000000000000e+04
7.653500000000000000e+04
4.754200000000000000e+04
4.979600000000000000e+04
7.083200000000000000e+04
6.649700000000000000e+04
4.678800000000000000e+04
4.402800000000000000e+04
6.877200000000000000e+04
5.461900000000000000e+04
6.818900000000000000e+04
5.860000000000000000e+04
7.427600000000000000e+04
5.133800000000000000e+04
5.483900000000000000e+04
5.483900000000000000e+04
6.670000000000000000e+04
5.375500000000000000e+04
7.221300000000000000e+04
8.370100000000000000e+04
6.999400000000000000e+04
4.806900000000000000e+04
6.195000000000000000e+04
8.774300000000000000e+04
4.993500000000000000e+04
6.543100000000000000e+04
4.831300000000000000e+04
8.049800000000000000e+04
6.835000000000000000e+04
7.587000000000000000e+04
6.236600000000000000e+04
6.999200000000000000e+04
7.235900000000000000e+04
6.147000000000000000e+04
7.253600000000000000e+04
7.275400000000000000e+04
