5.593000000000000000e+03
6.007000000000000000e+03
1.023900000000000000e+04
1.756200000000000000e+04
1.210000000000000000e+02
3.474000000000000000e+03
4.668000000000000000e+03
7.013000000000000000e+03
1.776300000000000000e+04
2.036600000000000000e+04
9.515000000000000000e+03
9.642000000000000000e+03
7.474000000000000000e+03
8.985000000000000000e+03
4.309000000000000000e+03
4.856000000000000000e+03
1.344800000000000000e+04
9.975000000000000000e+03
4.141000000000000000e+03
2.300000000000000000e+03
1.282800000000000000e+04
1.567200000000000000e+04
1.374500000000000000e+04
1.547600000000000000e+04
9.009000000000000000e+03
1.112200000000000000e+04
1.111900000000000000e+04
6.421000000000000000e+03
1.645100000000000000e+04
1.085300000000000000e+04
1.383200000000000000e+04
2.417000000000000000e+03
5.740000000000000000e+03
2.590000000000000000e+02
8.673000000000000000e+03
6.600000000000000000e+01
1.559700000000000000e+04
1.227400000000000000e+04
5.226000000000000000e+03
7.303000000000000000e+03
8.956000000000000000e+03
5.207000000000000000e+03
1.575100000000000000e+04
8.602000000000000000e+03
2.848000000000000000e+03
1.232300000000000000e+04
3.754000000000000000e+03
2.071900000000000000e+04
3.336000000000000000e+03
1.272200000000000000e+04
