6.137900000000000000e+04
2.131900000000000000e+04
4.070300000000000000e+04
3.658500000000000000e+04
2.385200000000000000e+04
2.004500000000000000e+04
3.298500000000000000e+04
3.430500000000000000e+04
2.652800000000000000e+04
2.347700000000000000e+04
2.636600000000000000e+04
3.352000000000000000e+04
5.222600000000000000e+04
3.817200000000000000e+04
2.303800000000000000e+04
3.796200000000000000e+04
5.268000000000000000e+04
3.972900000000000000e+04
4.923900000000000000e+04
2.446100000000000000e+04
2.918900000000000000e+04
5.514200000000000000e+04
2.597100000000000000e+04
5.029400000000000000e+04
3.817500000000000000e+04
4.436900000000000000e+04
2.526100000000000000e+04
5.883200000000000000e+04
4.236900000000000000e+04
3.659900000000000000e+04
5.058200000000000000e+04
3.235100000000000000e+04
4.312300000000000000e+04
3.121300000000000000e+04
2.996100000000000000e+04
3.445400000000000000e+04
3.716800000000000000e+04
4.661700000000000000e+04
3.775500000000000000e+04
5.789100000000000000e+04
3.515300000000000000e+04
3.792100000000000000e+04
2.855200000000000000e+04
3.495400000000000000e+04
2.327200000000000000e+04
2.690700000000000000e+04
3.685500000000000000e+04
3.621900000000000000e+04
3.778800000000000000e+04
4.151900000000000000e+04
