7.129300000000000000e+04
9.912400000000000000e+04
9.492400000000000000e+04
6.640600000000000000e+04
7.342600000000000000e+04
5.514900000000000000e+04
9.354200000000000000e+04
8.926100000000000000e+04
5.835300000000000000e+04
4.819600000000000000e+04
5.254800000000000000e+04
6.832200000000000000e+04
5.256000000000000000e+04
8.653300000000000000e+04
5.072100000000000000e+04
5.380400000000000000e+04
7.442900000000000000e+04
8.007900000000000000e+04
7.615500000000000000e+04
6.180200000000000000e+04
1.198850000000000000e+05
7.829100000000000000e+04
4.808900000000000000e+04
8.036800000000000000e+04
6.988500000000000000e+04
8.614300000000000000e+04
6.615700000000000000e+04
8.488200000000000000e+04
6.760100000000000000e+04
1.045580000000000000e+05
4.088400000000000000e+04
7.474000000000000000e+04
6.627600000000000000e+04
6.979100000000000000e+04
4.376700000000000000e+04
5.112800000000000000e+04
8.591700000000000000e+04
5.912300000000000000e+04
5.825600000000000000e+04
9.743200000000000000e+04
8.664100000000000000e+04
5.816500000000000000e+04
7.937000000000000000e+04
7.406300000000000000e+04
8.456200000000000000e+04
6.697300000000000000e+04
6.387700000000000000e+04
6.950900000000000000e+04
7.943600000000000000e+04
7.911800000000000000e+04
