1.930800000000000000e+04
1.338400000000000000e+04
1.477700000000000000e+04
3.126500000000000000e+04
2.155400000000000000e+04
3.066300000000000000e+04
1.492000000000000000e+04
8.038000000000000000e+03
2.242900000000000000e+04
2.012800000000000000e+04
3.063100000000000000e+04
1.137200000000000000e+04
3.499100000000000000e+04
1.169200000000000000e+04
1.863600000000000000e+04
2.170100000000000000e+04
2.103200000000000000e+04
2.149600000000000000e+04
1.129300000000000000e+04
2.345900000000000000e+04
2.404100000000000000e+04
3.543100000000000000e+04
1.434800000000000000e+04
2.251000000000000000e+04
1.388000000000000000e+04
2.832900000000000000e+04
1.690800000000000000e+04
1.823400000000000000e+04
2.536500000000000000e+04
1.493500000000000000e+04
7.607000000000000000e+03
2.427700000000000000e+04
2.386300000000000000e+04
5.594000000000000000e+03
2.656400000000000000e+04
2.861300000000000000e+04
1.180700000000000000e+04
2.582900000000000000e+04
1.441500000000000000e+04
8.516000000000000000e+03
2.192800000000000000e+04
1.780200000000000000e+04
2.406700000000000000e+04
9.128000000000000000e+03
1.027200000000000000e+04
1.988000000000000000e+04
2.514000000000000000e+04
1.716500000000000000e+04
1.923700000000000000e+04
1.624600000000000000e+04
