3.346700000000000000e+04
1.978600000000000000e+04
4.130500000000000000e+04
3.976800000000000000e+04
3.001700000000000000e+04
3.680300000000000000e+04
2.522500000000000000e+04
1.733900000000000000e+04
4.115900000000000000e+04
1.068800000000000000e+04
4.278600000000000000e+04
4.582200000000000000e+04
1.840200000000000000e+04
2.448200000000000000e+04
2.170000000000000000e+04
2.954300000000000000e+04
4.926300000000000000e+04
2.699300000000000000e+04
2.973100000000000000e+04
3.495300000000000000e+04
1.893800000000000000e+04
4.112000000000000000e+04
3.465500000000000000e+04
3.783500000000000000e+04
2.370300000000000000e+04
5.050800000000000000e+04
4.542100000000000000e+04
2.332600000000000000e+04
5.322600000000000000e+04
4.295300000000000000e+04
4.100900000000000000e+04
2.630600000000000000e+04
2.503600000000000000e+04
9.086000000000000000e+03
2.975700000000000000e+04
3.402900000000000000e+04
2.707700000000000000e+04
4.601600000000000000e+04
2.394700000000000000e+04
3.940200000000000000e+04
2.892900000000000000e+04
2.822600000000000000e+04
4.439100000000000000e+04
1.293800000000000000e+04
5.775700000000000000e+04
2.859900000000000000e+04
3.114300000000000000e+04
5.004800000000000000e+04
1.709600000000000000e+04
2.698400000000000000e+04
