1.188280000000000000e+05
8.975800000000000000e+04
1.350670000000000000e+05
8.990400000000000000e+04
7.765700000000000000e+04
8.158500000000000000e+04
8.076700000000000000e+04
8.991500000000000000e+04
7.651700000000000000e+04
7.248500000000000000e+04
1.056790000000000000e+05
7.254000000000000000e+04
7.228400000000000000e+04
9.889400000000000000e+04
8.705800000000000000e+04
5.057400000000000000e+04
8.774300000000000000e+04
6.530000000000000000e+04
7.312800000000000000e+04
8.189000000000000000e+04
8.214900000000000000e+04
8.624800000000000000e+04
6.058500000000000000e+04
1.025450000000000000e+05
6.712100000000000000e+04
7.860600000000000000e+04
6.295900000000000000e+04
8.618600000000000000e+04
7.141000000000000000e+04
6.469300000000000000e+04
8.349500000000000000e+04
8.892200000000000000e+04
8.433700000000000000e+04
6.399100000000000000e+04
8.540400000000000000e+04
5.900100000000000000e+04
7.981000000000000000e+04
7.785500000000000000e+04
7.703200000000000000e+04
1.042410000000000000e+05
8.975800000000000000e+04
5.429000000000000000e+04
8.707900000000000000e+04
1.000750000000000000e+05
6.897200000000000000e+04
9.652700000000000000e+04
6.872400000000000000e+04
1.047310000000000000e+05
1.033970000000000000e+05
6.278100000000000000e+04
