5.046000000000000000e+03
7.664000000000000000e+03
5.310000000000000000e+03
1.406500000000000000e+04
1.150700000000000000e+04
3.134000000000000000e+03
7.119000000000000000e+03
1.065400000000000000e+04
1.701200000000000000e+04
1.985800000000000000e+04
1.413900000000000000e+04
1.404800000000000000e+04
1.240800000000000000e+04
2.306600000000000000e+04
9.627000000000000000e+03
4.447000000000000000e+03
1.751400000000000000e+04
1.245800000000000000e+04
3.074400000000000000e+04
4.610000000000000000e+03
4.705000000000000000e+03
9.238000000000000000e+03
1.680700000000000000e+04
1.540700000000000000e+04
1.683100000000000000e+04
2.404600000000000000e+04
2.807000000000000000e+03
2.465600000000000000e+04
1.085900000000000000e+04
9.761000000000000000e+03
9.761000000000000000e+03
1.204100000000000000e+04
6.601000000000000000e+03
1.823400000000000000e+04
1.186600000000000000e+04
1.998500000000000000e+04
2.115000000000000000e+03
9.965000000000000000e+03
1.272100000000000000e+04
4.538000000000000000e+03
1.939600000000000000e+04
2.319200000000000000e+04
1.212200000000000000e+04
1.699400000000000000e+04
2.329000000000000000e+03
1.192600000000000000e+04
8.161000000000000000e+03
1.869500000000000000e+04
3.799000000000000000e+03
1.560700000000000000e+04
