3.667600000000000000e+04
1.981700000000000000e+04
1.719100000000000000e+04
4.752900000000000000e+04
1.462200000000000000e+04
6.075200000000000000e+04
2.601700000000000000e+04
1.494200000000000000e+04
3.792900000000000000e+04
8.964000000000000000e+03
2.754600000000000000e+04
1.503200000000000000e+04
3.111300000000000000e+04
1.956100000000000000e+04
2.282000000000000000e+04
2.288600000000000000e+04
4.444500000000000000e+04
3.511400000000000000e+04
9.982000000000000000e+03
3.534000000000000000e+04
1.545200000000000000e+04
3.559900000000000000e+04
3.181600000000000000e+04
1.339200000000000000e+04
3.175600000000000000e+04
1.876600000000000000e+04
3.175100000000000000e+04
3.332400000000000000e+04
3.140600000000000000e+04
1.190200000000000000e+04
2.628900000000000000e+04
3.984000000000000000e+04
5.400000000000000000e+03
1.813600000000000000e+04
1.331100000000000000e+04
3.735900000000000000e+04
2.023800000000000000e+04
2.754400000000000000e+04
1.745900000000000000e+04
1.428000000000000000e+04
3.182500000000000000e+04
3.662600000000000000e+04
3.156900000000000000e+04
2.848000000000000000e+04
2.262800000000000000e+04
2.467200000000000000e+04
2.898600000000000000e+04
2.990600000000000000e+04
1.906800000000000000e+04
3.799900000000000000e+04
