7.849900000000000000e+04
8.550200000000000000e+04
8.396400000000000000e+04
7.802800000000000000e+04
9.075100000000000000e+04
5.115400000000000000e+04
8.132300000000000000e+04
1.179300000000000000e+05
8.291500000000000000e+04
9.718900000000000000e+04
6.990000000000000000e+04
7.022500000000000000e+04
8.496200000000000000e+04
1.008870000000000000e+05
5.825400000000000000e+04
7.550700000000000000e+04
9.840100000000000000e+04
1.084950000000000000e+05
9.603600000000000000e+04
5.084700000000000000e+04
7.781800000000000000e+04
7.474600000000000000e+04
8.794800000000000000e+04
6.813900000000000000e+04
8.597200000000000000e+04
1.164380000000000000e+05
4.502800000000000000e+04
8.564700000000000000e+04
5.020800000000000000e+04
9.747600000000000000e+04
8.355500000000000000e+04
1.098000000000000000e+05
9.386700000000000000e+04
8.440200000000000000e+04
7.641900000000000000e+04
9.570500000000000000e+04
8.845200000000000000e+04
3.972700000000000000e+04
9.649700000000000000e+04
1.017690000000000000e+05
9.175600000000000000e+04
9.327200000000000000e+04
9.515300000000000000e+04
1.007870000000000000e+05
6.169600000000000000e+04
7.218000000000000000e+04
6.943900000000000000e+04
9.146600000000000000e+04
9.432900000000000000e+04
8.209500000000000000e+04
