1.598871000000000000e+06
1.598871000000000000e+06
1.598871000000000000e+06
1.598871000000000000e+06
1.598871000000000000e+06
1.598871000000000000e+06
1.598871000000000000e+06
1.598871000000000000e+06
1.598871000000000000e+06
1.598871000000000000e+06
1.598871000000000000e+06
1.598871000000000000e+06
1.598871000000000000e+06
1.598871000000000000e+06
1.598871000000000000e+06
1.598871000000000000e+06
1.598871000000000000e+06
1.598871000000000000e+06
1.598871000000000000e+06
1.598871000000000000e+06
1.598871000000000000e+06
1.598871000000000000e+06
1.598871000000000000e+06
1.598871000000000000e+06
1.598871000000000000e+06
1.598871000000000000e+06
1.598871000000000000e+06
1.598871000000000000e+06
1.598871000000000000e+06
1.598871000000000000e+06
1.598871000000000000e+06
1.598871000000000000e+06
1.598871000000000000e+06
1.598871000000000000e+06
1.598871000000000000e+06
1.598871000000000000e+06
1.598871000000000000e+06
1.598871000000000000e+06
1.598871000000000000e+06
1.598871000000000000e+06
1.598871000000000000e+06
1.598871000000000000e+06
1.598871000000000000e+06
1.598871000000000000e+06
1.598871000000000000e+06
1.598871000000000000e+06
1.598871000000000000e+06
1.598871000000000000e+06
1.598871000000000000e+06
1.598871000000000000e+06
