8.794490000000000000e+05
8.794490000000000000e+05
8.794490000000000000e+05
8.794490000000000000e+05
8.794490000000000000e+05
8.794490000000000000e+05
8.794490000000000000e+05
8.794490000000000000e+05
8.794490000000000000e+05
8.794490000000000000e+05
8.794490000000000000e+05
8.794490000000000000e+05
8.794490000000000000e+05
8.794490000000000000e+05
8.794490000000000000e+05
8.794490000000000000e+05
8.794490000000000000e+05
8.794490000000000000e+05
8.794490000000000000e+05
8.794490000000000000e+05
8.794490000000000000e+05
8.794490000000000000e+05
8.794490000000000000e+05
8.794490000000000000e+05
8.794490000000000000e+05
8.794490000000000000e+05
8.794490000000000000e+05
8.794490000000000000e+05
8.794490000000000000e+05
8.794490000000000000e+05
8.794490000000000000e+05
8.794490000000000000e+05
8.794490000000000000e+05
8.794490000000000000e+05
8.794490000000000000e+05
8.794490000000000000e+05
8.794490000000000000e+05
8.794490000000000000e+05
8.794490000000000000e+05
8.794490000000000000e+05
8.794490000000000000e+05
8.794490000000000000e+05
8.794490000000000000e+05
8.794490000000000000e+05
8.794490000000000000e+05
8.794490000000000000e+05
8.794490000000000000e+05
8.794490000000000000e+05
8.794490000000000000e+05
8.794490000000000000e+05
