1.453068000000000000e+06
1.453068000000000000e+06
1.453068000000000000e+06
1.453068000000000000e+06
1.453068000000000000e+06
1.453068000000000000e+06
1.453068000000000000e+06
1.453068000000000000e+06
1.453068000000000000e+06
1.453068000000000000e+06
1.453068000000000000e+06
1.453068000000000000e+06
1.453068000000000000e+06
1.453068000000000000e+06
1.453068000000000000e+06
1.453068000000000000e+06
1.453068000000000000e+06
1.453068000000000000e+06
1.453068000000000000e+06
1.453068000000000000e+06
1.453068000000000000e+06
1.453068000000000000e+06
1.453068000000000000e+06
1.453068000000000000e+06
1.453068000000000000e+06
1.453068000000000000e+06
1.453068000000000000e+06
1.453068000000000000e+06
1.453068000000000000e+06
1.453068000000000000e+06
1.453068000000000000e+06
1.453068000000000000e+06
1.453068000000000000e+06
1.453068000000000000e+06
1.453068000000000000e+06
1.453068000000000000e+06
1.453068000000000000e+06
1.453068000000000000e+06
1.453068000000000000e+06
1.453068000000000000e+06
1.453068000000000000e+06
1.453068000000000000e+06
1.453068000000000000e+06
1.453068000000000000e+06
1.453068000000000000e+06
1.453068000000000000e+06
1.453068000000000000e+06
1.453068000000000000e+06
1.453068000000000000e+06
1.453068000000000000e+06
