1.021814000000000000e+06
1.021814000000000000e+06
1.021814000000000000e+06
1.021814000000000000e+06
1.021814000000000000e+06
1.021814000000000000e+06
1.021814000000000000e+06
1.021814000000000000e+06
1.021814000000000000e+06
1.021814000000000000e+06
1.021814000000000000e+06
1.021814000000000000e+06
1.021814000000000000e+06
1.021814000000000000e+06
1.021814000000000000e+06
1.021814000000000000e+06
1.021814000000000000e+06
1.021814000000000000e+06
1.021814000000000000e+06
1.021814000000000000e+06
1.021814000000000000e+06
1.021814000000000000e+06
1.021814000000000000e+06
1.021814000000000000e+06
1.021814000000000000e+06
1.021814000000000000e+06
1.021814000000000000e+06
1.021814000000000000e+06
1.021814000000000000e+06
1.021814000000000000e+06
1.021814000000000000e+06
1.021814000000000000e+06
1.021814000000000000e+06
1.021814000000000000e+06
1.021814000000000000e+06
1.021814000000000000e+06
1.021814000000000000e+06
1.021814000000000000e+06
1.021814000000000000e+06
1.021814000000000000e+06
1.021814000000000000e+06
1.021814000000000000e+06
1.021814000000000000e+06
1.021814000000000000e+06
1.021814000000000000e+06
1.021814000000000000e+06
1.021814000000000000e+06
1.021814000000000000e+06
1.021814000000000000e+06
1.021814000000000000e+06
