1.254217000000000000e+06
1.254217000000000000e+06
1.254217000000000000e+06
1.254217000000000000e+06
1.254217000000000000e+06
1.254217000000000000e+06
1.254217000000000000e+06
1.254217000000000000e+06
1.254217000000000000e+06
1.254217000000000000e+06
1.254217000000000000e+06
1.254217000000000000e+06
1.254217000000000000e+06
1.254217000000000000e+06
1.254217000000000000e+06
1.254217000000000000e+06
1.254217000000000000e+06
1.254217000000000000e+06
1.254217000000000000e+06
1.254217000000000000e+06
1.254217000000000000e+06
1.254217000000000000e+06
1.254217000000000000e+06
1.254217000000000000e+06
1.254217000000000000e+06
1.254217000000000000e+06
1.254217000000000000e+06
1.254217000000000000e+06
1.254217000000000000e+06
1.254217000000000000e+06
1.254217000000000000e+06
1.254217000000000000e+06
1.254217000000000000e+06
1.254217000000000000e+06
1.254217000000000000e+06
1.254217000000000000e+06
1.254217000000000000e+06
1.254217000000000000e+06
1.254217000000000000e+06
1.254217000000000000e+06
1.254217000000000000e+06
1.254217000000000000e+06
1.254217000000000000e+06
1.254217000000000000e+06
1.254217000000000000e+06
1.254217000000000000e+06
1.254217000000000000e+06
1.254217000000000000e+06
1.254217000000000000e+06
1.254217000000000000e+06
