1.628935000000000000e+06
1.628935000000000000e+06
1.628935000000000000e+06
1.628935000000000000e+06
1.628935000000000000e+06
1.628935000000000000e+06
1.628935000000000000e+06
1.628935000000000000e+06
1.628935000000000000e+06
1.628935000000000000e+06
1.628935000000000000e+06
1.628935000000000000e+06
1.628935000000000000e+06
1.628935000000000000e+06
1.628935000000000000e+06
1.628935000000000000e+06
1.628935000000000000e+06
1.628935000000000000e+06
1.628935000000000000e+06
1.628935000000000000e+06
1.628935000000000000e+06
1.628935000000000000e+06
1.628935000000000000e+06
1.628935000000000000e+06
1.628935000000000000e+06
1.628935000000000000e+06
1.628935000000000000e+06
1.628935000000000000e+06
1.628935000000000000e+06
1.628935000000000000e+06
1.628935000000000000e+06
1.628935000000000000e+06
1.628935000000000000e+06
1.628935000000000000e+06
1.628935000000000000e+06
1.628935000000000000e+06
1.628935000000000000e+06
1.628935000000000000e+06
1.628935000000000000e+06
1.628935000000000000e+06
1.628935000000000000e+06
1.628935000000000000e+06
1.628935000000000000e+06
1.628935000000000000e+06
1.628935000000000000e+06
1.628935000000000000e+06
1.628935000000000000e+06
1.628935000000000000e+06
1.628935000000000000e+06
1.628935000000000000e+06
