9.807000000000000000e+03
3.548000000000000000e+04
2.448600000000000000e+04
4.016300000000000000e+04
5.540000000000000000e+02
0.000000000000000000e+00
1.716700000000000000e+04
2.259400000000000000e+04
3.893800000000000000e+04
2.599000000000000000e+04
1.000000000000000000e+04
4.656000000000000000e+03
3.071100000000000000e+04
3.542800000000000000e+04
2.470600000000000000e+04
1.992800000000000000e+04
2.289900000000000000e+04
2.080200000000000000e+04
1.242100000000000000e+04
6.455000000000000000e+03
2.196600000000000000e+04
1.940100000000000000e+04
9.999000000000000000e+03
3.251300000000000000e+04
2.590000000000000000e+02
8.317000000000000000e+03
2.279400000000000000e+04
1.528700000000000000e+04
3.097400000000000000e+04
2.191800000000000000e+04
7.762000000000000000e+03
0.000000000000000000e+00
0.000000000000000000e+00
1.729400000000000000e+04
1.600000000000000000e+04
3.869100000000000000e+04
0.000000000000000000e+00
7.652000000000000000e+03
2.475700000000000000e+04
1.346400000000000000e+04
4.337700000000000000e+04
1.151500000000000000e+04
1.952300000000000000e+04
2.420900000000000000e+04
5.475000000000000000e+03
0.000000000000000000e+00
3.347000000000000000e+04
2.000000000000000000e+04
3.552900000000000000e+04
1.703600000000000000e+04
