3.126000000000000000e+04
2.419300000000000000e+04
4.360700000000000000e+04
5.800600000000000000e+04
4.068000000000000000e+04
3.835300000000000000e+04
4.979600000000000000e+04
3.277900000000000000e+04
5.182100000000000000e+04
4.577100000000000000e+04
5.485500000000000000e+04
3.922900000000000000e+04
7.050800000000000000e+04
4.472900000000000000e+04
2.443400000000000000e+04
2.546900000000000000e+04
5.131000000000000000e+04
5.313900000000000000e+04
5.054400000000000000e+04
5.781000000000000000e+04
5.443100000000000000e+04
4.794100000000000000e+04
4.049400000000000000e+04
3.702800000000000000e+04
5.044300000000000000e+04
5.101300000000000000e+04
5.926000000000000000e+04
5.935300000000000000e+04
4.756700000000000000e+04
4.552200000000000000e+04
5.410500000000000000e+04
4.427200000000000000e+04
4.858800000000000000e+04
3.127700000000000000e+04
2.599000000000000000e+04
4.492800000000000000e+04
5.014700000000000000e+04
5.407300000000000000e+04
1.622100000000000000e+04
3.465600000000000000e+04
3.086000000000000000e+04
4.857200000000000000e+04
4.819900000000000000e+04
6.079800000000000000e+04
5.867800000000000000e+04
3.926700000000000000e+04
4.601700000000000000e+04
4.663700000000000000e+04
2.998400000000000000e+04
3.751900000000000000e+04
