8.219500000000000000e+04
6.627400000000000000e+04
8.585500000000000000e+04
5.510000000000000000e+04
9.988100000000000000e+04
1.134630000000000000e+05
1.273140000000000000e+05
9.135900000000000000e+04
1.017430000000000000e+05
8.068200000000000000e+04
9.738900000000000000e+04
8.633600000000000000e+04
7.202000000000000000e+04
9.237800000000000000e+04
8.176800000000000000e+04
6.797400000000000000e+04
7.933000000000000000e+04
1.226900000000000000e+05
5.381600000000000000e+04
1.141750000000000000e+05
7.933600000000000000e+04
1.083330000000000000e+05
1.234570000000000000e+05
7.412500000000000000e+04
1.323350000000000000e+05
1.041670000000000000e+05
9.565000000000000000e+04
6.610100000000000000e+04
1.403650000000000000e+05
7.883200000000000000e+04
7.227700000000000000e+04
1.244370000000000000e+05
8.150500000000000000e+04
5.078200000000000000e+04
7.594200000000000000e+04
9.547200000000000000e+04
9.704200000000000000e+04
6.967300000000000000e+04
7.499800000000000000e+04
1.126550000000000000e+05
7.897500000000000000e+04
9.788800000000000000e+04
5.416700000000000000e+04
8.002800000000000000e+04
1.096490000000000000e+05
5.679900000000000000e+04
7.791200000000000000e+04
5.912500000000000000e+04
9.676000000000000000e+04
7.627000000000000000e+04
