8.353600000000000000e+04
6.766100000000000000e+04
8.167900000000000000e+04
6.277200000000000000e+04
1.107500000000000000e+05
1.062280000000000000e+05
1.024820000000000000e+05
8.654200000000000000e+04
1.230610000000000000e+05
7.987200000000000000e+04
9.413600000000000000e+04
7.886300000000000000e+04
4.596500000000000000e+04
8.653400000000000000e+04
7.800200000000000000e+04
7.457500000000000000e+04
8.352800000000000000e+04
1.221980000000000000e+05
7.400000000000000000e+04
8.921200000000000000e+04
1.027470000000000000e+05
9.398500000000000000e+04
1.099340000000000000e+05
6.504300000000000000e+04
1.338540000000000000e+05
1.047800000000000000e+05
9.084500000000000000e+04
8.305400000000000000e+04
1.319130000000000000e+05
8.825700000000000000e+04
7.469300000000000000e+04
1.295580000000000000e+05
7.048100000000000000e+04
5.533000000000000000e+04
6.861100000000000000e+04
8.867500000000000000e+04
1.198540000000000000e+05
7.888800000000000000e+04
6.940700000000000000e+04
1.020260000000000000e+05
6.539300000000000000e+04
8.643100000000000000e+04
6.396600000000000000e+04
6.397300000000000000e+04
8.512000000000000000e+04
6.667700000000000000e+04
9.932800000000000000e+04
7.030600000000000000e+04
8.187300000000000000e+04
4.896300000000000000e+04
