1.119180000000000000e+05
1.020990000000000000e+05
7.099800000000000000e+04
1.006210000000000000e+05
6.372100000000000000e+04
7.485200000000000000e+04
7.677400000000000000e+04
1.054090000000000000e+05
8.109600000000000000e+04
7.206200000000000000e+04
6.935300000000000000e+04
9.538800000000000000e+04
4.078500000000000000e+04
7.607400000000000000e+04
7.696500000000000000e+04
7.076300000000000000e+04
5.838000000000000000e+04
7.832900000000000000e+04
6.946500000000000000e+04
7.576000000000000000e+04
7.316200000000000000e+04
6.960600000000000000e+04
5.000500000000000000e+04
8.246600000000000000e+04
7.415800000000000000e+04
6.540300000000000000e+04
6.172800000000000000e+04
8.907900000000000000e+04
7.985800000000000000e+04
9.153600000000000000e+04
6.827400000000000000e+04
8.480000000000000000e+04
7.847900000000000000e+04
9.479300000000000000e+04
8.718100000000000000e+04
7.076600000000000000e+04
5.273300000000000000e+04
7.029300000000000000e+04
8.191200000000000000e+04
6.069800000000000000e+04
8.524100000000000000e+04
8.526200000000000000e+04
6.160500000000000000e+04
7.066000000000000000e+04
8.177900000000000000e+04
9.860000000000000000e+04
7.564300000000000000e+04
8.646200000000000000e+04
6.614000000000000000e+04
6.516400000000000000e+04
