9.344700000000000000e+04
8.504300000000000000e+04
8.406800000000000000e+04
7.732700000000000000e+04
4.777500000000000000e+04
4.554300000000000000e+04
6.849300000000000000e+04
6.756500000000000000e+04
7.249600000000000000e+04
6.027700000000000000e+04
6.362400000000000000e+04
9.420700000000000000e+04
3.254300000000000000e+04
4.967200000000000000e+04
7.461100000000000000e+04
4.921100000000000000e+04
6.257400000000000000e+04
6.878800000000000000e+04
9.202500000000000000e+04
6.496300000000000000e+04
6.770100000000000000e+04
6.725500000000000000e+04
3.031900000000000000e+04
5.210100000000000000e+04
7.674600000000000000e+04
5.834700000000000000e+04
5.489200000000000000e+04
6.943600000000000000e+04
6.896200000000000000e+04
7.282700000000000000e+04
8.239100000000000000e+04
7.842100000000000000e+04
9.005500000000000000e+04
1.016280000000000000e+05
7.145900000000000000e+04
4.825600000000000000e+04
5.577500000000000000e+04
5.613400000000000000e+04
6.492500000000000000e+04
7.391300000000000000e+04
4.764300000000000000e+04
5.121300000000000000e+04
4.040300000000000000e+04
5.686500000000000000e+04
5.334300000000000000e+04
8.931000000000000000e+04
5.028800000000000000e+04
5.624200000000000000e+04
5.331300000000000000e+04
4.001000000000000000e+04
