5.474500000000000000e+04
3.882700000000000000e+04
4.403100000000000000e+04
6.691900000000000000e+04
3.661200000000000000e+04
6.041200000000000000e+04
8.224100000000000000e+04
8.627600000000000000e+04
6.504600000000000000e+04
5.994700000000000000e+04
4.358500000000000000e+04
6.323800000000000000e+04
7.834800000000000000e+04
6.376000000000000000e+04
5.694900000000000000e+04
5.943400000000000000e+04
6.027100000000000000e+04
7.768800000000000000e+04
3.250700000000000000e+04
4.969300000000000000e+04
7.231800000000000000e+04
5.816800000000000000e+04
7.227500000000000000e+04
4.245700000000000000e+04
3.293500000000000000e+04
6.956800000000000000e+04
6.766900000000000000e+04
8.073100000000000000e+04
4.327900000000000000e+04
5.611100000000000000e+04
5.743200000000000000e+04
7.122800000000000000e+04
6.496500000000000000e+04
5.669000000000000000e+04
8.013900000000000000e+04
3.790700000000000000e+04
6.318500000000000000e+04
7.539400000000000000e+04
6.222800000000000000e+04
6.263700000000000000e+04
8.032300000000000000e+04
9.330500000000000000e+04
3.253300000000000000e+04
5.594200000000000000e+04
6.472200000000000000e+04
4.098400000000000000e+04
7.161400000000000000e+04
4.831100000000000000e+04
4.967500000000000000e+04
9.398200000000000000e+04
