2.988800000000000000e+04
2.763300000000000000e+04
2.177500000000000000e+04
5.113100000000000000e+04
2.948600000000000000e+04
4.512300000000000000e+04
3.832200000000000000e+04
1.729100000000000000e+04
4.164700000000000000e+04
3.113600000000000000e+04
5.733000000000000000e+04
2.928700000000000000e+04
6.647200000000000000e+04
4.714100000000000000e+04
1.624600000000000000e+04
2.498100000000000000e+04
5.213200000000000000e+04
5.472600000000000000e+04
2.193300000000000000e+04
3.169300000000000000e+04
7.358500000000000000e+04
4.170500000000000000e+04
4.408600000000000000e+04
3.721800000000000000e+04
3.313700000000000000e+04
3.383800000000000000e+04
2.296400000000000000e+04
2.469300000000000000e+04
3.800600000000000000e+04
2.531300000000000000e+04
4.153700000000000000e+04
4.360200000000000000e+04
2.998000000000000000e+04
4.885300000000000000e+04
1.834300000000000000e+04
5.614700000000000000e+04
5.775900000000000000e+04
4.477200000000000000e+04
1.698100000000000000e+04
3.278100000000000000e+04
2.449800000000000000e+04
2.432000000000000000e+04
2.370300000000000000e+04
2.564100000000000000e+04
5.341600000000000000e+04
2.849000000000000000e+04
4.231900000000000000e+04
4.507500000000000000e+04
3.018700000000000000e+04
2.993900000000000000e+04
