8.763600000000000000e+04
6.471100000000000000e+04
9.880500000000000000e+04
5.310800000000000000e+04
8.809900000000000000e+04
1.063440000000000000e+05
1.200180000000000000e+05
9.113000000000000000e+04
1.135110000000000000e+05
9.249500000000000000e+04
8.046200000000000000e+04
7.310300000000000000e+04
5.314200000000000000e+04
8.264500000000000000e+04
8.157000000000000000e+04
9.218800000000000000e+04
8.560900000000000000e+04
1.162480000000000000e+05
5.322300000000000000e+04
1.027670000000000000e+05
8.854400000000000000e+04
9.486700000000000000e+04
1.066680000000000000e+05
8.478700000000000000e+04
1.281090000000000000e+05
1.138410000000000000e+05
7.741600000000000000e+04
6.237600000000000000e+04
1.265790000000000000e+05
7.489300000000000000e+04
8.302500000000000000e+04
1.215640000000000000e+05
7.904000000000000000e+04
5.126600000000000000e+04
6.815200000000000000e+04
1.029500000000000000e+05
1.047360000000000000e+05
7.366400000000000000e+04
6.807500000000000000e+04
1.167530000000000000e+05
7.671500000000000000e+04
9.520300000000000000e+04
5.336400000000000000e+04
8.821800000000000000e+04
9.741100000000000000e+04
4.428100000000000000e+04
8.689600000000000000e+04
7.438500000000000000e+04
7.605100000000000000e+04
6.309000000000000000e+04
