1.844970000000000000e+05
1.844970000000000000e+05
1.844970000000000000e+05
1.844970000000000000e+05
1.844970000000000000e+05
1.844970000000000000e+05
1.844970000000000000e+05
1.844970000000000000e+05
1.844970000000000000e+05
1.844970000000000000e+05
1.844970000000000000e+05
1.844970000000000000e+05
1.844970000000000000e+05
1.844970000000000000e+05
1.844970000000000000e+05
1.844970000000000000e+05
1.844970000000000000e+05
1.844970000000000000e+05
1.844970000000000000e+05
1.844970000000000000e+05
1.844970000000000000e+05
1.844970000000000000e+05
1.844970000000000000e+05
1.844970000000000000e+05
1.844970000000000000e+05
1.844970000000000000e+05
1.844970000000000000e+05
1.844970000000000000e+05
1.844970000000000000e+05
1.844970000000000000e+05
1.844970000000000000e+05
1.844970000000000000e+05
1.844970000000000000e+05
1.844970000000000000e+05
1.844970000000000000e+05
1.844970000000000000e+05
1.844970000000000000e+05
1.844970000000000000e+05
1.844970000000000000e+05
1.844970000000000000e+05
1.844970000000000000e+05
1.844970000000000000e+05
1.844970000000000000e+05
1.844970000000000000e+05
1.844970000000000000e+05
1.844970000000000000e+05
1.844970000000000000e+05
1.844970000000000000e+05
1.844970000000000000e+05
1.844970000000000000e+05
