1.242420000000000000e+05
1.162210000000000000e+05
1.154090000000000000e+05
1.234020000000000000e+05
1.288040000000000000e+05
1.309730000000000000e+05
1.311710000000000000e+05
1.182440000000000000e+05
1.133030000000000000e+05
1.397930000000000000e+05
1.107780000000000000e+05
1.215780000000000000e+05
1.144870000000000000e+05
1.209540000000000000e+05
1.303370000000000000e+05
1.424710000000000000e+05
1.170570000000000000e+05
1.294790000000000000e+05
1.346350000000000000e+05
1.415980000000000000e+05
1.196090000000000000e+05
1.291780000000000000e+05
1.102760000000000000e+05
1.179780000000000000e+05
1.187640000000000000e+05
1.226300000000000000e+05
1.296930000000000000e+05
1.206750000000000000e+05
1.257950000000000000e+05
1.138780000000000000e+05
1.131630000000000000e+05
1.337310000000000000e+05
1.237560000000000000e+05
1.385530000000000000e+05
1.434650000000000000e+05
1.427740000000000000e+05
1.259600000000000000e+05
1.210790000000000000e+05
1.164390000000000000e+05
1.142990000000000000e+05
1.081910000000000000e+05
1.398070000000000000e+05
1.148580000000000000e+05
1.280850000000000000e+05
1.261880000000000000e+05
1.306820000000000000e+05
1.165570000000000000e+05
1.335050000000000000e+05
1.252820000000000000e+05
1.334200000000000000e+05
