3.213810000000000000e+05
3.213810000000000000e+05
3.213810000000000000e+05
3.213810000000000000e+05
3.213810000000000000e+05
3.213810000000000000e+05
3.213810000000000000e+05
3.213810000000000000e+05
3.213810000000000000e+05
3.213810000000000000e+05
3.213810000000000000e+05
3.213810000000000000e+05
3.213810000000000000e+05
3.213810000000000000e+05
3.213810000000000000e+05
3.213810000000000000e+05
3.213810000000000000e+05
3.213810000000000000e+05
3.213810000000000000e+05
3.213810000000000000e+05
3.213810000000000000e+05
3.213810000000000000e+05
3.213810000000000000e+05
3.213810000000000000e+05
3.213810000000000000e+05
3.213810000000000000e+05
3.213810000000000000e+05
3.213810000000000000e+05
3.213810000000000000e+05
3.213810000000000000e+05
3.213810000000000000e+05
3.213810000000000000e+05
3.213810000000000000e+05
3.213810000000000000e+05
3.213810000000000000e+05
3.213810000000000000e+05
3.213810000000000000e+05
3.213810000000000000e+05
3.213810000000000000e+05
3.213810000000000000e+05
3.213810000000000000e+05
3.213810000000000000e+05
3.213810000000000000e+05
3.213810000000000000e+05
3.213810000000000000e+05
3.213810000000000000e+05
3.213810000000000000e+05
3.213810000000000000e+05
3.213810000000000000e+05
3.213810000000000000e+05
