2.359420000000000000e+05
2.359420000000000000e+05
2.359420000000000000e+05
2.359420000000000000e+05
2.359420000000000000e+05
2.359420000000000000e+05
2.359420000000000000e+05
2.359420000000000000e+05
2.359420000000000000e+05
2.359420000000000000e+05
2.359420000000000000e+05
2.359420000000000000e+05
2.359420000000000000e+05
2.359420000000000000e+05
2.359420000000000000e+05
2.359420000000000000e+05
2.359420000000000000e+05
2.359420000000000000e+05
2.359420000000000000e+05
2.359420000000000000e+05
2.359420000000000000e+05
2.359420000000000000e+05
2.359420000000000000e+05
2.359420000000000000e+05
2.359420000000000000e+05
2.359420000000000000e+05
2.359420000000000000e+05
2.359420000000000000e+05
2.359420000000000000e+05
2.359420000000000000e+05
2.359420000000000000e+05
2.359420000000000000e+05
2.359420000000000000e+05
2.359420000000000000e+05
2.359420000000000000e+05
2.359420000000000000e+05
2.359420000000000000e+05
2.359420000000000000e+05
2.359420000000000000e+05
2.359420000000000000e+05
2.359420000000000000e+05
2.359420000000000000e+05
2.359420000000000000e+05
2.359420000000000000e+05
2.359420000000000000e+05
2.359420000000000000e+05
2.359420000000000000e+05
2.359420000000000000e+05
2.359420000000000000e+05
2.359420000000000000e+05
