1.582560000000000000e+05
1.582560000000000000e+05
1.582560000000000000e+05
1.582560000000000000e+05
1.582560000000000000e+05
1.582560000000000000e+05
1.582560000000000000e+05
1.582560000000000000e+05
1.582560000000000000e+05
1.582560000000000000e+05
1.582560000000000000e+05
1.582560000000000000e+05
1.582560000000000000e+05
1.582560000000000000e+05
1.582560000000000000e+05
1.582560000000000000e+05
1.582560000000000000e+05
1.582560000000000000e+05
1.582560000000000000e+05
1.582560000000000000e+05
1.582560000000000000e+05
1.582560000000000000e+05
1.582560000000000000e+05
1.582560000000000000e+05
1.582560000000000000e+05
1.582560000000000000e+05
1.582560000000000000e+05
1.582560000000000000e+05
1.582560000000000000e+05
1.582560000000000000e+05
1.582560000000000000e+05
1.582560000000000000e+05
1.582560000000000000e+05
1.582560000000000000e+05
1.582560000000000000e+05
1.582560000000000000e+05
1.582560000000000000e+05
1.582560000000000000e+05
1.582560000000000000e+05
1.582560000000000000e+05
1.582560000000000000e+05
1.582560000000000000e+05
1.582560000000000000e+05
1.582560000000000000e+05
1.582560000000000000e+05
1.582560000000000000e+05
1.582560000000000000e+05
1.582560000000000000e+05
1.582560000000000000e+05
1.582560000000000000e+05
