2.899300000000000000e+04
8.477400000000000000e+04
7.485300000000000000e+04
1.106710000000000000e+05
9.428800000000000000e+04
5.823600000000000000e+04
7.619600000000000000e+04
5.975400000000000000e+04
4.923200000000000000e+04
4.681600000000000000e+04
8.741400000000000000e+04
6.752500000000000000e+04
1.890010000000000000e+05
8.794100000000000000e+04
4.637000000000000000e+03
7.277400000000000000e+04
2.351800000000000000e+04
5.806300000000000000e+04
8.187000000000000000e+04
4.661800000000000000e+04
1.375160000000000000e+05
1.572540000000000000e+05
1.010100000000000000e+05
1.386580000000000000e+05
1.246780000000000000e+05
1.688490000000000000e+05
1.085120000000000000e+05
3.513000000000000000e+03
1.225150000000000000e+05
1.527540000000000000e+05
6.694400000000000000e+04
3.597000000000000000e+04
2.424600000000000000e+04
6.051900000000000000e+04
4.813700000000000000e+04
2.757550000000000000e+05
6.307600000000000000e+04
5.545600000000000000e+04
9.992200000000000000e+04
9.354000000000000000e+04
1.853730000000000000e+05
4.095100000000000000e+04
2.085030000000000000e+05
9.227100000000000000e+04
1.007400000000000000e+05
8.117800000000000000e+04
5.359900000000000000e+04
2.014200000000000000e+04
1.203260000000000000e+05
4.253800000000000000e+04
