3.099660000000000000e+05
3.171290000000000000e+05
3.483940000000000000e+05
2.895260000000000000e+05
3.430640000000000000e+05
3.264250000000000000e+05
3.318620000000000000e+05
3.198850000000000000e+05
2.996480000000000000e+05
2.603090000000000000e+05
3.668970000000000000e+05
3.267940000000000000e+05
2.734620000000000000e+05
3.648160000000000000e+05
2.910410000000000000e+05
3.071620000000000000e+05
3.525500000000000000e+05
3.348640000000000000e+05
2.857780000000000000e+05
2.056030000000000000e+05
3.244140000000000000e+05
3.114300000000000000e+05
1.662130000000000000e+05
3.475310000000000000e+05
3.343720000000000000e+05
3.116200000000000000e+05
3.580340000000000000e+05
2.537090000000000000e+05
2.406930000000000000e+05
3.820040000000000000e+05
2.362540000000000000e+05
2.775390000000000000e+05
3.000230000000000000e+05
2.784410000000000000e+05
2.598850000000000000e+05
3.680370000000000000e+05
4.196800000000000000e+05
3.427930000000000000e+05
4.167020000000000000e+05
1.896730000000000000e+05
2.834270000000000000e+05
4.133080000000000000e+05
3.065440000000000000e+05
1.245870000000000000e+05
3.082920000000000000e+05
2.624580000000000000e+05
3.373870000000000000e+05
3.679570000000000000e+05
3.796080000000000000e+05
3.843170000000000000e+05
