8.724800000000000000e+04
2.170010000000000000e+05
1.934260000000000000e+05
1.094700000000000000e+05
7.790900000000000000e+04
1.642200000000000000e+05
3.095980000000000000e+05
6.173300000000000000e+04
1.260390000000000000e+05
2.595800000000000000e+05
2.005440000000000000e+05
1.402110000000000000e+05
6.969400000000000000e+04
2.285680000000000000e+05
6.090300000000000000e+04
1.998740000000000000e+05
2.541420000000000000e+05
2.559630000000000000e+05
2.506900000000000000e+05
1.446170000000000000e+05
1.641570000000000000e+05
1.671930000000000000e+05
1.751640000000000000e+05
2.418510000000000000e+05
2.600280000000000000e+05
1.912770000000000000e+05
2.772300000000000000e+05
1.863340000000000000e+05
3.429080000000000000e+05
1.904950000000000000e+05
1.312350000000000000e+05
1.237720000000000000e+05
1.248050000000000000e+05
1.961460000000000000e+05
1.398710000000000000e+05
2.380800000000000000e+05
1.392980000000000000e+05
1.711570000000000000e+05
2.364250000000000000e+05
2.664960000000000000e+05
2.204570000000000000e+05
2.076010000000000000e+05
1.755030000000000000e+05
1.891090000000000000e+05
1.614790000000000000e+05
2.577690000000000000e+05
3.004060000000000000e+05
2.448290000000000000e+05
2.127740000000000000e+05
1.601030000000000000e+05
