1.330090000000000000e+05
1.445120000000000000e+05
8.384400000000000000e+04
1.238680000000000000e+05
1.779350000000000000e+05
2.007990000000000000e+05
2.113220000000000000e+05
1.514900000000000000e+05
9.375200000000000000e+04
6.859900000000000000e+04
8.724200000000000000e+04
1.383010000000000000e+05
1.269500000000000000e+05
2.087580000000000000e+05
1.745410000000000000e+05
1.290230000000000000e+05
2.239430000000000000e+05
1.643840000000000000e+05
4.832200000000000000e+04
1.651540000000000000e+05
8.976800000000000000e+04
6.865200000000000000e+04
7.866400000000000000e+04
1.539290000000000000e+05
1.126350000000000000e+05
9.603100000000000000e+04
4.261800000000000000e+04
4.704900000000000000e+04
2.254700000000000000e+04
1.657800000000000000e+04
4.877500000000000000e+04
1.376330000000000000e+05
9.017900000000000000e+04
1.902610000000000000e+05
1.959400000000000000e+05
5.356000000000000000e+04
2.862890000000000000e+05
3.410600000000000000e+04
3.304900000000000000e+04
1.619360000000000000e+05
1.601750000000000000e+05
5.419900000000000000e+04
5.600000000000000000e+04
1.122910000000000000e+05
8.604400000000000000e+04
2.168400000000000000e+04
8.856900000000000000e+04
1.034010000000000000e+05
2.154320000000000000e+05
1.844570000000000000e+05
