5.645700000000000000e+04
5.349500000000000000e+04
3.387600000000000000e+04
8.520000000000000000e+03
3.931400000000000000e+04
4.478500000000000000e+04
8.390100000000000000e+04
4.429900000000000000e+04
3.520800000000000000e+04
3.104200000000000000e+04
5.544200000000000000e+04
1.447360000000000000e+05
2.284200000000000000e+04
1.031690000000000000e+05
8.627500000000000000e+04
1.510080000000000000e+05
9.557900000000000000e+04
1.053090000000000000e+05
8.764300000000000000e+04
1.120410000000000000e+05
1.584900000000000000e+04
3.293000000000000000e+04
1.878200000000000000e+04
1.054470000000000000e+05
1.022470000000000000e+05
3.820200000000000000e+04
2.847600000000000000e+04
5.354700000000000000e+04
2.677300000000000000e+04
1.830260000000000000e+05
7.559600000000000000e+04
7.201100000000000000e+04
6.255900000000000000e+04
1.488900000000000000e+04
8.121900000000000000e+04
9.811800000000000000e+04
1.591900000000000000e+04
1.173540000000000000e+05
2.750300000000000000e+04
3.811100000000000000e+04
9.636700000000000000e+04
1.588700000000000000e+05
3.629500000000000000e+04
9.999200000000000000e+04
5.274600000000000000e+04
2.720900000000000000e+04
9.342200000000000000e+04
4.433000000000000000e+04
1.250840000000000000e+05
1.107560000000000000e+05
