2.450560000000000000e+05
2.757830000000000000e+05
2.206310000000000000e+05
2.875700000000000000e+05
2.458020000000000000e+05
2.905370000000000000e+05
2.258430000000000000e+05
2.460140000000000000e+05
2.662030000000000000e+05
2.883640000000000000e+05
1.325020000000000000e+05
3.098800000000000000e+05
2.472800000000000000e+05
2.576440000000000000e+05
1.608070000000000000e+05
2.970490000000000000e+05
3.261190000000000000e+05
3.228820000000000000e+05
2.663250000000000000e+05
2.778760000000000000e+05
2.496660000000000000e+05
2.673670000000000000e+05
1.667630000000000000e+05
2.705220000000000000e+05
2.147550000000000000e+05
3.020330000000000000e+05
2.967820000000000000e+05
2.822170000000000000e+05
2.308530000000000000e+05
2.868800000000000000e+05
2.394940000000000000e+05
2.848570000000000000e+05
1.452400000000000000e+05
2.538410000000000000e+05
2.798720000000000000e+05
2.674450000000000000e+05
1.730200000000000000e+05
2.521670000000000000e+05
1.269800000000000000e+05
2.436070000000000000e+05
2.693530000000000000e+05
3.097810000000000000e+05
2.959750000000000000e+05
2.563480000000000000e+05
2.923850000000000000e+05
5.055200000000000000e+04
2.623950000000000000e+05
2.678080000000000000e+05
2.667350000000000000e+05
2.646830000000000000e+05
