1.018030000000000000e+05
1.244380000000000000e+05
1.464740000000000000e+05
9.624200000000000000e+04
1.204680000000000000e+05
9.996800000000000000e+04
1.160690000000000000e+05
1.280760000000000000e+05
1.137760000000000000e+05
1.493650000000000000e+05
1.044840000000000000e+05
1.396190000000000000e+05
1.247670000000000000e+05
9.897600000000000000e+04
9.646400000000000000e+04
8.464000000000000000e+04
1.037850000000000000e+05
1.222050000000000000e+05
9.583100000000000000e+04
1.141840000000000000e+05
1.080790000000000000e+05
1.256940000000000000e+05
1.067100000000000000e+05
1.261250000000000000e+05
1.073870000000000000e+05
7.734900000000000000e+04
1.512770000000000000e+05
1.280790000000000000e+05
1.058280000000000000e+05
8.710900000000000000e+04
1.083570000000000000e+05
9.214400000000000000e+04
1.326610000000000000e+05
1.525840000000000000e+05
6.337400000000000000e+04
1.322210000000000000e+05
8.066200000000000000e+04
1.595440000000000000e+05
1.245530000000000000e+05
1.244480000000000000e+05
1.155690000000000000e+05
1.335640000000000000e+05
1.259700000000000000e+05
9.090000000000000000e+04
1.114530000000000000e+05
9.535000000000000000e+04
7.164500000000000000e+04
1.052080000000000000e+05
1.177470000000000000e+05
8.506000000000000000e+04
