1.202170000000000000e+05
1.113020000000000000e+05
1.007950000000000000e+05
1.227020000000000000e+05
9.547300000000000000e+04
1.249770000000000000e+05
8.609200000000000000e+04
5.593800000000000000e+04
1.142630000000000000e+05
1.418140000000000000e+05
1.334820000000000000e+05
1.417210000000000000e+05
1.124190000000000000e+05
8.686400000000000000e+04
8.394600000000000000e+04
8.860200000000000000e+04
1.150610000000000000e+05
1.076920000000000000e+05
1.141700000000000000e+05
1.284330000000000000e+05
8.255600000000000000e+04
1.266620000000000000e+05
1.239190000000000000e+05
1.055710000000000000e+05
1.205130000000000000e+05
1.270090000000000000e+05
1.454140000000000000e+05
1.047590000000000000e+05
1.075280000000000000e+05
9.402700000000000000e+04
1.258800000000000000e+05
9.444600000000000000e+04
1.017880000000000000e+05
1.082420000000000000e+05
1.092680000000000000e+05
1.184730000000000000e+05
1.118020000000000000e+05
8.911100000000000000e+04
1.213030000000000000e+05
9.892700000000000000e+04
1.054480000000000000e+05
1.267270000000000000e+05
7.992000000000000000e+04
1.103930000000000000e+05
1.179730000000000000e+05
1.223800000000000000e+05
1.223860000000000000e+05
1.142410000000000000e+05
1.142080000000000000e+05
1.461110000000000000e+05
