5.645000000000000000e+03
5.838000000000000000e+03
1.780000000000000000e+03
2.493800000000000000e+04
8.063000000000000000e+03
6.729000000000000000e+03
5.275000000000000000e+03
3.929000000000000000e+03
1.110200000000000000e+04
2.357000000000000000e+03
5.189000000000000000e+03
9.770000000000000000e+03
5.123000000000000000e+03
2.579000000000000000e+03
6.260000000000000000e+03
3.376000000000000000e+03
7.824000000000000000e+03
7.744000000000000000e+03
6.051000000000000000e+03
3.122000000000000000e+03
1.909800000000000000e+04
4.767000000000000000e+03
1.164000000000000000e+03
1.272800000000000000e+04
1.621200000000000000e+04
6.947000000000000000e+03
5.062000000000000000e+03
6.409000000000000000e+03
1.335500000000000000e+04
4.724000000000000000e+03
4.830000000000000000e+03
1.304600000000000000e+04
1.110300000000000000e+04
3.234000000000000000e+03
2.621000000000000000e+03
3.009000000000000000e+03
6.504000000000000000e+03
1.779000000000000000e+03
2.627000000000000000e+03
1.741400000000000000e+04
9.766000000000000000e+03
4.987000000000000000e+03
5.795000000000000000e+03
5.024000000000000000e+03
9.160000000000000000e+02
4.891000000000000000e+03
6.762000000000000000e+03
1.504300000000000000e+04
1.102700000000000000e+04
9.265000000000000000e+03
