5.963000000000000000e+03
5.253000000000000000e+03
2.025000000000000000e+03
8.684000000000000000e+03
1.080600000000000000e+04
3.007000000000000000e+03
2.899000000000000000e+03
2.616000000000000000e+03
7.638000000000000000e+03
7.909000000000000000e+03
6.110000000000000000e+03
9.200000000000000000e+02
5.303000000000000000e+03
6.970000000000000000e+03
7.097000000000000000e+03
2.710000000000000000e+02
2.622000000000000000e+03
3.078700000000000000e+04
5.346000000000000000e+03
2.377000000000000000e+03
1.646000000000000000e+04
2.165000000000000000e+03
6.337000000000000000e+03
8.553000000000000000e+03
1.015100000000000000e+04
2.031200000000000000e+04
1.209600000000000000e+04
1.511500000000000000e+04
1.677400000000000000e+04
9.850000000000000000e+03
4.756000000000000000e+03
1.895600000000000000e+04
3.907000000000000000e+03
4.976000000000000000e+03
3.685000000000000000e+03
1.768000000000000000e+03
2.900000000000000000e+03
8.887000000000000000e+03
5.725000000000000000e+03
2.760000000000000000e+02
5.340000000000000000e+03
4.037000000000000000e+03
4.991000000000000000e+03
3.265000000000000000e+03
2.125000000000000000e+03
3.579000000000000000e+03
2.246900000000000000e+04
1.040000000000000000e+04
2.028000000000000000e+04
1.179400000000000000e+04
