1.385010000000000000e+05
1.480940000000000000e+05
1.537030000000000000e+05
1.595130000000000000e+05
1.497120000000000000e+05
1.093910000000000000e+05
1.043120000000000000e+05
1.145410000000000000e+05
1.242250000000000000e+05
1.238040000000000000e+05
1.181830000000000000e+05
1.394650000000000000e+05
1.213240000000000000e+05
1.420160000000000000e+05
1.884960000000000000e+05
1.286190000000000000e+05
1.498220000000000000e+05
1.053350000000000000e+05
1.512380000000000000e+05
1.135760000000000000e+05
1.517200000000000000e+05
1.014110000000000000e+05
1.271350000000000000e+05
1.221540000000000000e+05
1.518420000000000000e+05
1.518800000000000000e+05
1.655180000000000000e+05
1.347650000000000000e+05
1.334840000000000000e+05
1.476270000000000000e+05
1.538570000000000000e+05
1.406100000000000000e+05
1.367710000000000000e+05
1.316770000000000000e+05
1.409880000000000000e+05
1.406310000000000000e+05
1.602900000000000000e+05
1.535640000000000000e+05
1.438160000000000000e+05
1.188850000000000000e+05
1.100740000000000000e+05
1.214700000000000000e+05
1.570470000000000000e+05
1.642390000000000000e+05
1.393630000000000000e+05
1.712970000000000000e+05
1.742170000000000000e+05
1.516910000000000000e+05
1.169220000000000000e+05
1.374770000000000000e+05
