4.942000000000000000e+04
1.378900000000000000e+04
5.930900000000000000e+04
1.748700000000000000e+04
4.961900000000000000e+04
4.068700000000000000e+04
1.423800000000000000e+04
7.430500000000000000e+04
2.248000000000000000e+04
4.981700000000000000e+04
4.291200000000000000e+04
4.329000000000000000e+04
2.494000000000000000e+04
2.546700000000000000e+04
3.376900000000000000e+04
2.305700000000000000e+04
4.963500000000000000e+04
3.011200000000000000e+04
1.538800000000000000e+04
3.662800000000000000e+04
2.610300000000000000e+04
4.230000000000000000e+04
3.005700000000000000e+04
2.558900000000000000e+04
2.711900000000000000e+04
1.754000000000000000e+03
3.666500000000000000e+04
5.089300000000000000e+04
5.251400000000000000e+04
5.015100000000000000e+04
5.488000000000000000e+04
4.440600000000000000e+04
3.646700000000000000e+04
4.709700000000000000e+04
5.302700000000000000e+04
5.161300000000000000e+04
3.939900000000000000e+04
3.758600000000000000e+04
2.278100000000000000e+04
3.109900000000000000e+04
4.708900000000000000e+04
4.787700000000000000e+04
1.883400000000000000e+04
4.317200000000000000e+04
4.519600000000000000e+04
2.789200000000000000e+04
2.854000000000000000e+04
4.700200000000000000e+04
9.432000000000000000e+03
2.738600000000000000e+04
