1.466220000000000000e+05
1.544690000000000000e+05
1.415200000000000000e+05
1.107630000000000000e+05
1.515090000000000000e+05
1.121790000000000000e+05
1.353130000000000000e+05
1.013150000000000000e+05
1.127070000000000000e+05
1.151060000000000000e+05
1.073000000000000000e+05
9.008800000000000000e+04
1.284110000000000000e+05
1.259070000000000000e+05
1.206530000000000000e+05
1.196060000000000000e+05
1.129270000000000000e+05
1.291600000000000000e+05
1.350220000000000000e+05
1.136010000000000000e+05
1.401250000000000000e+05
8.184200000000000000e+04
1.047550000000000000e+05
1.213760000000000000e+05
1.658320000000000000e+05
1.042190000000000000e+05
1.373870000000000000e+05
1.353670000000000000e+05
1.066180000000000000e+05
8.300500000000000000e+04
9.875000000000000000e+04
1.105800000000000000e+05
6.413300000000000000e+04
9.404500000000000000e+04
1.441500000000000000e+05
1.412390000000000000e+05
1.099380000000000000e+05
1.020550000000000000e+05
9.862100000000000000e+04
1.691990000000000000e+05
1.214770000000000000e+05
1.365140000000000000e+05
1.498910000000000000e+05
1.409320000000000000e+05
1.386100000000000000e+05
1.201770000000000000e+05
1.358920000000000000e+05
1.548640000000000000e+05
1.288220000000000000e+05
1.364640000000000000e+05
