1.242340000000000000e+05
1.208350000000000000e+05
1.194830000000000000e+05
1.077690000000000000e+05
1.183640000000000000e+05
1.301450000000000000e+05
1.397620000000000000e+05
1.469710000000000000e+05
1.048450000000000000e+05
1.066550000000000000e+05
1.050500000000000000e+05
1.319660000000000000e+05
8.047300000000000000e+04
1.297390000000000000e+05
1.177840000000000000e+05
1.074480000000000000e+05
1.485950000000000000e+05
1.167700000000000000e+05
1.162940000000000000e+05
1.223390000000000000e+05
1.262200000000000000e+05
1.390850000000000000e+05
1.349360000000000000e+05
1.200780000000000000e+05
9.100100000000000000e+04
1.383660000000000000e+05
1.223220000000000000e+05
1.557880000000000000e+05
1.158690000000000000e+05
1.131670000000000000e+05
1.454550000000000000e+05
1.149400000000000000e+05
8.542400000000000000e+04
1.363560000000000000e+05
1.165590000000000000e+05
1.307610000000000000e+05
1.092670000000000000e+05
1.399950000000000000e+05
1.344160000000000000e+05
1.465900000000000000e+05
9.483900000000000000e+04
1.314840000000000000e+05
1.093750000000000000e+05
1.315240000000000000e+05
1.685800000000000000e+05
1.501950000000000000e+05
1.259890000000000000e+05
1.315660000000000000e+05
1.283110000000000000e+05
1.310120000000000000e+05
