1.234440000000000000e+05
1.517760000000000000e+05
1.531080000000000000e+05
1.059060000000000000e+05
1.183090000000000000e+05
1.198880000000000000e+05
1.247310000000000000e+05
1.102600000000000000e+05
1.151370000000000000e+05
8.415100000000000000e+04
1.558560000000000000e+05
1.195610000000000000e+05
1.132340000000000000e+05
1.370820000000000000e+05
1.271450000000000000e+05
1.692790000000000000e+05
1.212390000000000000e+05
1.324680000000000000e+05
1.606620000000000000e+05
1.081980000000000000e+05
1.206300000000000000e+05
1.415930000000000000e+05
7.401300000000000000e+04
1.531860000000000000e+05
1.366200000000000000e+05
1.236920000000000000e+05
1.263050000000000000e+05
1.003040000000000000e+05
1.117770000000000000e+05
1.252380000000000000e+05
9.943400000000000000e+04
1.469800000000000000e+05
1.162800000000000000e+05
9.955900000000000000e+04
1.021980000000000000e+05
1.609810000000000000e+05
1.569200000000000000e+05
1.524650000000000000e+05
1.564010000000000000e+05
8.455800000000000000e+04
1.151130000000000000e+05
1.655410000000000000e+05
1.095350000000000000e+05
6.356100000000000000e+04
1.431930000000000000e+05
1.000090000000000000e+05
1.272160000000000000e+05
1.924710000000000000e+05
1.512570000000000000e+05
1.649710000000000000e+05
