1.756200000000000000e+04
1.517900000000000000e+04
8.424000000000000000e+03
9.270000000000000000e+03
1.262100000000000000e+04
1.111000000000000000e+04
1.650000000000000000e+04
5.509000000000000000e+03
1.186600000000000000e+04
1.024700000000000000e+04
1.286500000000000000e+04
3.780600000000000000e+04
5.845000000000000000e+03
2.748000000000000000e+04
2.572900000000000000e+04
2.206200000000000000e+04
2.470900000000000000e+04
2.073300000000000000e+04
2.598000000000000000e+04
3.756500000000000000e+04
1.082100000000000000e+04
1.046700000000000000e+04
5.214000000000000000e+03
1.417000000000000000e+04
2.645800000000000000e+04
1.625100000000000000e+04
8.243000000000000000e+03
1.135500000000000000e+04
1.060900000000000000e+04
2.756200000000000000e+04
1.033300000000000000e+04
1.635200000000000000e+04
1.321600000000000000e+04
1.109600000000000000e+04
1.615900000000000000e+04
2.388400000000000000e+04
1.442000000000000000e+04
2.503900000000000000e+04
1.283500000000000000e+04
8.042000000000000000e+03
3.617400000000000000e+04
2.962000000000000000e+04
1.066300000000000000e+04
1.945400000000000000e+04
2.163900000000000000e+04
5.215000000000000000e+03
3.310900000000000000e+04
7.862000000000000000e+03
1.459000000000000000e+04
2.748000000000000000e+04
