4.013100000000000000e+04
1.599200000000000000e+04
3.386900000000000000e+04
2.643200000000000000e+04
3.187200000000000000e+04
4.690400000000000000e+04
2.675200000000000000e+04
4.770400000000000000e+04
2.373300000000000000e+04
5.902200000000000000e+04
4.606700000000000000e+04
6.122400000000000000e+04
3.201500000000000000e+04
2.257100000000000000e+04
1.157600000000000000e+04
1.450100000000000000e+04
1.746100000000000000e+04
6.220700000000000000e+04
2.261400000000000000e+04
1.666500000000000000e+04
6.221600000000000000e+04
4.458900000000000000e+04
2.700500000000000000e+04
7.365000000000000000e+03
1.410800000000000000e+04
4.125900000000000000e+04
2.844800000000000000e+04
2.329700000000000000e+04
4.228600000000000000e+04
1.408800000000000000e+04
4.983600000000000000e+04
2.663900000000000000e+04
4.999100000000000000e+04
2.037500000000000000e+04
1.357100000000000000e+04
4.465300000000000000e+04
5.454000000000000000e+04
3.009700000000000000e+04
3.159300000000000000e+04
2.700300000000000000e+04
4.699900000000000000e+04
5.144800000000000000e+04
2.820100000000000000e+04
1.598700000000000000e+04
2.065100000000000000e+04
3.127000000000000000e+04
3.871600000000000000e+04
6.512000000000000000e+04
4.936100000000000000e+04
1.628400000000000000e+04
