2.429500000000000000e+04
7.600800000000000000e+04
6.723200000000000000e+04
5.164400000000000000e+04
2.724900000000000000e+04
6.856100000000000000e+04
8.192200000000000000e+04
2.670300000000000000e+04
4.736600000000000000e+04
8.634300000000000000e+04
5.541900000000000000e+04
4.172000000000000000e+04
2.479000000000000000e+04
6.603800000000000000e+04
2.262700000000000000e+04
7.057200000000000000e+04
7.896200000000000000e+04
8.287300000000000000e+04
8.839800000000000000e+04
6.366000000000000000e+04
6.657500000000000000e+04
6.765600000000000000e+04
7.198000000000000000e+04
6.371200000000000000e+04
5.943900000000000000e+04
8.917500000000000000e+04
7.323400000000000000e+04
6.583300000000000000e+04
1.156900000000000000e+05
7.315800000000000000e+04
5.075700000000000000e+04
5.627000000000000000e+04
3.609100000000000000e+04
4.721000000000000000e+04
4.263900000000000000e+04
5.858300000000000000e+04
4.823000000000000000e+04
5.346300000000000000e+04
9.661900000000000000e+04
5.614000000000000000e+04
9.052300000000000000e+04
6.813300000000000000e+04
6.229800000000000000e+04
5.817200000000000000e+04
6.615000000000000000e+04
8.086900000000000000e+04
8.740000000000000000e+04
8.434600000000000000e+04
7.826600000000000000e+04
5.640800000000000000e+04
