3.018110000000000000e+05
1.822260000000000000e+05
1.831680000000000000e+05
1.894520000000000000e+05
3.205280000000000000e+05
2.341760000000000000e+05
2.587790000000000000e+05
2.345560000000000000e+05
1.243560000000000000e+05
1.066980000000000000e+05
2.115880000000000000e+05
9.783200000000000000e+04
2.963780000000000000e+05
1.428470000000000000e+05
1.891100000000000000e+05
3.588640000000000000e+05
2.771820000000000000e+05
7.727000000000000000e+03
3.114880000000000000e+05
3.406260000000000000e+05
1.420620000000000000e+05
3.165900000000000000e+05
1.830160000000000000e+05
1.761740000000000000e+05
2.696910000000000000e+05
2.177700000000000000e+05
3.698520000000000000e+05
1.699410000000000000e+05
1.826220000000000000e+05
1.432190000000000000e+05
2.894480000000000000e+05
1.126840000000000000e+05
1.970290000000000000e+05
3.281490000000000000e+05
7.739800000000000000e+04
1.689860000000000000e+05
3.513270000000000000e+05
9.811600000000000000e+04
7.588900000000000000e+04
2.469850000000000000e+05
2.953540000000000000e+05
2.073050000000000000e+05
1.177990000000000000e+05
2.371180000000000000e+05
2.360280000000000000e+05
2.065520000000000000e+05
2.974730000000000000e+05
2.818420000000000000e+05
2.667440000000000000e+05
2.384740000000000000e+05
