2.794760000000000000e+05
1.183440000000000000e+05
2.924140000000000000e+05
2.658000000000000000e+05
1.595750000000000000e+05
2.687000000000000000e+05
2.733870000000000000e+05
2.459970000000000000e+05
1.948730000000000000e+05
1.609860000000000000e+05
2.289680000000000000e+05
1.677200000000000000e+05
4.983100000000000000e+04
9.908200000000000000e+04
1.912410000000000000e+05
2.489750000000000000e+05
1.212630000000000000e+05
3.245430000000000000e+05
2.132630000000000000e+05
1.497180000000000000e+05
1.725160000000000000e+05
1.542590000000000000e+05
1.367350000000000000e+05
1.486890000000000000e+05
1.726670000000000000e+05
2.599220000000000000e+05
1.765500000000000000e+05
1.231610000000000000e+05
1.377140000000000000e+05
2.382310000000000000e+05
1.966450000000000000e+05
2.977310000000000000e+05
2.655280000000000000e+05
1.252650000000000000e+05
1.884930000000000000e+05
2.015300000000000000e+05
9.936200000000000000e+04
2.013660000000000000e+05
1.714470000000000000e+05
1.633410000000000000e+05
1.874110000000000000e+05
1.075720000000000000e+05
1.316710000000000000e+05
1.129960000000000000e+05
2.390310000000000000e+05
1.580780000000000000e+05
1.108870000000000000e+05
1.810550000000000000e+05
1.323270000000000000e+05
2.149260000000000000e+05
