4.326220000000000000e+05
4.583990000000000000e+05
3.972690000000000000e+05
4.799430000000000000e+05
4.913630000000000000e+05
4.154010000000000000e+05
4.237820000000000000e+05
4.451740000000000000e+05
4.278070000000000000e+05
5.035710000000000000e+05
4.326670000000000000e+05
4.489340000000000000e+05
4.593740000000000000e+05
4.309880000000000000e+05
4.354280000000000000e+05
4.486710000000000000e+05
4.747620000000000000e+05
4.567610000000000000e+05
3.931430000000000000e+05
4.722750000000000000e+05
4.436660000000000000e+05
4.900760000000000000e+05
4.245710000000000000e+05
4.732000000000000000e+05
4.410560000000000000e+05
4.154720000000000000e+05
4.616260000000000000e+05
4.350780000000000000e+05
4.615900000000000000e+05
4.238440000000000000e+05
4.342780000000000000e+05
4.037050000000000000e+05
3.754100000000000000e+05
4.317310000000000000e+05
3.948620000000000000e+05
5.147350000000000000e+05
4.776230000000000000e+05
3.561940000000000000e+05
4.463040000000000000e+05
4.451580000000000000e+05
5.110740000000000000e+05
4.453750000000000000e+05
5.026490000000000000e+05
4.368430000000000000e+05
4.589310000000000000e+05
3.961410000000000000e+05
4.455890000000000000e+05
4.331460000000000000e+05
5.169190000000000000e+05
4.975700000000000000e+05
