4.323790000000000000e+05
4.297110000000000000e+05
2.456710000000000000e+05
2.121010000000000000e+05
2.336510000000000000e+05
1.612340000000000000e+05
2.130370000000000000e+05
1.750810000000000000e+05
3.836400000000000000e+05
2.781360000000000000e+05
3.538760000000000000e+05
4.520740000000000000e+05
2.149350000000000000e+05
3.018480000000000000e+05
3.192500000000000000e+05
1.657470000000000000e+05
9.449300000000000000e+04
3.339000000000000000e+05
2.077410000000000000e+05
3.844840000000000000e+05
1.942840000000000000e+05
1.217930000000000000e+05
4.136770000000000000e+05
3.108610000000000000e+05
2.941880000000000000e+05
1.162420000000000000e+05
2.448460000000000000e+05
2.560230000000000000e+05
3.419930000000000000e+05
1.675920000000000000e+05
3.055070000000000000e+05
3.605310000000000000e+05
3.434240000000000000e+05
3.088310000000000000e+05
3.205090000000000000e+05
2.981260000000000000e+05
3.630600000000000000e+05
2.615270000000000000e+05
3.785980000000000000e+05
3.201170000000000000e+05
3.258950000000000000e+05
3.565210000000000000e+05
3.692240000000000000e+05
3.179990000000000000e+05
3.456720000000000000e+05
2.893200000000000000e+05
2.940520000000000000e+05
2.611520000000000000e+05
4.173440000000000000e+05
4.434740000000000000e+05
