2.055800000000000000e+04
1.694400000000000000e+04
7.075900000000000000e+04
3.876300000000000000e+04
3.088900000000000000e+04
0.000000000000000000e+00
4.176300000000000000e+04
4.162400000000000000e+04
1.197800000000000000e+04
6.437000000000000000e+04
0.000000000000000000e+00
6.881200000000000000e+04
1.106800000000000000e+04
3.937100000000000000e+04
9.046000000000000000e+04
3.905800000000000000e+04
3.442200000000000000e+04
3.442200000000000000e+04
3.508100000000000000e+04
8.419500000000000000e+04
1.706400000000000000e+04
4.373300000000000000e+04
1.398400000000000000e+04
0.000000000000000000e+00
2.417100000000000000e+04
1.135020000000000000e+05
6.908900000000000000e+04
1.064720000000000000e+05
4.036400000000000000e+04
1.319000000000000000e+04
6.683000000000000000e+03
4.419000000000000000e+04
5.047600000000000000e+04
2.741500000000000000e+04
7.663300000000000000e+04
2.860000000000000000e+02
9.762200000000000000e+04
4.318000000000000000e+03
5.949200000000000000e+04
7.839700000000000000e+04
2.782800000000000000e+04
3.384100000000000000e+04
4.372000000000000000e+03
1.085200000000000000e+04
3.752700000000000000e+04
7.750000000000000000e+02
2.883100000000000000e+04
8.584000000000000000e+03
8.251700000000000000e+04
1.964300000000000000e+04
