4.172610000000000000e+05
3.876350000000000000e+05
4.041520000000000000e+05
4.161230000000000000e+05
4.031460000000000000e+05
4.341410000000000000e+05
4.378020000000000000e+05
4.710430000000000000e+05
4.488420000000000000e+05
4.691840000000000000e+05
4.461550000000000000e+05
4.180180000000000000e+05
4.650250000000000000e+05
3.783720000000000000e+05
4.295990000000000000e+05
5.101210000000000000e+05
4.881130000000000000e+05
4.092260000000000000e+05
3.855870000000000000e+05
3.663750000000000000e+05
4.434180000000000000e+05
3.510930000000000000e+05
4.426620000000000000e+05
4.358430000000000000e+05
4.268920000000000000e+05
4.494970000000000000e+05
4.293400000000000000e+05
4.753740000000000000e+05
4.085730000000000000e+05
3.832170000000000000e+05
4.313800000000000000e+05
4.911670000000000000e+05
4.529290000000000000e+05
4.661770000000000000e+05
4.482210000000000000e+05
4.691110000000000000e+05
4.610040000000000000e+05
5.072210000000000000e+05
4.641360000000000000e+05
4.355900000000000000e+05
4.753010000000000000e+05
4.534230000000000000e+05
4.174710000000000000e+05
3.976550000000000000e+05
4.443920000000000000e+05
3.549440000000000000e+05
3.947020000000000000e+05
4.584950000000000000e+05
4.301910000000000000e+05
4.639670000000000000e+05
