6.307800000000000000e+04
3.497200000000000000e+04
5.194500000000000000e+04
5.553000000000000000e+04
7.303800000000000000e+04
5.553300000000000000e+04
5.876900000000000000e+04
6.413100000000000000e+04
9.055400000000000000e+04
6.518600000000000000e+04
6.956100000000000000e+04
6.763300000000000000e+04
8.381600000000000000e+04
5.408400000000000000e+04
7.084800000000000000e+04
8.050200000000000000e+04
9.727800000000000000e+04
7.339600000000000000e+04
5.450200000000000000e+04
3.592400000000000000e+04
8.983800000000000000e+04
9.944700000000000000e+04
7.505500000000000000e+04
7.413500000000000000e+04
9.152100000000000000e+04
1.090090000000000000e+05
1.092060000000000000e+05
8.764200000000000000e+04
5.673600000000000000e+04
9.307300000000000000e+04
4.676100000000000000e+04
6.982600000000000000e+04
2.391200000000000000e+04
8.476800000000000000e+04
8.050700000000000000e+04
9.435600000000000000e+04
9.103400000000000000e+04
8.138800000000000000e+04
7.684000000000000000e+04
7.533000000000000000e+04
8.993000000000000000e+04
1.013610000000000000e+05
5.921500000000000000e+04
7.176200000000000000e+04
8.620000000000000000e+04
7.906800000000000000e+04
8.967500000000000000e+04
6.616800000000000000e+04
5.664600000000000000e+04
7.404400000000000000e+04
