6.781000000000000000e+04
7.501900000000000000e+04
9.907700000000000000e+04
1.013970000000000000e+05
8.075200000000000000e+04
8.400600000000000000e+04
8.284200000000000000e+04
7.766000000000000000e+04
6.283000000000000000e+04
8.157200000000000000e+04
8.910400000000000000e+04
7.796100000000000000e+04
7.537600000000000000e+04
8.988300000000000000e+04
7.850600000000000000e+04
7.141500000000000000e+04
8.093100000000000000e+04
8.138200000000000000e+04
8.535700000000000000e+04
1.007880000000000000e+05
6.966600000000000000e+04
7.830700000000000000e+04
8.130400000000000000e+04
8.391300000000000000e+04
7.904300000000000000e+04
7.956100000000000000e+04
8.057600000000000000e+04
7.563900000000000000e+04
7.315400000000000000e+04
7.242200000000000000e+04
8.177100000000000000e+04
7.438500000000000000e+04
9.301900000000000000e+04
7.991700000000000000e+04
9.567900000000000000e+04
1.037440000000000000e+05
9.061400000000000000e+04
7.034500000000000000e+04
6.120300000000000000e+04
7.629800000000000000e+04
8.227000000000000000e+04
9.883800000000000000e+04
6.856400000000000000e+04
7.343100000000000000e+04
9.455300000000000000e+04
9.102100000000000000e+04
8.358400000000000000e+04
8.078500000000000000e+04
7.156900000000000000e+04
7.055800000000000000e+04
