1.404290000000000000e+05
1.553250000000000000e+05
1.541900000000000000e+05
1.522410000000000000e+05
1.601950000000000000e+05
1.424110000000000000e+05
1.343770000000000000e+05
1.336940000000000000e+05
1.451040000000000000e+05
1.200830000000000000e+05
1.522520000000000000e+05
1.304290000000000000e+05
1.405940000000000000e+05
1.382280000000000000e+05
1.455210000000000000e+05
1.390450000000000000e+05
1.461990000000000000e+05
1.329680000000000000e+05
1.290530000000000000e+05
1.372110000000000000e+05
1.309340000000000000e+05
1.356570000000000000e+05
1.358980000000000000e+05
1.492150000000000000e+05
1.264050000000000000e+05
1.338890000000000000e+05
1.640590000000000000e+05
1.475830000000000000e+05
1.341960000000000000e+05
1.609230000000000000e+05
1.439890000000000000e+05
1.421050000000000000e+05
1.375700000000000000e+05
1.419650000000000000e+05
1.365060000000000000e+05
1.490850000000000000e+05
1.375800000000000000e+05
1.237680000000000000e+05
1.195170000000000000e+05
1.410930000000000000e+05
1.304410000000000000e+05
1.386240000000000000e+05
1.282470000000000000e+05
1.229830000000000000e+05
1.199600000000000000e+05
1.339280000000000000e+05
1.372920000000000000e+05
1.372530000000000000e+05
1.576620000000000000e+05
1.478650000000000000e+05
