1.699590000000000000e+05
1.699590000000000000e+05
1.699590000000000000e+05
1.699590000000000000e+05
1.699590000000000000e+05
1.699590000000000000e+05
1.699590000000000000e+05
1.699590000000000000e+05
1.699590000000000000e+05
1.699590000000000000e+05
1.699590000000000000e+05
1.699590000000000000e+05
1.699590000000000000e+05
1.699590000000000000e+05
1.699590000000000000e+05
1.699590000000000000e+05
1.699590000000000000e+05
1.699590000000000000e+05
1.699590000000000000e+05
1.699590000000000000e+05
1.699590000000000000e+05
1.699590000000000000e+05
1.699590000000000000e+05
1.699590000000000000e+05
1.699590000000000000e+05
1.699590000000000000e+05
1.699590000000000000e+05
1.699590000000000000e+05
1.699590000000000000e+05
1.699590000000000000e+05
1.699590000000000000e+05
1.699590000000000000e+05
1.699590000000000000e+05
1.699590000000000000e+05
1.699590000000000000e+05
1.699590000000000000e+05
1.699590000000000000e+05
1.699590000000000000e+05
1.699590000000000000e+05
1.699590000000000000e+05
1.699590000000000000e+05
1.699590000000000000e+05
1.699590000000000000e+05
1.699590000000000000e+05
1.699590000000000000e+05
1.699590000000000000e+05
1.699590000000000000e+05
1.699590000000000000e+05
1.699590000000000000e+05
1.699590000000000000e+05
