4.708800000000000000e+04
7.269000000000000000e+04
6.872200000000000000e+04
6.654800000000000000e+04
1.044930000000000000e+05
7.460900000000000000e+04
8.513900000000000000e+04
5.210200000000000000e+04
6.383600000000000000e+04
8.259500000000000000e+04
6.778500000000000000e+04
8.970500000000000000e+04
4.464800000000000000e+04
6.582400000000000000e+04
5.843100000000000000e+04
8.163400000000000000e+04
7.703400000000000000e+04
5.724900000000000000e+04
5.500800000000000000e+04
1.068690000000000000e+05
1.017030000000000000e+05
5.234700000000000000e+04
6.360700000000000000e+04
6.298400000000000000e+04
7.126000000000000000e+04
5.033500000000000000e+04
5.878000000000000000e+04
1.067910000000000000e+05
6.942800000000000000e+04
7.323000000000000000e+04
8.649100000000000000e+04
5.776900000000000000e+04
6.913000000000000000e+04
4.777400000000000000e+04
7.012500000000000000e+04
7.103700000000000000e+04
6.296000000000000000e+04
5.996900000000000000e+04
4.309800000000000000e+04
6.118600000000000000e+04
4.644300000000000000e+04
8.669500000000000000e+04
7.488600000000000000e+04
7.195600000000000000e+04
4.125100000000000000e+04
6.813000000000000000e+04
6.596000000000000000e+04
6.234600000000000000e+04
6.275700000000000000e+04
8.240300000000000000e+04
