9.052000000000000000e+04
7.411900000000000000e+04
4.948200000000000000e+04
8.179800000000000000e+04
6.685700000000000000e+04
1.145380000000000000e+05
8.669200000000000000e+04
8.319900000000000000e+04
8.119600000000000000e+04
8.023200000000000000e+04
1.030400000000000000e+05
8.376300000000000000e+04
9.195900000000000000e+04
6.271000000000000000e+04
1.017130000000000000e+05
9.354400000000000000e+04
8.955900000000000000e+04
9.007400000000000000e+04
7.389300000000000000e+04
9.568000000000000000e+04
8.263700000000000000e+04
7.559100000000000000e+04
6.171400000000000000e+04
1.090410000000000000e+05
8.034000000000000000e+04
8.215200000000000000e+04
1.023770000000000000e+05
9.421800000000000000e+04
6.617500000000000000e+04
8.951800000000000000e+04
8.183100000000000000e+04
7.606400000000000000e+04
9.253800000000000000e+04
8.793400000000000000e+04
9.828400000000000000e+04
7.819600000000000000e+04
7.030100000000000000e+04
7.519400000000000000e+04
7.927600000000000000e+04
1.007510000000000000e+05
6.157300000000000000e+04
5.430500000000000000e+04
8.115600000000000000e+04
1.154780000000000000e+05
7.088800000000000000e+04
6.661700000000000000e+04
9.148000000000000000e+04
1.084190000000000000e+05
9.838500000000000000e+04
5.802600000000000000e+04
