6.641200000000000000e+04
6.374600000000000000e+04
4.169400000000000000e+04
6.548200000000000000e+04
7.662600000000000000e+04
1.101630000000000000e+05
1.064910000000000000e+05
8.882700000000000000e+04
8.373100000000000000e+04
6.988800000000000000e+04
9.523300000000000000e+04
9.184400000000000000e+04
1.003370000000000000e+05
6.438400000000000000e+04
9.148800000000000000e+04
8.233300000000000000e+04
1.170070000000000000e+05
7.148700000000000000e+04
7.718000000000000000e+04
1.095830000000000000e+05
7.935800000000000000e+04
7.605600000000000000e+04
6.355700000000000000e+04
1.124530000000000000e+05
9.250000000000000000e+04
8.393000000000000000e+04
1.054890000000000000e+05
6.182300000000000000e+04
6.770500000000000000e+04
8.770100000000000000e+04
9.215400000000000000e+04
8.447500000000000000e+04
7.763100000000000000e+04
8.665400000000000000e+04
1.185600000000000000e+05
8.138100000000000000e+04
8.186600000000000000e+04
6.742900000000000000e+04
7.414700000000000000e+04
1.063360000000000000e+05
8.165900000000000000e+04
5.442400000000000000e+04
8.782600000000000000e+04
9.532000000000000000e+04
7.590800000000000000e+04
5.267700000000000000e+04
9.140800000000000000e+04
1.065390000000000000e+05
8.621100000000000000e+04
8.703000000000000000e+04
