9.143300000000000000e+04
6.332200000000000000e+04
4.506800000000000000e+04
1.032190000000000000e+05
8.479300000000000000e+04
9.558900000000000000e+04
8.843100000000000000e+04
6.609500000000000000e+04
4.454300000000000000e+04
6.412100000000000000e+04
9.798000000000000000e+04
1.100440000000000000e+05
7.251900000000000000e+04
8.332100000000000000e+04
1.133370000000000000e+05
7.554500000000000000e+04
7.757700000000000000e+04
7.526700000000000000e+04
8.812500000000000000e+04
8.576500000000000000e+04
6.188400000000000000e+04
5.761900000000000000e+04
7.136300000000000000e+04
1.091630000000000000e+05
8.304900000000000000e+04
8.072900000000000000e+04
7.456600000000000000e+04
9.643000000000000000e+04
5.940400000000000000e+04
8.582100000000000000e+04
7.489200000000000000e+04
7.859600000000000000e+04
6.573500000000000000e+04
8.267000000000000000e+04
8.715800000000000000e+04
6.183000000000000000e+04
7.594800000000000000e+04
8.514900000000000000e+04
6.392900000000000000e+04
9.478600000000000000e+04
8.630100000000000000e+04
5.478800000000000000e+04
6.970400000000000000e+04
9.531600000000000000e+04
7.710600000000000000e+04
5.993000000000000000e+04
7.532100000000000000e+04
9.675300000000000000e+04
8.617300000000000000e+04
7.516800000000000000e+04
