1.103590000000000000e+05
9.025100000000000000e+04
9.584200000000000000e+04
8.529700000000000000e+04
8.847600000000000000e+04
1.008400000000000000e+05
8.985900000000000000e+04
1.091720000000000000e+05
8.145900000000000000e+04
8.682700000000000000e+04
9.670900000000000000e+04
8.203900000000000000e+04
8.195000000000000000e+04
1.060380000000000000e+05
1.065120000000000000e+05
7.384000000000000000e+04
1.078450000000000000e+05
8.697800000000000000e+04
7.594900000000000000e+04
1.016580000000000000e+05
6.294500000000000000e+04
9.620400000000000000e+04
1.155520000000000000e+05
7.188100000000000000e+04
9.708300000000000000e+04
7.844600000000000000e+04
1.200210000000000000e+05
7.707500000000000000e+04
6.772800000000000000e+04
1.120550000000000000e+05
8.316600000000000000e+04
9.497800000000000000e+04
1.148640000000000000e+05
7.138400000000000000e+04
9.020400000000000000e+04
8.489300000000000000e+04
8.429900000000000000e+04
7.955300000000000000e+04
9.078100000000000000e+04
1.085040000000000000e+05
1.086540000000000000e+05
8.600800000000000000e+04
1.119240000000000000e+05
9.763100000000000000e+04
8.342600000000000000e+04
1.129580000000000000e+05
1.190960000000000000e+05
9.141800000000000000e+04
6.776900000000000000e+04
1.019080000000000000e+05
