6.533700000000000000e+04
8.319300000000000000e+04
7.184300000000000000e+04
8.457100000000000000e+04
7.434800000000000000e+04
8.798200000000000000e+04
8.540900000000000000e+04
5.795400000000000000e+04
7.508100000000000000e+04
8.360200000000000000e+04
8.318300000000000000e+04
6.978600000000000000e+04
4.674900000000000000e+04
6.305700000000000000e+04
5.660900000000000000e+04
8.363100000000000000e+04
8.511700000000000000e+04
5.103500000000000000e+04
7.518400000000000000e+04
1.047830000000000000e+05
7.617000000000000000e+04
7.273500000000000000e+04
8.420300000000000000e+04
6.307400000000000000e+04
8.903600000000000000e+04
9.828300000000000000e+04
5.581500000000000000e+04
8.200700000000000000e+04
8.225200000000000000e+04
8.580400000000000000e+04
8.418900000000000000e+04
6.800400000000000000e+04
7.004700000000000000e+04
5.085400000000000000e+04
9.616000000000000000e+04
8.016900000000000000e+04
5.660100000000000000e+04
7.903300000000000000e+04
4.604800000000000000e+04
6.078400000000000000e+04
8.178000000000000000e+04
7.484100000000000000e+04
7.180500000000000000e+04
9.798200000000000000e+04
9.028100000000000000e+04
8.905700000000000000e+04
8.103400000000000000e+04
7.198800000000000000e+04
4.884000000000000000e+04
8.359500000000000000e+04
