1.138450000000000000e+05
2.930000000000000000e+04
4.009700000000000000e+04
1.811620000000000000e+05
7.679400000000000000e+04
5.552500000000000000e+04
1.141790000000000000e+05
1.226270000000000000e+05
2.416620000000000000e+05
1.577200000000000000e+05
9.120000000000000000e+04
5.289700000000000000e+04
1.348740000000000000e+05
1.157630000000000000e+05
6.668200000000000000e+04
1.204380000000000000e+05
1.398520000000000000e+05
1.650750000000000000e+05
5.664100000000000000e+04
3.468800000000000000e+04
8.308500000000000000e+04
2.391030000000000000e+05
9.965900000000000000e+04
7.943000000000000000e+04
6.381300000000000000e+04
5.790900000000000000e+04
6.267900000000000000e+04
9.672300000000000000e+04
9.142200000000000000e+04
8.205200000000000000e+04
7.276700000000000000e+04
5.872400000000000000e+04
1.481370000000000000e+05
2.844500000000000000e+04
8.018700000000000000e+04
1.122670000000000000e+05
1.095310000000000000e+05
6.776200000000000000e+04
2.483900000000000000e+04
1.012260000000000000e+05
6.449100000000000000e+04
8.881200000000000000e+04
7.320600000000000000e+04
3.021600000000000000e+04
2.058830000000000000e+05
1.556230000000000000e+05
1.846040000000000000e+05
1.142220000000000000e+05
5.538200000000000000e+04
8.382800000000000000e+04
