2.223140000000000000e+05
2.816790000000000000e+05
2.683520000000000000e+05
3.133060000000000000e+05
2.823010000000000000e+05
2.604840000000000000e+05
1.469560000000000000e+05
1.499760000000000000e+05
2.252170000000000000e+05
1.862470000000000000e+05
2.333550000000000000e+05
2.017680000000000000e+05
2.847740000000000000e+05
2.322730000000000000e+05
2.462770000000000000e+05
2.249140000000000000e+05
1.853470000000000000e+05
2.114010000000000000e+05
2.976100000000000000e+05
2.099910000000000000e+05
1.517090000000000000e+05
1.344380000000000000e+05
2.439060000000000000e+05
2.851850000000000000e+05
2.504230000000000000e+05
2.055600000000000000e+05
3.021850000000000000e+05
2.429010000000000000e+05
1.621320000000000000e+05
2.230940000000000000e+05
2.821230000000000000e+05
1.865320000000000000e+05
2.263080000000000000e+05
2.865460000000000000e+05
2.192440000000000000e+05
2.373740000000000000e+05
1.698630000000000000e+05
2.441910000000000000e+05
2.472590000000000000e+05
2.239280000000000000e+05
1.406690000000000000e+05
1.975230000000000000e+05
2.490410000000000000e+05
1.137320000000000000e+05
1.073150000000000000e+05
1.950600000000000000e+05
2.070110000000000000e+05
2.037150000000000000e+05
2.003810000000000000e+05
1.078150000000000000e+05
