5.465000000000000000e+04
1.760700000000000000e+04
5.121200000000000000e+04
9.348600000000000000e+04
4.730700000000000000e+04
8.581200000000000000e+04
4.886200000000000000e+04
4.520300000000000000e+04
6.394200000000000000e+04
1.578010000000000000e+05
5.720400000000000000e+04
1.698700000000000000e+04
1.380700000000000000e+05
0.000000000000000000e+00
3.568400000000000000e+04
6.449800000000000000e+04
6.285100000000000000e+04
8.217000000000000000e+04
1.031770000000000000e+05
6.983400000000000000e+04
5.431000000000000000e+04
5.955900000000000000e+04
8.950700000000000000e+04
6.920800000000000000e+04
2.527900000000000000e+04
9.104200000000000000e+04
1.141260000000000000e+05
1.170300000000000000e+05
8.466100000000000000e+04
7.729300000000000000e+04
7.632800000000000000e+04
2.836900000000000000e+04
3.842200000000000000e+04
7.677400000000000000e+04
7.048300000000000000e+04
7.297000000000000000e+04
6.323100000000000000e+04
5.902900000000000000e+04
3.219000000000000000e+04
7.740000000000000000e+02
3.478700000000000000e+04
6.835900000000000000e+04
6.937000000000000000e+03
5.314000000000000000e+04
8.376800000000000000e+04
4.908300000000000000e+04
8.541700000000000000e+04
3.421800000000000000e+04
1.226260000000000000e+05
1.689020000000000000e+05
