6.626300000000000000e+04
1.796900000000000000e+05
6.933700000000000000e+04
1.031040000000000000e+05
8.674700000000000000e+04
7.421000000000000000e+03
5.072700000000000000e+04
8.961400000000000000e+04
2.896900000000000000e+04
1.065070000000000000e+05
1.666600000000000000e+04
8.751800000000000000e+04
3.311000000000000000e+03
1.069690000000000000e+05
9.755000000000000000e+03
1.090600000000000000e+05
5.650800000000000000e+04
3.659600000000000000e+04
1.597880000000000000e+05
2.729800000000000000e+04
2.140340000000000000e+05
7.672400000000000000e+04
6.173300000000000000e+04
5.350100000000000000e+04
8.984100000000000000e+04
3.371100000000000000e+04
9.306500000000000000e+04
6.578200000000000000e+04
7.906400000000000000e+04
1.161200000000000000e+04
1.076330000000000000e+05
7.082700000000000000e+04
8.512200000000000000e+04
5.393800000000000000e+04
4.763900000000000000e+04
6.139000000000000000e+04
1.357800000000000000e+04
4.744200000000000000e+04
2.799100000000000000e+04
1.891900000000000000e+04
3.173800000000000000e+04
4.255300000000000000e+04
5.914100000000000000e+04
6.167800000000000000e+04
0.000000000000000000e+00
3.648900000000000000e+04
9.299100000000000000e+04
8.931200000000000000e+04
4.441500000000000000e+04
2.969000000000000000e+04
