6.844000000000000000e+03
6.591800000000000000e+04
9.405200000000000000e+04
1.821100000000000000e+04
7.336100000000000000e+04
4.293700000000000000e+04
7.467500000000000000e+04
7.549700000000000000e+04
3.496900000000000000e+04
9.999700000000000000e+04
9.335200000000000000e+04
5.949500000000000000e+04
9.448100000000000000e+04
2.201500000000000000e+04
3.121600000000000000e+04
8.101700000000000000e+04
1.593200000000000000e+04
0.000000000000000000e+00
3.192300000000000000e+04
2.555600000000000000e+04
1.407370000000000000e+05
1.292600000000000000e+04
5.312600000000000000e+04
7.057000000000000000e+03
3.126700000000000000e+04
4.514400000000000000e+04
5.770700000000000000e+04
5.548400000000000000e+04
1.275300000000000000e+04
1.362200000000000000e+04
4.019500000000000000e+04
2.080800000000000000e+04
7.627000000000000000e+04
4.137500000000000000e+04
9.019900000000000000e+04
6.467300000000000000e+04
1.057300000000000000e+04
3.040600000000000000e+04
2.889000000000000000e+04
3.858900000000000000e+04
4.639700000000000000e+04
9.190500000000000000e+04
4.301600000000000000e+04
7.580600000000000000e+04
6.973300000000000000e+04
7.144800000000000000e+04
5.446500000000000000e+04
2.244300000000000000e+04
6.482700000000000000e+04
6.884900000000000000e+04
