1.658430000000000000e+05
2.198540000000000000e+05
1.745830000000000000e+05
2.462640000000000000e+05
1.938740000000000000e+05
2.407880000000000000e+05
2.113830000000000000e+05
2.642010000000000000e+05
2.059150000000000000e+05
2.186450000000000000e+05
2.256690000000000000e+05
2.400530000000000000e+05
2.685930000000000000e+05
1.978230000000000000e+05
2.318390000000000000e+05
2.637210000000000000e+05
2.356660000000000000e+05
2.682460000000000000e+05
1.846580000000000000e+05
3.143970000000000000e+05
2.425930000000000000e+05
2.670650000000000000e+05
1.788190000000000000e+05
2.600080000000000000e+05
2.438270000000000000e+05
2.007300000000000000e+05
2.413230000000000000e+05
2.845440000000000000e+05
2.113060000000000000e+05
2.475840000000000000e+05
2.348000000000000000e+05
2.164480000000000000e+05
1.700580000000000000e+05
2.444830000000000000e+05
2.589830000000000000e+05
2.299290000000000000e+05
2.200200000000000000e+05
2.309730000000000000e+05
2.532660000000000000e+05
2.248540000000000000e+05
2.291010000000000000e+05
2.430300000000000000e+05
1.868170000000000000e+05
2.116910000000000000e+05
2.813470000000000000e+05
2.488590000000000000e+05
2.591890000000000000e+05
2.283140000000000000e+05
2.587960000000000000e+05
2.274930000000000000e+05
