1.963100000000000000e+04
1.263540000000000000e+05
4.784000000000000000e+04
1.220110000000000000e+05
1.408000000000000000e+03
0.000000000000000000e+00
4.313200000000000000e+04
1.483700000000000000e+04
5.213500000000000000e+04
5.158900000000000000e+04
0.000000000000000000e+00
8.544000000000000000e+03
2.949900000000000000e+04
6.681600000000000000e+04
3.027400000000000000e+04
6.971500000000000000e+04
6.573900000000000000e+04
3.792500000000000000e+04
4.262900000000000000e+04
4.910000000000000000e+03
4.477300000000000000e+04
1.873700000000000000e+04
0.000000000000000000e+00
7.405400000000000000e+04
1.040000000000000000e+03
3.229400000000000000e+04
7.115000000000000000e+04
3.527800000000000000e+04
8.737900000000000000e+04
3.276200000000000000e+04
2.606500000000000000e+04
0.000000000000000000e+00
0.000000000000000000e+00
2.648100000000000000e+04
5.509600000000000000e+04
7.584300000000000000e+04
0.000000000000000000e+00
2.918100000000000000e+04
2.110600000000000000e+04
5.424200000000000000e+04
6.663000000000000000e+04
2.339800000000000000e+04
3.543300000000000000e+04
7.620100000000000000e+04
1.934700000000000000e+04
0.000000000000000000e+00
7.735100000000000000e+04
0.000000000000000000e+00
1.037520000000000000e+05
6.232500000000000000e+04
