2.203180000000000000e+05
2.322630000000000000e+05
1.298360000000000000e+05
2.593810000000000000e+05
2.302510000000000000e+05
2.031650000000000000e+05
2.169440000000000000e+05
2.676390000000000000e+05
2.675360000000000000e+05
2.054390000000000000e+05
2.386060000000000000e+05
2.476330000000000000e+05
1.590340000000000000e+05
2.275530000000000000e+05
1.621190000000000000e+05
2.139380000000000000e+05
2.174150000000000000e+05
2.148140000000000000e+05
2.374600000000000000e+05
2.048330000000000000e+05
2.611510000000000000e+05
2.493210000000000000e+05
2.613400000000000000e+05
2.519480000000000000e+05
2.748100000000000000e+05
2.482800000000000000e+05
3.051910000000000000e+05
2.377530000000000000e+05
2.278080000000000000e+05
2.892250000000000000e+05
2.544190000000000000e+05
2.322580000000000000e+05
2.071390000000000000e+05
2.140090000000000000e+05
2.293040000000000000e+05
1.431060000000000000e+05
2.469800000000000000e+05
2.433100000000000000e+05
1.662700000000000000e+05
2.302260000000000000e+05
2.258630000000000000e+05
1.744850000000000000e+05
2.460500000000000000e+05
2.106490000000000000e+05
2.230940000000000000e+05
2.305360000000000000e+05
2.223630000000000000e+05
2.493470000000000000e+05
2.259370000000000000e+05
1.430740000000000000e+05
