2.383200000000000000e+04
2.268300000000000000e+04
3.184400000000000000e+04
2.919800000000000000e+04
2.205700000000000000e+04
4.583700000000000000e+04
4.917500000000000000e+04
3.242900000000000000e+04
2.033200000000000000e+04
2.729000000000000000e+04
3.645800000000000000e+04
3.863900000000000000e+04
4.981500000000000000e+04
4.534200000000000000e+04
2.659900000000000000e+04
4.851200000000000000e+04
2.831400000000000000e+04
3.771700000000000000e+04
4.483200000000000000e+04
3.662100000000000000e+04
2.939900000000000000e+04
1.957500000000000000e+04
3.359500000000000000e+04
4.029400000000000000e+04
4.660100000000000000e+04
5.543200000000000000e+04
3.284700000000000000e+04
4.092700000000000000e+04
3.475100000000000000e+04
3.873300000000000000e+04
3.398300000000000000e+04
3.651600000000000000e+04
1.994600000000000000e+04
4.299100000000000000e+04
3.698700000000000000e+04
1.824600000000000000e+04
2.832200000000000000e+04
4.018900000000000000e+04
5.644100000000000000e+04
2.670400000000000000e+04
2.785000000000000000e+04
4.541900000000000000e+04
3.288200000000000000e+04
3.647900000000000000e+04
4.807700000000000000e+04
3.878200000000000000e+04
1.605400000000000000e+04
3.787400000000000000e+04
3.012600000000000000e+04
3.453900000000000000e+04
