4.136300000000000000e+04
5.294000000000000000e+04
2.074700000000000000e+04
1.918500000000000000e+04
2.918000000000000000e+04
2.975400000000000000e+04
1.622900000000000000e+04
2.406100000000000000e+04
3.012700000000000000e+04
2.285800000000000000e+04
2.810400000000000000e+04
2.837000000000000000e+04
1.161500000000000000e+04
3.854300000000000000e+04
1.730600000000000000e+04
2.695700000000000000e+04
2.184300000000000000e+04
3.034800000000000000e+04
1.939200000000000000e+04
4.357300000000000000e+04
2.715500000000000000e+04
2.465900000000000000e+04
1.518400000000000000e+04
2.289000000000000000e+04
2.375200000000000000e+04
2.414800000000000000e+04
2.704000000000000000e+04
3.017100000000000000e+04
1.406800000000000000e+04
3.970700000000000000e+04
3.725800000000000000e+04
2.191500000000000000e+04
1.391400000000000000e+04
3.251100000000000000e+04
2.913800000000000000e+04
1.250700000000000000e+04
9.604000000000000000e+03
2.276000000000000000e+04
2.834900000000000000e+04
3.895400000000000000e+04
1.054900000000000000e+04
1.711700000000000000e+04
2.172400000000000000e+04
3.531100000000000000e+04
2.748800000000000000e+04
1.125300000000000000e+04
1.353100000000000000e+04
2.998700000000000000e+04
1.594400000000000000e+04
1.884800000000000000e+04
