1.032800000000000000e+04
3.891000000000000000e+03
4.786000000000000000e+03
1.049800000000000000e+04
5.206000000000000000e+03
1.483700000000000000e+04
5.552000000000000000e+03
2.714000000000000000e+03
9.524000000000000000e+03
1.064100000000000000e+04
1.177200000000000000e+04
2.981000000000000000e+03
2.149300000000000000e+04
1.421000000000000000e+03
3.384000000000000000e+03
1.326000000000000000e+04
8.691000000000000000e+03
9.412000000000000000e+03
1.021600000000000000e+04
1.437100000000000000e+04
4.390000000000000000e+03
1.114700000000000000e+04
6.124000000000000000e+03
1.504600000000000000e+04
2.974000000000000000e+03
1.050900000000000000e+04
1.101200000000000000e+04
1.403400000000000000e+04
9.271000000000000000e+03
1.201000000000000000e+04
6.777000000000000000e+03
2.844000000000000000e+03
9.205000000000000000e+03
4.877000000000000000e+03
6.502000000000000000e+03
1.014900000000000000e+04
9.245000000000000000e+03
1.253800000000000000e+04
1.481000000000000000e+03
5.220000000000000000e+02
7.522000000000000000e+03
3.820000000000000000e+03
6.973000000000000000e+03
6.494000000000000000e+03
1.182500000000000000e+04
3.614000000000000000e+03
1.302600000000000000e+04
1.146400000000000000e+04
1.289100000000000000e+04
2.583900000000000000e+04
