3.117200000000000000e+04
4.136700000000000000e+04
3.442400000000000000e+04
2.986600000000000000e+04
4.371000000000000000e+04
2.331900000000000000e+04
2.857200000000000000e+04
2.444700000000000000e+04
2.162900000000000000e+04
4.066400000000000000e+04
2.536100000000000000e+04
1.820400000000000000e+04
3.267700000000000000e+04
3.008300000000000000e+04
3.740000000000000000e+04
3.341700000000000000e+04
2.945200000000000000e+04
3.721400000000000000e+04
2.354800000000000000e+04
3.369800000000000000e+04
2.953700000000000000e+04
2.235600000000000000e+04
2.112400000000000000e+04
1.710600000000000000e+04
4.316300000000000000e+04
4.189200000000000000e+04
2.213900000000000000e+04
4.603000000000000000e+04
3.279600000000000000e+04
3.469000000000000000e+04
3.359100000000000000e+04
4.337100000000000000e+04
3.929700000000000000e+04
3.173200000000000000e+04
3.375900000000000000e+04
2.504500000000000000e+04
3.446500000000000000e+04
3.211800000000000000e+04
2.954000000000000000e+04
4.877100000000000000e+04
2.345900000000000000e+04
2.996700000000000000e+04
2.057700000000000000e+04
3.428000000000000000e+04
2.829400000000000000e+04
2.758400000000000000e+04
2.238700000000000000e+04
2.441500000000000000e+04
3.022600000000000000e+04
3.845100000000000000e+04
