2.149000000000000000e+04
2.884900000000000000e+04
1.514300000000000000e+04
3.505200000000000000e+04
2.281500000000000000e+04
3.798100000000000000e+04
1.076900000000000000e+04
1.588600000000000000e+04
1.870100000000000000e+04
1.456700000000000000e+04
2.047200000000000000e+04
1.997000000000000000e+04
2.093200000000000000e+04
2.313500000000000000e+04
1.857100000000000000e+04
2.534900000000000000e+04
2.360900000000000000e+04
1.482900000000000000e+04
2.840900000000000000e+04
4.468000000000000000e+03
2.577700000000000000e+04
1.929700000000000000e+04
3.925600000000000000e+04
2.071500000000000000e+04
1.334300000000000000e+04
1.580400000000000000e+04
1.275000000000000000e+04
2.151100000000000000e+04
1.975200000000000000e+04
2.966400000000000000e+04
2.135400000000000000e+04
9.358000000000000000e+03
1.735800000000000000e+04
2.728200000000000000e+04
1.710900000000000000e+04
1.426400000000000000e+04
2.563000000000000000e+04
2.373900000000000000e+04
2.508200000000000000e+04
1.547400000000000000e+04
2.089900000000000000e+04
2.112300000000000000e+04
4.675000000000000000e+03
1.401800000000000000e+04
1.301500000000000000e+04
4.190000000000000000e+04
2.549600000000000000e+04
1.023700000000000000e+04
3.390700000000000000e+04
1.959300000000000000e+04
