3.740000000000000000e+03
1.654700000000000000e+04
7.643000000000000000e+03
5.805000000000000000e+03
4.837000000000000000e+03
2.124000000000000000e+03
4.427000000000000000e+03
5.718000000000000000e+03
5.300000000000000000e+03
8.229000000000000000e+03
5.136000000000000000e+03
7.577000000000000000e+03
1.789000000000000000e+03
8.924000000000000000e+03
1.801000000000000000e+03
6.306000000000000000e+03
2.980000000000000000e+03
3.126000000000000000e+03
1.054700000000000000e+04
9.599000000000000000e+03
1.515200000000000000e+04
8.820000000000000000e+03
5.180000000000000000e+03
5.452000000000000000e+03
5.920000000000000000e+03
2.992000000000000000e+03
8.942000000000000000e+03
4.276000000000000000e+03
4.027000000000000000e+03
3.762000000000000000e+03
7.871000000000000000e+03
4.219000000000000000e+03
7.023000000000000000e+03
9.473000000000000000e+03
5.053000000000000000e+03
5.889000000000000000e+03
1.484000000000000000e+03
1.459000000000000000e+03
4.480000000000000000e+03
7.180000000000000000e+02
5.811000000000000000e+03
3.005000000000000000e+03
5.207000000000000000e+03
5.114000000000000000e+03
1.320000000000000000e+02
4.188000000000000000e+03
1.060400000000000000e+04
8.174000000000000000e+03
9.654000000000000000e+03
3.247000000000000000e+03
