3.380400000000000000e+04
9.692000000000000000e+03
1.279600000000000000e+04
2.811900000000000000e+04
1.659100000000000000e+04
3.493800000000000000e+04
2.602400000000000000e+04
2.949800000000000000e+04
4.189800000000000000e+04
3.030000000000000000e+04
1.653200000000000000e+04
2.516800000000000000e+04
3.908500000000000000e+04
3.764400000000000000e+04
2.041100000000000000e+04
4.774000000000000000e+04
2.937300000000000000e+04
4.675900000000000000e+04
3.282400000000000000e+04
3.141700000000000000e+04
1.088500000000000000e+04
3.954100000000000000e+04
2.510200000000000000e+04
1.903500000000000000e+04
1.533500000000000000e+04
3.241000000000000000e+04
1.724000000000000000e+04
3.531100000000000000e+04
4.183700000000000000e+04
1.631500000000000000e+04
1.344900000000000000e+04
2.149200000000000000e+04
3.118500000000000000e+04
3.734200000000000000e+04
1.728500000000000000e+04
2.615800000000000000e+04
4.144200000000000000e+04
2.277400000000000000e+04
3.541900000000000000e+04
3.680800000000000000e+04
4.846700000000000000e+04
3.085400000000000000e+04
1.546200000000000000e+04
1.572300000000000000e+04
1.481900000000000000e+04
3.638300000000000000e+04
5.338600000000000000e+04
2.051800000000000000e+04
2.868400000000000000e+04
2.544300000000000000e+04
