7.838300000000000000e+04
3.009200000000000000e+04
5.410600000000000000e+04
5.039100000000000000e+04
5.484300000000000000e+04
5.217000000000000000e+04
2.084200000000000000e+04
3.359000000000000000e+04
2.716200000000000000e+04
6.696200000000000000e+04
3.947800000000000000e+04
1.717100000000000000e+04
6.284900000000000000e+04
5.101000000000000000e+04
3.461500000000000000e+04
6.517900000000000000e+04
3.216800000000000000e+04
7.219500000000000000e+04
6.584200000000000000e+04
4.510800000000000000e+04
3.843500000000000000e+04
2.050800000000000000e+04
5.245700000000000000e+04
4.952600000000000000e+04
3.251900000000000000e+04
2.747000000000000000e+04
6.230500000000000000e+04
6.070500000000000000e+04
4.867100000000000000e+04
2.032900000000000000e+04
7.402700000000000000e+04
3.128400000000000000e+04
3.723000000000000000e+04
4.191900000000000000e+04
3.862800000000000000e+04
4.244500000000000000e+04
2.572300000000000000e+04
4.652700000000000000e+04
4.736900000000000000e+04
4.913700000000000000e+04
4.058000000000000000e+04
5.038500000000000000e+04
3.869600000000000000e+04
3.377700000000000000e+04
4.049500000000000000e+04
3.786600000000000000e+04
5.674800000000000000e+04
4.225300000000000000e+04
5.279600000000000000e+04
2.373300000000000000e+04
