2.779900000000000000e+04
3.735700000000000000e+04
2.109500000000000000e+04
3.059500000000000000e+04
3.810000000000000000e+04
3.009700000000000000e+04
5.566300000000000000e+04
4.576600000000000000e+04
3.114100000000000000e+04
3.802600000000000000e+04
2.711800000000000000e+04
3.246100000000000000e+04
4.556200000000000000e+04
2.652400000000000000e+04
4.360800000000000000e+04
5.047500000000000000e+04
5.502300000000000000e+04
3.369400000000000000e+04
3.500200000000000000e+04
2.501800000000000000e+04
4.321400000000000000e+04
3.161200000000000000e+04
3.955700000000000000e+04
3.471000000000000000e+04
4.376300000000000000e+04
3.930700000000000000e+04
2.589800000000000000e+04
2.683300000000000000e+04
3.222800000000000000e+04
3.936100000000000000e+04
3.257100000000000000e+04
4.810700000000000000e+04
3.362700000000000000e+04
2.454000000000000000e+04
3.277900000000000000e+04
3.079600000000000000e+04
2.855900000000000000e+04
3.397300000000000000e+04
4.332600000000000000e+04
4.398700000000000000e+04
3.911300000000000000e+04
4.571300000000000000e+04
4.554200000000000000e+04
4.080400000000000000e+04
5.527800000000000000e+04
4.522100000000000000e+04
3.908800000000000000e+04
4.046200000000000000e+04
2.743700000000000000e+04
2.762100000000000000e+04
