3.989100000000000000e+04
7.540100000000000000e+04
4.920400000000000000e+04
2.903900000000000000e+04
6.170900000000000000e+04
4.780900000000000000e+04
5.090300000000000000e+04
6.209900000000000000e+04
5.965200000000000000e+04
5.773000000000000000e+04
3.879800000000000000e+04
6.347400000000000000e+04
3.920600000000000000e+04
2.986500000000000000e+04
1.267500000000000000e+04
5.502600000000000000e+04
6.215800000000000000e+04
6.404100000000000000e+04
4.307000000000000000e+04
4.956500000000000000e+04
6.814900000000000000e+04
7.137700000000000000e+04
3.592100000000000000e+04
5.133400000000000000e+04
1.942300000000000000e+04
4.774300000000000000e+04
4.097400000000000000e+04
4.007100000000000000e+04
3.602500000000000000e+04
3.501900000000000000e+04
6.040200000000000000e+04
4.791600000000000000e+04
7.962900000000000000e+04
8.025500000000000000e+04
5.527700000000000000e+04
3.924700000000000000e+04
3.798600000000000000e+04
2.934100000000000000e+04
7.481200000000000000e+04
6.580100000000000000e+04
5.727300000000000000e+04
6.279700000000000000e+04
3.199400000000000000e+04
3.698500000000000000e+04
5.537300000000000000e+04
5.731000000000000000e+04
4.042200000000000000e+04
5.682500000000000000e+04
6.813700000000000000e+04
2.482000000000000000e+04
