2.030900000000000000e+04
2.892400000000000000e+04
3.810300000000000000e+04
2.481100000000000000e+04
2.184000000000000000e+04
4.899000000000000000e+04
5.773900000000000000e+04
1.028400000000000000e+04
4.900500000000000000e+04
2.600000000000000000e+04
2.367600000000000000e+04
3.196800000000000000e+04
4.733200000000000000e+04
1.548700000000000000e+04
3.566300000000000000e+04
3.370600000000000000e+04
3.113500000000000000e+04
3.487100000000000000e+04
3.989900000000000000e+04
2.942100000000000000e+04
4.475200000000000000e+04
2.747600000000000000e+04
1.097300000000000000e+04
3.818900000000000000e+04
4.050100000000000000e+04
2.818100000000000000e+04
2.196500000000000000e+04
3.269500000000000000e+04
2.493500000000000000e+04
3.231500000000000000e+04
5.703400000000000000e+04
3.695700000000000000e+04
3.841100000000000000e+04
2.738100000000000000e+04
2.310900000000000000e+04
1.104200000000000000e+04
4.421700000000000000e+04
5.894300000000000000e+04
2.467900000000000000e+04
1.711600000000000000e+04
5.137500000000000000e+04
3.825300000000000000e+04
1.954800000000000000e+04
1.792900000000000000e+04
5.811100000000000000e+04
1.754000000000000000e+03
2.102300000000000000e+04
3.280500000000000000e+04
1.366900000000000000e+04
3.037400000000000000e+04
