3.870700000000000000e+04
3.967300000000000000e+04
5.275500000000000000e+04
2.847000000000000000e+04
2.780400000000000000e+04
6.511500000000000000e+04
5.445900000000000000e+04
2.418400000000000000e+04
2.452100000000000000e+04
4.372700000000000000e+04
2.959400000000000000e+04
4.330600000000000000e+04
6.099400000000000000e+04
2.014300000000000000e+04
2.268900000000000000e+04
2.579300000000000000e+04
4.519500000000000000e+04
5.259900000000000000e+04
2.872700000000000000e+04
2.384700000000000000e+04
4.187900000000000000e+04
4.000500000000000000e+04
2.476200000000000000e+04
6.496700000000000000e+04
4.045500000000000000e+04
4.038600000000000000e+04
3.320800000000000000e+04
2.373100000000000000e+04
1.769600000000000000e+04
3.206900000000000000e+04
4.148300000000000000e+04
2.729100000000000000e+04
2.583000000000000000e+04
1.412200000000000000e+04
2.775500000000000000e+04
8.265000000000000000e+03
3.853200000000000000e+04
3.008200000000000000e+04
3.151400000000000000e+04
1.946500000000000000e+04
3.805000000000000000e+04
3.509200000000000000e+04
2.217300000000000000e+04
3.244200000000000000e+04
5.242500000000000000e+04
1.921500000000000000e+04
3.875300000000000000e+04
2.553800000000000000e+04
3.453600000000000000e+04
4.190700000000000000e+04
