7.040100000000000000e+04
1.293530000000000000e+05
9.996000000000000000e+04
1.288800000000000000e+05
9.529100000000000000e+04
8.136200000000000000e+04
9.016600000000000000e+04
9.646100000000000000e+04
8.839600000000000000e+04
5.195700000000000000e+04
6.533000000000000000e+04
8.428900000000000000e+04
9.646900000000000000e+04
1.010350000000000000e+05
6.874400000000000000e+04
8.511600000000000000e+04
6.315700000000000000e+04
6.612400000000000000e+04
1.254840000000000000e+05
1.020130000000000000e+05
6.928900000000000000e+04
7.333100000000000000e+04
9.694400000000000000e+04
7.121700000000000000e+04
7.101800000000000000e+04
8.845400000000000000e+04
7.481700000000000000e+04
9.049300000000000000e+04
1.306440000000000000e+05
8.978000000000000000e+04
7.789200000000000000e+04
9.942800000000000000e+04
8.665000000000000000e+04
9.551100000000000000e+04
8.536700000000000000e+04
1.072280000000000000e+05
1.010150000000000000e+05
5.509200000000000000e+04
8.555000000000000000e+04
8.454100000000000000e+04
6.726000000000000000e+04
8.031200000000000000e+04
9.254600000000000000e+04
6.647700000000000000e+04
5.196100000000000000e+04
7.191100000000000000e+04
9.705200000000000000e+04
8.468400000000000000e+04
7.607400000000000000e+04
8.558300000000000000e+04
