3.600900000000000000e+04
7.674100000000000000e+04
8.945500000000000000e+04
8.747900000000000000e+04
7.465100000000000000e+04
8.188300000000000000e+04
8.455600000000000000e+04
8.018900000000000000e+04
8.523800000000000000e+04
7.035900000000000000e+04
8.615000000000000000e+04
1.362740000000000000e+05
6.821500000000000000e+04
7.525100000000000000e+04
8.845100000000000000e+04
8.271400000000000000e+04
8.541600000000000000e+04
3.322200000000000000e+04
1.138760000000000000e+05
5.753800000000000000e+04
7.486700000000000000e+04
8.166300000000000000e+04
8.757900000000000000e+04
8.285500000000000000e+04
6.765000000000000000e+04
7.221000000000000000e+04
6.328000000000000000e+04
8.998200000000000000e+04
5.774700000000000000e+04
8.035200000000000000e+04
9.411100000000000000e+04
7.081500000000000000e+04
6.816000000000000000e+04
7.826200000000000000e+04
7.690200000000000000e+04
9.762200000000000000e+04
7.833200000000000000e+04
9.707800000000000000e+04
8.636100000000000000e+04
6.550300000000000000e+04
9.910500000000000000e+04
3.969900000000000000e+04
7.517400000000000000e+04
1.001050000000000000e+05
6.465100000000000000e+04
6.021200000000000000e+04
8.031200000000000000e+04
8.414500000000000000e+04
5.357700000000000000e+04
6.751900000000000000e+04
