7.416200000000000000e+04
6.329300000000000000e+04
5.545400000000000000e+04
6.600400000000000000e+04
7.890700000000000000e+04
7.004300000000000000e+04
4.243700000000000000e+04
6.460800000000000000e+04
7.384300000000000000e+04
8.994900000000000000e+04
3.619700000000000000e+04
4.800200000000000000e+04
4.848500000000000000e+04
6.921300000000000000e+04
2.800300000000000000e+04
5.627000000000000000e+04
6.797200000000000000e+04
8.166300000000000000e+04
6.897800000000000000e+04
9.119200000000000000e+04
6.250000000000000000e+04
7.923200000000000000e+04
6.809400000000000000e+04
6.151400000000000000e+04
4.898400000000000000e+04
9.052800000000000000e+04
7.180700000000000000e+04
6.144900000000000000e+04
8.613300000000000000e+04
9.024800000000000000e+04
4.796800000000000000e+04
8.406200000000000000e+04
4.050100000000000000e+04
5.387200000000000000e+04
2.854200000000000000e+04
5.552200000000000000e+04
7.089800000000000000e+04
5.107300000000000000e+04
6.056100000000000000e+04
5.757600000000000000e+04
4.283800000000000000e+04
8.477700000000000000e+04
5.002700000000000000e+04
4.801000000000000000e+04
5.972400000000000000e+04
5.730400000000000000e+04
8.767600000000000000e+04
6.044600000000000000e+04
7.575500000000000000e+04
5.168200000000000000e+04
