7.200800000000000000e+04
8.609400000000000000e+04
8.319400000000000000e+04
8.569200000000000000e+04
9.680700000000000000e+04
8.126100000000000000e+04
8.006200000000000000e+04
8.789800000000000000e+04
7.547200000000000000e+04
8.780400000000000000e+04
9.355100000000000000e+04
9.380200000000000000e+04
9.678500000000000000e+04
8.540800000000000000e+04
7.256300000000000000e+04
4.880500000000000000e+04
9.483100000000000000e+04
9.212600000000000000e+04
9.765700000000000000e+04
6.103100000000000000e+04
7.753700000000000000e+04
1.224510000000000000e+05
7.164400000000000000e+04
9.085200000000000000e+04
1.065570000000000000e+05
5.362300000000000000e+04
1.104420000000000000e+05
1.046620000000000000e+05
9.350200000000000000e+04
1.145420000000000000e+05
1.019130000000000000e+05
7.460300000000000000e+04
1.181390000000000000e+05
1.007750000000000000e+05
8.752100000000000000e+04
8.300500000000000000e+04
1.132910000000000000e+05
1.026520000000000000e+05
1.129770000000000000e+05
6.775600000000000000e+04
8.888400000000000000e+04
8.078000000000000000e+04
8.185500000000000000e+04
9.693800000000000000e+04
1.321340000000000000e+05
9.690700000000000000e+04
7.940000000000000000e+04
8.980600000000000000e+04
1.257040000000000000e+05
9.760900000000000000e+04
