3.126300000000000000e+04
2.135100000000000000e+04
2.351700000000000000e+04
8.552000000000000000e+03
1.906600000000000000e+04
2.620300000000000000e+04
3.904000000000000000e+03
2.381400000000000000e+04
3.326100000000000000e+04
9.823000000000000000e+03
2.730500000000000000e+04
1.907800000000000000e+04
4.265200000000000000e+04
5.011000000000000000e+03
9.355000000000000000e+03
9.722000000000000000e+03
2.127000000000000000e+04
3.990500000000000000e+04
3.350700000000000000e+04
1.200600000000000000e+04
5.213700000000000000e+04
0.000000000000000000e+00
0.000000000000000000e+00
3.288200000000000000e+04
1.566100000000000000e+04
2.408400000000000000e+04
5.562000000000000000e+03
9.432000000000000000e+03
2.676700000000000000e+04
1.838500000000000000e+04
3.556000000000000000e+03
2.427400000000000000e+04
1.317200000000000000e+04
3.153100000000000000e+04
8.327000000000000000e+03
9.518000000000000000e+03
2.300500000000000000e+04
1.191500000000000000e+04
2.496100000000000000e+04
1.723000000000000000e+04
1.174900000000000000e+04
8.329000000000000000e+03
1.586900000000000000e+04
1.000000000000000000e+04
2.570000000000000000e+02
2.262200000000000000e+04
1.899900000000000000e+04
3.009500000000000000e+04
3.485800000000000000e+04
1.413800000000000000e+04
