2.633000000000000000e+04
3.301900000000000000e+04
5.160800000000000000e+04
1.688500000000000000e+04
1.872900000000000000e+04
4.886100000000000000e+04
3.051900000000000000e+04
4.449000000000000000e+03
3.157400000000000000e+04
4.063800000000000000e+04
4.581200000000000000e+04
3.231400000000000000e+04
3.302100000000000000e+04
2.364700000000000000e+04
3.037400000000000000e+04
2.910900000000000000e+04
5.393900000000000000e+04
2.452700000000000000e+04
1.465900000000000000e+04
1.695800000000000000e+04
2.331300000000000000e+04
2.579300000000000000e+04
3.969000000000000000e+03
3.511300000000000000e+04
1.494300000000000000e+04
9.532000000000000000e+03
3.110200000000000000e+04
1.859300000000000000e+04
1.057900000000000000e+04
2.920900000000000000e+04
2.230300000000000000e+04
3.148400000000000000e+04
2.858100000000000000e+04
1.621900000000000000e+04
1.881200000000000000e+04
1.355900000000000000e+04
5.540700000000000000e+04
5.138000000000000000e+04
3.120600000000000000e+04
1.753300000000000000e+04
4.776500000000000000e+04
5.420400000000000000e+04
1.680700000000000000e+04
3.598700000000000000e+04
3.743100000000000000e+04
1.579600000000000000e+04
2.789700000000000000e+04
2.329600000000000000e+04
2.124400000000000000e+04
5.234600000000000000e+04
