1.975600000000000000e+04
2.859700000000000000e+04
2.589500000000000000e+04
2.473100000000000000e+04
3.870500000000000000e+04
2.801500000000000000e+04
1.350300000000000000e+04
1.880900000000000000e+04
4.232300000000000000e+04
1.211900000000000000e+04
3.463700000000000000e+04
1.939100000000000000e+04
4.714400000000000000e+04
4.688000000000000000e+03
1.254100000000000000e+04
0.000000000000000000e+00
2.488900000000000000e+04
4.377400000000000000e+04
3.390900000000000000e+04
4.789000000000000000e+03
5.567300000000000000e+04
3.585000000000000000e+03
8.850000000000000000e+03
5.366200000000000000e+04
2.515400000000000000e+04
1.065400000000000000e+04
1.630300000000000000e+04
1.504900000000000000e+04
2.604100000000000000e+04
2.775600000000000000e+04
3.240000000000000000e+03
2.695800000000000000e+04
3.808500000000000000e+04
2.490500000000000000e+04
1.117900000000000000e+04
5.130000000000000000e+02
2.171700000000000000e+04
2.667100000000000000e+04
1.807000000000000000e+04
3.039200000000000000e+04
2.302400000000000000e+04
1.168200000000000000e+04
1.099300000000000000e+04
1.282300000000000000e+04
1.138800000000000000e+04
2.203800000000000000e+04
1.065800000000000000e+04
1.817300000000000000e+04
2.652700000000000000e+04
1.964700000000000000e+04
