2.818300000000000000e+04
2.032600000000000000e+04
3.157800000000000000e+04
1.161700000000000000e+04
3.515100000000000000e+04
3.255200000000000000e+04
1.128000000000000000e+03
2.047400000000000000e+04
2.733100000000000000e+04
4.735000000000000000e+03
3.272800000000000000e+04
3.333800000000000000e+04
4.334200000000000000e+04
1.500600000000000000e+04
1.304900000000000000e+04
2.436000000000000000e+03
2.766400000000000000e+04
3.288200000000000000e+04
3.471800000000000000e+04
1.288900000000000000e+04
5.122300000000000000e+04
5.920000000000000000e+03
1.029000000000000000e+03
3.352000000000000000e+04
2.043100000000000000e+04
2.534600000000000000e+04
1.009400000000000000e+04
9.357000000000000000e+03
3.288900000000000000e+04
3.963100000000000000e+04
7.840000000000000000e+02
2.990900000000000000e+04
2.218500000000000000e+04
3.571700000000000000e+04
1.094000000000000000e+04
0.000000000000000000e+00
3.053500000000000000e+04
2.040500000000000000e+04
2.487800000000000000e+04
0.000000000000000000e+00
2.734300000000000000e+04
1.268000000000000000e+04
1.000000000000000000e+04
1.052800000000000000e+04
6.645000000000000000e+03
2.213100000000000000e+04
2.237800000000000000e+04
3.493500000000000000e+04
2.138100000000000000e+04
1.667700000000000000e+04
