4.783200000000000000e+04
4.893400000000000000e+04
5.435300000000000000e+04
4.665000000000000000e+04
6.061200000000000000e+04
4.372400000000000000e+04
5.931400000000000000e+04
6.869400000000000000e+04
7.093600000000000000e+04
7.585700000000000000e+04
3.682800000000000000e+04
7.470900000000000000e+04
4.050400000000000000e+04
5.949800000000000000e+04
5.249400000000000000e+04
7.190500000000000000e+04
6.620300000000000000e+04
5.232400000000000000e+04
7.442100000000000000e+04
5.090900000000000000e+04
7.576900000000000000e+04
7.149700000000000000e+04
4.315900000000000000e+04
6.026700000000000000e+04
2.981800000000000000e+04
4.378800000000000000e+04
4.560300000000000000e+04
6.110300000000000000e+04
5.527800000000000000e+04
3.257800000000000000e+04
6.168400000000000000e+04
4.815700000000000000e+04
6.876200000000000000e+04
7.592100000000000000e+04
8.199500000000000000e+04
3.941700000000000000e+04
5.718700000000000000e+04
4.165300000000000000e+04
8.101700000000000000e+04
4.207600000000000000e+04
6.493800000000000000e+04
6.173100000000000000e+04
3.435300000000000000e+04
2.514400000000000000e+04
7.228900000000000000e+04
3.142500000000000000e+04
5.590200000000000000e+04
3.629100000000000000e+04
7.754800000000000000e+04
4.759900000000000000e+04
