7.852500000000000000e+04
1.271870000000000000e+05
1.024000000000000000e+05
1.125410000000000000e+05
1.069160000000000000e+05
8.983600000000000000e+04
1.012940000000000000e+05
8.825800000000000000e+04
8.818200000000000000e+04
5.648600000000000000e+04
7.162900000000000000e+04
8.472300000000000000e+04
9.623400000000000000e+04
9.028500000000000000e+04
7.163200000000000000e+04
8.069000000000000000e+04
7.419000000000000000e+04
6.146000000000000000e+04
1.146320000000000000e+05
8.883200000000000000e+04
5.859000000000000000e+04
6.583900000000000000e+04
9.595400000000000000e+04
7.744700000000000000e+04
7.342800000000000000e+04
7.752800000000000000e+04
6.117500000000000000e+04
8.572400000000000000e+04
1.277090000000000000e+05
9.446100000000000000e+04
7.007000000000000000e+04
1.022620000000000000e+05
8.201100000000000000e+04
1.003700000000000000e+05
8.539800000000000000e+04
1.139150000000000000e+05
1.147620000000000000e+05
5.375100000000000000e+04
8.190600000000000000e+04
7.639100000000000000e+04
6.868800000000000000e+04
8.123200000000000000e+04
9.147400000000000000e+04
7.560700000000000000e+04
4.685800000000000000e+04
7.839000000000000000e+04
8.946400000000000000e+04
9.251600000000000000e+04
7.815400000000000000e+04
8.728900000000000000e+04
