5.339800000000000000e+04
7.875500000000000000e+04
7.551700000000000000e+04
5.305900000000000000e+04
6.679300000000000000e+04
9.211200000000000000e+04
1.141150000000000000e+05
7.234200000000000000e+04
4.831000000000000000e+04
6.351000000000000000e+04
7.251300000000000000e+04
1.072780000000000000e+05
9.525000000000000000e+04
7.504900000000000000e+04
6.845900000000000000e+04
4.324200000000000000e+04
5.739500000000000000e+04
7.038900000000000000e+04
8.956900000000000000e+04
8.194700000000000000e+04
6.579900000000000000e+04
7.241800000000000000e+04
9.981900000000000000e+04
1.198900000000000000e+05
6.210500000000000000e+04
8.486100000000000000e+04
6.771600000000000000e+04
6.292200000000000000e+04
8.173100000000000000e+04
9.919000000000000000e+04
7.272300000000000000e+04
8.762600000000000000e+04
6.957100000000000000e+04
7.464100000000000000e+04
7.990900000000000000e+04
7.036700000000000000e+04
6.654700000000000000e+04
6.893600000000000000e+04
8.268800000000000000e+04
8.409200000000000000e+04
7.687900000000000000e+04
9.527700000000000000e+04
1.022350000000000000e+05
9.595800000000000000e+04
1.043280000000000000e+05
8.067300000000000000e+04
6.177100000000000000e+04
7.456900000000000000e+04
9.583700000000000000e+04
6.228000000000000000e+04
