65.5841520502693
82.19260431802769
78.57201923568772
70.07571967499263
67.30817553991814
70.99259989609571
54.61046198376088
57.00506027542688
77.7539912339621
68.06442566892679
84.72376139761919
59.99602192173656
65.77850059067097
96.29106851017598
87.39724551835005
91.45851461938859
73.54543991226392
74.28070454907518
82.39733645025487
79.28799768279545
101.2843085378974
60.28724538042317
52.31992368290503
75.03072274529248
59.75714378687969
72.56957966940685
67.6201525069195
79.17007190415937
11.78254136423888
83.92847334246457
95.41419241743786
78.54729460191224
65.9213139157073
68.51069330699329
75.07716555269212
58.82964040443811
59.36695641171062
72.08092493864454
62.34387747076695
86.7986390061091
52.01081388520972
95.89983698084465
62.22397043895297
64.9160937432712
94.74158099271936
98.07056988215167
72.29208108628987
70.68085446396613
81.4131529186521
64.40156405472261
67.84048858312657
62.82570395514696
73.82962835395475
76.67554815508781
92.23576668448459
75.92297925501771
74.85105287103603
74.27862566384195
61.04733552309007
84.80044158876768
67.97681435948547
57.18912357101586
78.24876445855386
59.77952786239007
64.14864357495019
76.49707159284176
65.74884946806776
71.71286247237629
86.27816444129903
84.7232869375581
72.74222021317597
77.97642261166824
68.66779715513266
79.56066350589779
71.08644294188132
59.06977904698825
75.36427245935495
65.59250815746242
77.70582663712861
87.04157089904562
72.97079335628656
62.77382244140254
77.98667218321455
87.50731973141211
75.89213730305916
54.02090026298902
81.36687241034444
93.54658687129952
77.14347306107133
62.54161090080218
73.29867374362796
56.46095801207866
61.284414893776
69.89350170949322
78.33253520176528
75.25687468147741
87.90925055915974
71.20095707878319
61.47814713328793
71.11888961928038
