83.09384332578823
85.53751771301637
81.08943104122629
59.39768380701414
81.15772341673267
55.53120725592216
69.56912924506902
0
68.62281080119236
60.45786913370014
63.62133694253597
80.78661591575387
64.47783067575325
78.2094091347564
65.31609387274776
80.70690144228779
83.18625281031925
80.50116776950148
59.55132791228912
76.87270717583098
83.83908291076344
42.60385223192848
48.08584933027029
57.81969138218546
66.65775542790303
77.24744842319907
74.49373664518454
68.63448815338261
74.50363140365687
43.78663190608556
87.97528872106425
70.18873734650856
87.67708152353447
79.22039942938937
77.81244439665764
69.16689429845525
80.42047091896406
69.8168372777189
60.97974264351978
65.89167269199069
70.29579785330462
62.65618959225871
61.09428443645529
71.67021161593087
70.49114974647203
83.5864592406429
61.66405341520002
42.60385223192848
77.76161328081108
53.5208591808159
72.23258536267538
101.8428431088242
0
66.96564071759491
55.42624311741289
81.80900672189023
55.53120725592216
78.59399554904923
67.79782729788967
62.65618959225871
62.45151816672558
74.73017324135324
76.74379935322635
54.7656357217898
88.70815471314309
57.22127240946818
80.14091188114401
66.9791474840308
53.92228451181225
46.78133854520153
71.33618972817241
42.60385223192848
52.67601155624298
67.98239556567283
83.75134414499686
56.83647145892815
47.52821095110291
75.28132849471834
69.69605815596661
80.07845316780852
93.17804618294522
80.07300815504401
79.73357528522426
80.60379109418874
80.1927268347855
82.0163929600449
69.95604943600215
52.77370861938427
82.0163929600449
51.80060231310058
64.20458727527253
61.66533232499521
53.91420119143712
75.28132849471834
60.35527712771808
85.12368047091073
42.52283846486904
69.8168372777189
81.31869680336987
59.60385484751255
