79.23475051483177
65.13905441015172
79.29025921408341
70.30211970341009
66.31433902256738
98.77025140032754
74.56185262130855
55.84256611017884
72.30402393562898
74.83705839493558
77.10271223010302
82.36309251044256
86.28746902481066
71.96995297511597
84.26160923131006
57.90227698157501
92.10587749994556
73.85041396727277
73.26844352031404
66.24066533567148
82.46932265423693
64.46067970008315
72.05552873729657
56.13331748069519
78.89734708715089
97.8260134103719
78.62839756281764
94.22710730141475
67.61570343768558
69.97706475276156
79.49221721697413
74.18815675477605
75.23399393472663
50.69950986367526
76.82132635172232
45.31818148906615
80.6461493811081
83.41478338860182
67.64762582630455
105.8837757598396
77.24579872770801
66.25564467050259
55.39290081108832
61.36870724670589
36.8784008526288
59.24900728297026
65.07276820215554
73.66005790165802
80.23834602754485
68.93848735244498
76.45343864738571
45.30702902469076
75.35192014078604
86.59881090315091
71.72959574968148
66.88162994146627
82.18751125661979
67.79686416232404
79.31988399319182
69.63106901474517
79.15469263355834
62.79772111456331
82.62863709764743
68.11696009048363
88.57730798858756
75.71603053374868
91.85363431469901
67.91125243414137
78.86322149446843
35.17280782344819
63.16118885716618
84.25044530303927
77.24950525965862
60.79320548217537
43.82583896983603
64.43785230321308
69.53895959488185
78.0425968887044
70.39512063814068
80.19206389966574
75.14261734676131
63.23450931179655
71.52324335855081
55.2353729885723
74.7116096623804
69.8022407535439
57.39075997019182
88.92600978824616
92.27776420044411
74.54532343864908
77.27562699430221
105.8821745508185
91.41358055550742
61.17652685933107
78.64791273858329
67.107066536386
70.01938236223651
67.75871544271139
70.45162946012783
74.270053615392
