81.69145391218326
74.98306599787081
70.55089528717089
78.93790729192855
82.53562534687619
84.74358960976727
93.76165593532384
84.08116383955854
86.8197487859148
82.84355238157332
91.25353846268978
71.53744460137187
76.8507723940938
65.6613302136556
74.04832293180064
73.77107470281436
87.00433583696149
73.31377690591812
75.51524068755138
74.92035718014164
47.8240291421395
82.37801068594923
67.87502739820363
75.7394114632399
70.39958452183552
61.076073994664
62.43044208838586
82.10452565663135
62.92645900546807
67.22187101447935
85.31472251024448
75.92865667181287
95.49580512846292
73.10156598263733
62.57030228652506
63.06782579612055
85.6820050516472
0
88.20479008844787
61.36776236451044
76.83107764112366
63.50493030560758
68.93837649644718
79.36938573185869
71.45690647817715
73.98554243418943
62.82659941726621
80.29952391102086
82.10283480959127
70.69257997123019
65.95539489319327
83.33922948159525
65.91653442247669
71.18360811179505
94.95201006442015
89.08090775042655
73.88699859490204
63.82488624525876
78.36204666587768
78.67982685355531
79.00984903729574
71.94768673028958
70.73413872007156
70.05825838300436
94.40330337134135
67.22733747703911
55.17805653818818
92.14977218108979
75.02978240654136
81.96876242410768
86.83995592935405
73.57510419731719
88.54516639457692
74.80247884519582
82.94372957830653
73.99092726428916
77.70433548673257
32.68694762215753
105.1740367278921
83.43575423802851
73.76842393922358
95.70622914869061
70.27707160371408
73.99761762566762
90.75950585513895
76.60492270267466
63.39730437363566
70.8384550607407
57.73146735246711
73.18545296985432
69.96191552575307
75.09491373529195
106.2550504400144
102.9454427817656
74.16687709050291
72.68543108158008
76.57325723912662
93.58859382769161
77.02442798088504
70.44019292372084
