66.40998650303447
75.15283012383287
73.64930993436748
47.8485658906219
55.90514121581688
82.02608837925311
56.50423666897043
66.42553518932819
74.48033675334828
64.54560811835991
81.18578203513101
75.24852513411498
73.55088712340913
77.62924035560613
63.06300350647869
44.84925785407882
93.53324883681992
73.62574985677308
78.60722401198286
78.68195494336618
85.0599732247783
60.67421994166367
76.97002560449151
71.41786919384921
65.40292712348105
88.57961748370232
75.13527185801983
61.09189712348871
71.41988827005963
65.8060491648388
81.58201483052827
79.49540043645683
95.0063449820165
82.30520390824167
91.32986390774924
76.39090857166228
71.15804226586593
46.87134911934807
61.47349298791214
48.73017668681259
69.02537018860508
90.06805962159947
64.59299857565524
78.59647156050445
105.0279905596599
98.28646132382629
73.73074165903782
80.08884600894001
70.95395146931764
64.51713634136836
82.06053731831231
69.43682132531356
82.76089848816783
83.62886618448383
86.64062052077077
64.78822905010605
58.10455055012213
66.28638202451573
67.81509311565287
80.63808589996417
75.38717643423628
68.16326914784943
68.06411501701608
55.08951264608655
66.38097045346564
72.83226889390239
72.67221508275925
66.30084218459632
85.39619817846163
78.92432586170814
71.84834899997485
63.09973659933335
78.44455032998655
94.00387079285619
74.53518548285315
78.41710791033468
60.57233974114823
85.50730820204838
79.79666446752036
78.91531724139641
71.62446443382622
62.47444551044524
70.74505613804358
68.4731417559309
77.68913572263553
77.41930505413575
74.77780706875693
75.66657393044323
68.35208470471608
69.6614926107688
48.30083821501147
67.88844286999115
57.37582858476976
59.30161620995651
60.72214595176849
95.08104253702871
67.0757027207958
75.67663678512832
60.12652239755877
75.82568434865861
