82.99461050237242
92.05748495331642
68.11070431956952
66.64447229617832
68.73937713129055
80.76339295564716
59.40830452103542
0
66.68498588528638
61.47347165661316
84.75869074909863
80.67343849778784
67.67983433084657
74.03399300788537
67.81989508296977
54.47601895345645
90.03199520694363
46.81468609955289
80.88139444207859
70.43373744762901
73.70030937935537
64.53472493978596
64.22247572242213
56.86932701928361
65.67027539401398
61.6458104191519
76.8636572418762
78.97008294089618
98.04286096396822
80.76339295564716
98.08509197512869
84.17153339001499
88.36146012219946
61.47347165661316
70.75400237287595
41.28188809877767
72.00570165163521
75.49012414881126
59.09567591114456
59.89287156776923
84.75869074909863
54.26354398080796
54.3821704407171
82.56758075009287
72.20226050602086
76.59495091520192
55.19210320488883
64.53472493978596
62.77863406442164
62.49799310611192
70.96569686578913
78.48619156558888
0
80.15731902411713
63.12250863998749
75.87349749906502
80.76339295564716
52.95825097820954
64.66706215418787
54.26354398080796
86.29364531407224
93.81651857680808
71.62691378886809
68.02017244440827
73.60949361492925
53.89795024360633
93.23116133525458
80.15731902411713
51.52284249626332
56.78287777883436
69.53595051976484
64.53472493978596
74.42864582913261
54.25714497584782
86.80074091906619
88.95529452746689
49.23334811274708
72.3604622379693
65.91800102325212
45.22988745028952
97.04485416559154
66.06100943455021
68.64289711301174
64.89757445658435
47.09664448707233
88.64846093112855
65.37411716133367
46.12756145797264
88.64846093112855
51.80925103685627
67.26444283724597
64.12151979192491
68.63625653666419
72.3604622379693
74.03438761874324
101.3687758228716
44.26749272168321
75.49012414881126
88.24992431749644
70.04271924736383
