54.5100231391374
72.70514447197574
86.08625736025164
60.17440129714373
33.28956828136343
68.50658441880555
69.72898965460497
49.93766788492202
89.46265881125925
74.11184687591378
83.8058630396544
87.41881044121332
70.32876325646131
97.08079729042873
46.5659877270954
78.5320178105836
64.45080923930233
64.8838367857424
82.15576917958295
91.07265099358098
75.08300706648924
67.38244423341742
71.66483445041376
72.77127243864673
93.99565821994341
56.92588572550908
48.02678418961659
60.28031436073145
78.30327850763341
80.5770713568982
55.22860109978011
66.16261123170322
84.05230251971227
56.43030157940512
78.37877233286468
77.14073329076042
75.20246236091543
83.53971577948946
86.4805231631297
80.53969230090564
73.78350275726548
59.83341171026896
46.07755839514181
75.5613673062557
81.00928418743123
60.90808030721595
58.33709575429953
77.85362901452328
66.54121497317246
69.23285136630091
77.78116438791537
78.98980191004645
82.888953419953
68.95176466210982
67.86781382289745
88.79859283325877
69.52385622421212
69.76602877714745
74.69608425967569
70.40790282054051
81.88253714535821
78.71922355415244
65.11811512489521
74.67258375089733
60.67886772243109
47.17419184567483
69.1784117905429
103.8010323744421
59.81813689695539
69.54868807304341
66.49746533737378
72.8265930308806
71.53348402328704
68.31528203262251
74.82919388006496
74.91587475000068
60.63854664009822
33.58047853310277
42.42301911097322
75.97899678434335
76.16797716697013
85.29485573354879
80.19749738593045
79.6514265691841
70.2190912633512
77.81563606151147
70.74006846947175
59.37184721461458
66.86702978606675
63.33742527775973
66.20063255136287
61.99633335096016
69.192480163635
75.91540723436844
60.69304897376201
71.53259020873627
70.73947737560762
64.44737630483893
78.69584947422028
78.27487247721805
