7.647300000000000000e+04
7.547100000000000000e+04
5.775000000000000000e+04
5.049900000000000000e+04
8.537100000000000000e+04
1.002130000000000000e+05
8.463600000000000000e+04
7.231900000000000000e+04
7.296400000000000000e+04
7.167900000000000000e+04
8.041800000000000000e+04
1.157390000000000000e+05
7.089600000000000000e+04
9.645800000000000000e+04
9.073500000000000000e+04
8.009500000000000000e+04
9.179900000000000000e+04
8.799100000000000000e+04
8.012500000000000000e+04
7.649600000000000000e+04
7.183400000000000000e+04
8.878700000000000000e+04
9.999900000000000000e+04
9.375000000000000000e+04
1.031970000000000000e+05
9.805000000000000000e+04
5.688700000000000000e+04
1.353820000000000000e+05
1.022510000000000000e+05
8.855000000000000000e+04
6.734400000000000000e+04
9.114400000000000000e+04
8.183800000000000000e+04
6.814700000000000000e+04
8.341000000000000000e+04
7.345600000000000000e+04
9.760800000000000000e+04
7.457100000000000000e+04
8.073400000000000000e+04
7.301500000000000000e+04
7.105800000000000000e+04
5.784000000000000000e+04
9.151400000000000000e+04
8.076500000000000000e+04
6.130300000000000000e+04
6.608900000000000000e+04
6.441500000000000000e+04
1.011290000000000000e+05
8.038500000000000000e+04
9.840100000000000000e+04
