2.574200000000000000e+04
2.541100000000000000e+04
1.882500000000000000e+04
2.540500000000000000e+04
3.355800000000000000e+04
1.392000000000000000e+03
6.777000000000000000e+03
2.057400000000000000e+04
1.920400000000000000e+04
1.127800000000000000e+04
8.903000000000000000e+03
2.223000000000000000e+04
1.253600000000000000e+04
3.051600000000000000e+04
1.856500000000000000e+04
2.769200000000000000e+04
4.189000000000000000e+03
1.963000000000000000e+04
1.347900000000000000e+04
3.521000000000000000e+04
3.689900000000000000e+04
1.928700000000000000e+04
1.145600000000000000e+04
6.120000000000000000e+03
3.466000000000000000e+03
2.559400000000000000e+04
2.339400000000000000e+04
2.115700000000000000e+04
2.562400000000000000e+04
2.328100000000000000e+04
2.007000000000000000e+04
4.454000000000000000e+03
1.790800000000000000e+04
6.517000000000000000e+03
9.108000000000000000e+03
3.011000000000000000e+04
2.024700000000000000e+04
1.264500000000000000e+04
1.407400000000000000e+04
2.133900000000000000e+04
3.529600000000000000e+04
2.066100000000000000e+04
1.998000000000000000e+03
4.286100000000000000e+04
3.982700000000000000e+04
4.765000000000000000e+03
9.692000000000000000e+03
2.660000000000000000e+03
4.717900000000000000e+04
1.576400000000000000e+04
