7.122800000000000000e+04
7.038900000000000000e+04
7.978500000000000000e+04
6.777900000000000000e+04
8.325200000000000000e+04
7.054300000000000000e+04
8.067800000000000000e+04
5.807400000000000000e+04
6.456700000000000000e+04
9.527400000000000000e+04
7.869400000000000000e+04
1.264430000000000000e+05
9.450400000000000000e+04
8.376200000000000000e+04
1.252740000000000000e+05
7.938300000000000000e+04
7.091700000000000000e+04
7.973700000000000000e+04
6.713300000000000000e+04
8.739600000000000000e+04
7.979900000000000000e+04
5.776600000000000000e+04
8.717100000000000000e+04
8.110600000000000000e+04
7.653100000000000000e+04
9.732300000000000000e+04
9.077000000000000000e+04
9.474600000000000000e+04
7.819300000000000000e+04
9.891000000000000000e+04
7.080300000000000000e+04
7.979700000000000000e+04
7.422000000000000000e+04
9.824900000000000000e+04
7.151500000000000000e+04
1.140330000000000000e+05
7.899100000000000000e+04
1.012220000000000000e+05
9.259400000000000000e+04
6.845200000000000000e+04
8.385500000000000000e+04
9.727900000000000000e+04
9.907600000000000000e+04
7.729200000000000000e+04
8.543900000000000000e+04
8.185500000000000000e+04
5.929000000000000000e+04
7.859500000000000000e+04
8.532000000000000000e+04
1.037040000000000000e+05
