7.028100000000000000e+04
7.228200000000000000e+04
6.475100000000000000e+04
6.146900000000000000e+04
6.609800000000000000e+04
7.112900000000000000e+04
8.812700000000000000e+04
5.892000000000000000e+04
4.795300000000000000e+04
8.109400000000000000e+04
7.474700000000000000e+04
4.955700000000000000e+04
6.464700000000000000e+04
6.168200000000000000e+04
6.104400000000000000e+04
4.048300000000000000e+04
6.533800000000000000e+04
7.272500000000000000e+04
6.590100000000000000e+04
7.985500000000000000e+04
7.092100000000000000e+04
6.488900000000000000e+04
7.792600000000000000e+04
7.161200000000000000e+04
9.584500000000000000e+04
4.910300000000000000e+04
5.373500000000000000e+04
6.022000000000000000e+04
6.071700000000000000e+04
5.816200000000000000e+04
4.276500000000000000e+04
4.954200000000000000e+04
6.270500000000000000e+04
6.459700000000000000e+04
6.552600000000000000e+04
6.111700000000000000e+04
4.866700000000000000e+04
6.448400000000000000e+04
7.031200000000000000e+04
5.371300000000000000e+04
6.391500000000000000e+04
5.334100000000000000e+04
6.658100000000000000e+04
8.013600000000000000e+04
5.820500000000000000e+04
8.243600000000000000e+04
6.418300000000000000e+04
5.930800000000000000e+04
5.961200000000000000e+04
5.251800000000000000e+04
