7.120200000000000000e+04
7.953800000000000000e+04
5.183800000000000000e+04
6.229100000000000000e+04
9.174500000000000000e+04
9.480000000000000000e+04
8.796500000000000000e+04
7.071600000000000000e+04
7.868000000000000000e+04
6.270000000000000000e+04
7.440900000000000000e+04
1.250440000000000000e+05
5.971300000000000000e+04
9.179300000000000000e+04
9.061600000000000000e+04
8.588800000000000000e+04
9.881800000000000000e+04
7.013900000000000000e+04
6.729700000000000000e+04
9.023100000000000000e+04
6.887400000000000000e+04
8.885000000000000000e+04
8.542100000000000000e+04
9.430500000000000000e+04
9.134500000000000000e+04
9.683100000000000000e+04
6.447600000000000000e+04
1.308690000000000000e+05
1.000020000000000000e+05
8.560200000000000000e+04
7.213200000000000000e+04
9.609100000000000000e+04
7.061900000000000000e+04
7.424000000000000000e+04
8.414200000000000000e+04
7.918300000000000000e+04
6.770400000000000000e+04
7.876400000000000000e+04
5.815900000000000000e+04
6.681200000000000000e+04
7.489800000000000000e+04
7.831500000000000000e+04
9.712600000000000000e+04
7.046300000000000000e+04
7.843200000000000000e+04
7.696100000000000000e+04
8.751900000000000000e+04
1.182410000000000000e+05
8.392400000000000000e+04
1.228410000000000000e+05
