1.029740000000000000e+05
9.142300000000000000e+04
9.804700000000000000e+04
6.321100000000000000e+04
8.717300000000000000e+04
9.506000000000000000e+04
1.139250000000000000e+05
1.168400000000000000e+05
1.072580000000000000e+05
8.546900000000000000e+04
6.030800000000000000e+04
8.770900000000000000e+04
4.317200000000000000e+04
6.538900000000000000e+04
1.130580000000000000e+05
7.888200000000000000e+04
1.184060000000000000e+05
1.236390000000000000e+05
9.630000000000000000e+04
8.565800000000000000e+04
9.426700000000000000e+04
9.684300000000000000e+04
8.718700000000000000e+04
9.004400000000000000e+04
7.302200000000000000e+04
9.571600000000000000e+04
1.070000000000000000e+05
7.844700000000000000e+04
1.046580000000000000e+05
1.499740000000000000e+05
8.861500000000000000e+04
5.988600000000000000e+04
1.200430000000000000e+05
8.658300000000000000e+04
7.264800000000000000e+04
8.376300000000000000e+04
9.280300000000000000e+04
1.056050000000000000e+05
5.257100000000000000e+04
8.182400000000000000e+04
7.790700000000000000e+04
1.169010000000000000e+05
1.005120000000000000e+05
1.169580000000000000e+05
7.102800000000000000e+04
1.417200000000000000e+05
8.770200000000000000e+04
8.957100000000000000e+04
1.037480000000000000e+05
8.183400000000000000e+04
