7.231500000000000000e+04
8.251400000000000000e+04
5.000700000000000000e+04
8.132100000000000000e+04
7.826900000000000000e+04
5.963300000000000000e+04
7.843400000000000000e+04
7.739700000000000000e+04
8.038200000000000000e+04
7.485400000000000000e+04
8.699000000000000000e+04
6.050600000000000000e+04
7.096500000000000000e+04
8.870200000000000000e+04
7.111700000000000000e+04
7.216600000000000000e+04
8.058700000000000000e+04
7.051800000000000000e+04
8.202200000000000000e+04
7.745600000000000000e+04
6.271800000000000000e+04
6.828300000000000000e+04
6.420500000000000000e+04
8.636500000000000000e+04
6.676600000000000000e+04
1.144620000000000000e+05
4.948000000000000000e+04
5.378300000000000000e+04
7.899500000000000000e+04
6.926000000000000000e+04
1.040310000000000000e+05
7.878900000000000000e+04
9.006600000000000000e+04
4.604300000000000000e+04
6.965200000000000000e+04
6.952100000000000000e+04
6.184000000000000000e+04
6.785100000000000000e+04
7.356000000000000000e+04
8.475100000000000000e+04
8.723100000000000000e+04
5.559900000000000000e+04
6.032700000000000000e+04
6.726100000000000000e+04
7.022000000000000000e+04
7.414500000000000000e+04
7.987600000000000000e+04
8.177900000000000000e+04
9.546500000000000000e+04
6.229300000000000000e+04
