5.284900000000000000e+04
3.056400000000000000e+04
3.246100000000000000e+04
3.849500000000000000e+04
4.252800000000000000e+04
2.000700000000000000e+04
2.761600000000000000e+04
3.461300000000000000e+04
3.169700000000000000e+04
3.948400000000000000e+04
5.493700000000000000e+04
3.975100000000000000e+04
2.447400000000000000e+04
4.494900000000000000e+04
3.513300000000000000e+04
4.333900000000000000e+04
1.240600000000000000e+04
1.998800000000000000e+04
3.753200000000000000e+04
3.623000000000000000e+04
2.395100000000000000e+04
3.758400000000000000e+04
4.865000000000000000e+04
3.923100000000000000e+04
3.969300000000000000e+04
2.432900000000000000e+04
4.804500000000000000e+04
3.752300000000000000e+04
1.853700000000000000e+04
5.637900000000000000e+04
4.545800000000000000e+04
0.000000000000000000e+00
2.052200000000000000e+04
2.783900000000000000e+04
8.880000000000000000e+03
6.599500000000000000e+04
3.875300000000000000e+04
4.119700000000000000e+04
4.335600000000000000e+04
1.229600000000000000e+04
2.996400000000000000e+04
2.358800000000000000e+04
1.444100000000000000e+04
5.721300000000000000e+04
2.504000000000000000e+04
4.936500000000000000e+04
4.793000000000000000e+04
1.619400000000000000e+04
5.605300000000000000e+04
2.950100000000000000e+04
