3.674200000000000000e+04
6.353600000000000000e+04
6.223400000000000000e+04
6.752600000000000000e+04
5.227200000000000000e+04
5.518200000000000000e+04
6.867100000000000000e+04
5.369600000000000000e+04
3.156600000000000000e+04
7.078500000000000000e+04
6.166100000000000000e+04
5.140700000000000000e+04
4.518800000000000000e+04
6.312600000000000000e+04
5.667900000000000000e+04
3.960000000000000000e+04
4.159100000000000000e+04
7.059800000000000000e+04
6.637100000000000000e+04
7.621200000000000000e+04
5.201000000000000000e+04
6.159600000000000000e+04
4.234500000000000000e+04
6.554700000000000000e+04
4.977700000000000000e+04
5.973000000000000000e+04
5.688700000000000000e+04
3.628400000000000000e+04
5.209800000000000000e+04
7.590300000000000000e+04
2.211500000000000000e+04
2.744400000000000000e+04
2.960300000000000000e+04
5.217300000000000000e+04
3.972800000000000000e+04
6.182000000000000000e+04
3.505200000000000000e+04
5.192600000000000000e+04
4.698600000000000000e+04
4.800400000000000000e+04
6.460800000000000000e+04
5.651600000000000000e+04
5.508400000000000000e+04
3.736900000000000000e+04
5.186300000000000000e+04
5.504700000000000000e+04
6.235100000000000000e+04
3.727600000000000000e+04
6.460000000000000000e+04
5.964800000000000000e+04
