8.898600000000000000e+04
7.006900000000000000e+04
6.890900000000000000e+04
7.114600000000000000e+04
8.204800000000000000e+04
6.606500000000000000e+04
8.366200000000000000e+04
8.117800000000000000e+04
8.839300000000000000e+04
7.000400000000000000e+04
6.889300000000000000e+04
6.835900000000000000e+04
6.774300000000000000e+04
8.282400000000000000e+04
7.665400000000000000e+04
7.894400000000000000e+04
8.205900000000000000e+04
7.147500000000000000e+04
7.331600000000000000e+04
6.968100000000000000e+04
6.380900000000000000e+04
7.269000000000000000e+04
7.273900000000000000e+04
7.012300000000000000e+04
8.882100000000000000e+04
1.169450000000000000e+05
5.877900000000000000e+04
4.628300000000000000e+04
8.070700000000000000e+04
7.925600000000000000e+04
1.031540000000000000e+05
6.823100000000000000e+04
7.465700000000000000e+04
4.399600000000000000e+04
6.019100000000000000e+04
6.314300000000000000e+04
5.033500000000000000e+04
8.372200000000000000e+04
6.885600000000000000e+04
9.383200000000000000e+04
8.826600000000000000e+04
5.775500000000000000e+04
6.509300000000000000e+04
5.981600000000000000e+04
8.044500000000000000e+04
7.927400000000000000e+04
7.965000000000000000e+04
8.546700000000000000e+04
7.701700000000000000e+04
7.435600000000000000e+04
