8.981600000000000000e+04
8.187900000000000000e+04
9.768200000000000000e+04
7.940600000000000000e+04
7.629300000000000000e+04
7.768200000000000000e+04
8.124800000000000000e+04
5.589200000000000000e+04
8.682300000000000000e+04
8.423300000000000000e+04
7.851200000000000000e+04
1.050860000000000000e+05
9.953600000000000000e+04
8.856800000000000000e+04
1.279100000000000000e+05
8.084900000000000000e+04
7.002500000000000000e+04
8.670900000000000000e+04
6.281800000000000000e+04
6.582000000000000000e+04
8.266600000000000000e+04
5.597100000000000000e+04
6.951900000000000000e+04
7.266800000000000000e+04
6.578600000000000000e+04
1.145710000000000000e+05
1.014180000000000000e+05
1.072910000000000000e+05
7.748200000000000000e+04
1.040810000000000000e+05
7.593200000000000000e+04
8.001800000000000000e+04
7.399200000000000000e+04
9.093200000000000000e+04
1.033870000000000000e+05
1.121060000000000000e+05
7.889800000000000000e+04
1.059280000000000000e+05
9.501100000000000000e+04
7.191900000000000000e+04
6.562300000000000000e+04
1.060680000000000000e+05
1.107410000000000000e+05
7.280200000000000000e+04
8.899100000000000000e+04
8.752100000000000000e+04
6.688400000000000000e+04
7.685800000000000000e+04
9.268400000000000000e+04
9.370500000000000000e+04
