8.568400000000000000e+04
1.032390000000000000e+05
7.854000000000000000e+04
9.745200000000000000e+04
7.457800000000000000e+04
9.643800000000000000e+04
9.801300000000000000e+04
7.868400000000000000e+04
9.284900000000000000e+04
1.181240000000000000e+05
1.018630000000000000e+05
1.274620000000000000e+05
8.695500000000000000e+04
8.525200000000000000e+04
8.245000000000000000e+04
6.166700000000000000e+04
1.011670000000000000e+05
1.092520000000000000e+05
7.916600000000000000e+04
1.252420000000000000e+05
8.071500000000000000e+04
7.779300000000000000e+04
7.895600000000000000e+04
1.004310000000000000e+05
9.212600000000000000e+04
1.155810000000000000e+05
1.081990000000000000e+05
9.159600000000000000e+04
1.037030000000000000e+05
1.184000000000000000e+05
6.547800000000000000e+04
6.440100000000000000e+04
9.903400000000000000e+04
9.529400000000000000e+04
9.235100000000000000e+04
8.262600000000000000e+04
6.654100000000000000e+04
9.324800000000000000e+04
8.710500000000000000e+04
1.076250000000000000e+05
8.860100000000000000e+04
1.199840000000000000e+05
1.043710000000000000e+05
9.497700000000000000e+04
1.001480000000000000e+05
1.349450000000000000e+05
8.351700000000000000e+04
8.334700000000000000e+04
9.560100000000000000e+04
1.212590000000000000e+05
