7.187600000000000000e+04
4.730600000000000000e+04
1.541200000000000000e+04
2.060800000000000000e+04
4.616900000000000000e+04
4.580900000000000000e+04
4.677800000000000000e+04
4.181900000000000000e+04
3.854100000000000000e+04
4.212700000000000000e+04
2.848100000000000000e+04
5.269700000000000000e+04
2.683000000000000000e+03
6.107400000000000000e+04
1.146800000000000000e+04
4.171400000000000000e+04
2.425500000000000000e+04
5.592400000000000000e+04
1.652200000000000000e+04
2.197700000000000000e+04
4.662400000000000000e+04
1.470900000000000000e+04
1.481800000000000000e+04
6.118900000000000000e+04
5.015700000000000000e+04
2.923900000000000000e+04
2.847300000000000000e+04
3.424800000000000000e+04
2.004200000000000000e+04
4.119400000000000000e+04
6.002100000000000000e+04
4.168700000000000000e+04
2.100200000000000000e+04
5.922000000000000000e+04
4.525500000000000000e+04
1.407000000000000000e+04
4.565300000000000000e+04
5.695200000000000000e+04
3.233000000000000000e+04
5.067800000000000000e+04
1.969200000000000000e+04
4.789300000000000000e+04
3.469900000000000000e+04
2.711500000000000000e+04
4.424700000000000000e+04
4.648900000000000000e+04
6.084200000000000000e+04
5.443300000000000000e+04
3.073900000000000000e+04
4.128700000000000000e+04
