8.160800000000000000e+04
8.450000000000000000e+04
9.088600000000000000e+04
7.616100000000000000e+04
5.776600000000000000e+04
9.075000000000000000e+04
7.914600000000000000e+04
5.596400000000000000e+04
7.225200000000000000e+04
1.030670000000000000e+05
6.005400000000000000e+04
9.035500000000000000e+04
7.107900000000000000e+04
8.806300000000000000e+04
5.142900000000000000e+04
5.729100000000000000e+04
8.526000000000000000e+04
9.538600000000000000e+04
8.345800000000000000e+04
8.604600000000000000e+04
5.571700000000000000e+04
8.121800000000000000e+04
7.507000000000000000e+04
9.219100000000000000e+04
6.843000000000000000e+04
1.075210000000000000e+05
8.268000000000000000e+04
6.882200000000000000e+04
8.149700000000000000e+04
1.013940000000000000e+05
7.417400000000000000e+04
7.876000000000000000e+04
8.842900000000000000e+04
7.900600000000000000e+04
6.130600000000000000e+04
9.954400000000000000e+04
6.338200000000000000e+04
8.273100000000000000e+04
8.658000000000000000e+04
8.061400000000000000e+04
7.562200000000000000e+04
6.846400000000000000e+04
8.658800000000000000e+04
9.011200000000000000e+04
1.058470000000000000e+05
1.018130000000000000e+05
5.630500000000000000e+04
7.849900000000000000e+04
5.940300000000000000e+04
1.146590000000000000e+05
