9.359900000000000000e+04
9.541600000000000000e+04
8.551700000000000000e+04
9.060900000000000000e+04
9.440700000000000000e+04
1.040540000000000000e+05
7.191100000000000000e+04
5.945300000000000000e+04
9.515900000000000000e+04
1.123280000000000000e+05
7.461800000000000000e+04
1.008030000000000000e+05
9.882300000000000000e+04
1.053600000000000000e+05
7.044700000000000000e+04
6.937000000000000000e+04
1.162640000000000000e+05
9.642300000000000000e+04
9.299600000000000000e+04
7.125000000000000000e+04
9.015900000000000000e+04
1.337980000000000000e+05
1.313590000000000000e+05
9.806900000000000000e+04
9.168800000000000000e+04
1.035030000000000000e+05
1.109880000000000000e+05
1.108760000000000000e+05
9.642000000000000000e+04
1.031420000000000000e+05
1.047570000000000000e+05
8.134400000000000000e+04
9.451300000000000000e+04
8.601800000000000000e+04
9.460900000000000000e+04
1.126730000000000000e+05
5.692000000000000000e+04
1.420650000000000000e+05
1.161500000000000000e+05
9.868100000000000000e+04
6.293800000000000000e+04
1.002080000000000000e+05
1.175280000000000000e+05
9.850500000000000000e+04
9.605100000000000000e+04
9.265100000000000000e+04
9.567700000000000000e+04
9.142800000000000000e+04
6.608800000000000000e+04
1.129490000000000000e+05
