6.723200000000000000e+04
6.555200000000000000e+04
5.155800000000000000e+04
2.353700000000000000e+04
5.381800000000000000e+04
7.165600000000000000e+04
8.178900000000000000e+04
8.284400000000000000e+04
5.818000000000000000e+04
8.771900000000000000e+04
5.537900000000000000e+04
5.699100000000000000e+04
4.366500000000000000e+04
6.168300000000000000e+04
3.843900000000000000e+04
5.313700000000000000e+04
5.289200000000000000e+04
6.182600000000000000e+04
3.956400000000000000e+04
4.792500000000000000e+04
7.713200000000000000e+04
5.899600000000000000e+04
5.413700000000000000e+04
5.020800000000000000e+04
7.600100000000000000e+04
5.635900000000000000e+04
5.697600000000000000e+04
5.697600000000000000e+04
5.612700000000000000e+04
4.618000000000000000e+04
6.408800000000000000e+04
7.666200000000000000e+04
6.313500000000000000e+04
4.746700000000000000e+04
4.888800000000000000e+04
5.474900000000000000e+04
7.469100000000000000e+04
6.048300000000000000e+04
6.048300000000000000e+04
6.034000000000000000e+04
5.075300000000000000e+04
7.529500000000000000e+04
4.810800000000000000e+04
4.888300000000000000e+04
8.547500000000000000e+04
5.227800000000000000e+04
5.010700000000000000e+04
6.098900000000000000e+04
6.098900000000000000e+04
5.069500000000000000e+04
