7.216800000000000000e+04
7.216800000000000000e+04
7.216800000000000000e+04
7.216800000000000000e+04
7.216800000000000000e+04
7.216800000000000000e+04
7.216800000000000000e+04
7.216800000000000000e+04
7.216800000000000000e+04
7.216800000000000000e+04
7.216800000000000000e+04
7.216800000000000000e+04
7.216800000000000000e+04
7.216800000000000000e+04
7.216800000000000000e+04
7.216800000000000000e+04
7.216800000000000000e+04
7.216800000000000000e+04
7.216800000000000000e+04
7.216800000000000000e+04
7.216800000000000000e+04
7.216800000000000000e+04
7.216800000000000000e+04
7.216800000000000000e+04
7.216800000000000000e+04
7.216800000000000000e+04
7.216800000000000000e+04
7.216800000000000000e+04
7.216800000000000000e+04
7.216800000000000000e+04
7.216800000000000000e+04
7.216800000000000000e+04
7.216800000000000000e+04
7.216800000000000000e+04
7.216800000000000000e+04
7.216800000000000000e+04
7.216800000000000000e+04
7.216800000000000000e+04
7.216800000000000000e+04
7.216800000000000000e+04
7.083100000000000000e+04
5.925300000000000000e+04
4.784900000000000000e+04
5.130100000000000000e+04
7.670300000000000000e+04
4.685700000000000000e+04
5.134900000000000000e+04
5.422400000000000000e+04
5.236200000000000000e+04
5.425200000000000000e+04
