1.231550000000000000e+05
5.770500000000000000e+04
5.763500000000000000e+04
9.490900000000000000e+04
5.426200000000000000e+04
9.581600000000000000e+04
7.281800000000000000e+04
8.235600000000000000e+04
1.281240000000000000e+05
1.200540000000000000e+05
9.353000000000000000e+04
7.739500000000000000e+04
7.544500000000000000e+04
8.028800000000000000e+04
5.674100000000000000e+04
8.698100000000000000e+04
1.187940000000000000e+05
1.171490000000000000e+05
7.549400000000000000e+04
1.020590000000000000e+05
1.031260000000000000e+05
1.433040000000000000e+05
6.759900000000000000e+04
7.686800000000000000e+04
9.663200000000000000e+04
1.050910000000000000e+05
9.039700000000000000e+04
8.702400000000000000e+04
9.685900000000000000e+04
1.084480000000000000e+05
1.081810000000000000e+05
9.497000000000000000e+04
6.504600000000000000e+04
9.402400000000000000e+04
6.446600000000000000e+04
8.106200000000000000e+04
1.155500000000000000e+05
1.098160000000000000e+05
9.481900000000000000e+04
8.804500000000000000e+04
9.220900000000000000e+04
1.070270000000000000e+05
1.142350000000000000e+05
8.007000000000000000e+04
1.151650000000000000e+05
1.126830000000000000e+05
1.059090000000000000e+05
7.806600000000000000e+04
9.242100000000000000e+04
1.091360000000000000e+05
