6.487500000000000000e+04
4.893800000000000000e+04
4.623500000000000000e+04
4.167500000000000000e+04
5.743800000000000000e+04
4.712900000000000000e+04
5.903100000000000000e+04
7.250700000000000000e+04
6.150900000000000000e+04
4.062400000000000000e+04
3.251000000000000000e+04
4.757400000000000000e+04
3.374000000000000000e+04
4.738100000000000000e+04
3.458500000000000000e+04
4.377100000000000000e+04
3.941200000000000000e+04
5.789200000000000000e+04
5.305300000000000000e+04
3.185000000000000000e+04
7.679400000000000000e+04
4.793000000000000000e+04
4.731500000000000000e+04
3.578700000000000000e+04
7.760700000000000000e+04
6.116400000000000000e+04
4.073100000000000000e+04
5.740200000000000000e+04
6.448500000000000000e+04
2.860000000000000000e+04
5.890600000000000000e+04
3.821000000000000000e+04
5.890500000000000000e+04
3.806600000000000000e+04
2.864300000000000000e+04
4.262800000000000000e+04
6.488000000000000000e+04
7.297500000000000000e+04
3.551600000000000000e+04
5.590300000000000000e+04
5.954100000000000000e+04
7.071400000000000000e+04
3.948800000000000000e+04
5.529700000000000000e+04
6.933800000000000000e+04
4.465800000000000000e+04
4.637400000000000000e+04
6.576500000000000000e+04
4.403500000000000000e+04
5.845600000000000000e+04
