8.153500000000000000e+04
9.521400000000000000e+04
1.040300000000000000e+05
7.520000000000000000e+04
6.861800000000000000e+04
7.963000000000000000e+04
8.350900000000000000e+04
7.890400000000000000e+04
7.305600000000000000e+04
1.008960000000000000e+05
6.992100000000000000e+04
8.003300000000000000e+04
7.903300000000000000e+04
8.643100000000000000e+04
9.911400000000000000e+04
1.076840000000000000e+05
9.130400000000000000e+04
1.025290000000000000e+05
9.440900000000000000e+04
9.040800000000000000e+04
6.828100000000000000e+04
9.300200000000000000e+04
1.077890000000000000e+05
8.456400000000000000e+04
8.818800000000000000e+04
8.515700000000000000e+04
1.076930000000000000e+05
7.404700000000000000e+04
9.580800000000000000e+04
7.672800000000000000e+04
7.710500000000000000e+04
1.074860000000000000e+05
9.761800000000000000e+04
7.807000000000000000e+04
8.924400000000000000e+04
6.880300000000000000e+04
1.100870000000000000e+05
8.318900000000000000e+04
1.089500000000000000e+05
5.581300000000000000e+04
7.782200000000000000e+04
9.757400000000000000e+04
7.131200000000000000e+04
8.561100000000000000e+04
1.118440000000000000e+05
7.514900000000000000e+04
1.149050000000000000e+05
1.149860000000000000e+05
6.550700000000000000e+04
7.789100000000000000e+04
