6.549700000000000000e+04
8.280100000000000000e+04
4.725800000000000000e+04
7.335000000000000000e+04
6.677200000000000000e+04
3.501800000000000000e+04
7.358100000000000000e+04
4.086500000000000000e+04
8.772000000000000000e+04
5.021100000000000000e+04
5.450900000000000000e+04
6.750200000000000000e+04
7.646800000000000000e+04
7.035500000000000000e+04
9.412000000000000000e+04
6.173300000000000000e+04
4.220800000000000000e+04
4.453700000000000000e+04
8.553400000000000000e+04
5.948600000000000000e+04
7.548100000000000000e+04
4.459300000000000000e+04
9.209900000000000000e+04
6.542000000000000000e+04
5.431600000000000000e+04
6.104100000000000000e+04
8.031300000000000000e+04
5.175400000000000000e+04
6.300500000000000000e+04
6.570700000000000000e+04
5.037700000000000000e+04
7.395300000000000000e+04
7.826700000000000000e+04
7.225500000000000000e+04
5.222100000000000000e+04
5.282000000000000000e+04
6.877300000000000000e+04
6.664500000000000000e+04
7.372900000000000000e+04
5.131000000000000000e+04
7.598300000000000000e+04
6.052200000000000000e+04
5.839600000000000000e+04
6.516700000000000000e+04
6.103200000000000000e+04
9.415900000000000000e+04
6.072900000000000000e+04
5.476600000000000000e+04
6.709500000000000000e+04
5.830900000000000000e+04
