9.048300000000000000e+04
6.132700000000000000e+04
8.393400000000000000e+04
7.074100000000000000e+04
6.855400000000000000e+04
6.026000000000000000e+04
7.358100000000000000e+04
6.847300000000000000e+04
5.399800000000000000e+04
5.991600000000000000e+04
8.598000000000000000e+04
6.687300000000000000e+04
6.868100000000000000e+04
6.351000000000000000e+04
8.002300000000000000e+04
6.838700000000000000e+04
5.693100000000000000e+04
6.551100000000000000e+04
6.601200000000000000e+04
1.021190000000000000e+05
6.921500000000000000e+04
5.806300000000000000e+04
5.402500000000000000e+04
6.853500000000000000e+04
7.204600000000000000e+04
8.273100000000000000e+04
6.566200000000000000e+04
4.901400000000000000e+04
6.786100000000000000e+04
5.623500000000000000e+04
8.095000000000000000e+04
8.262600000000000000e+04
4.638200000000000000e+04
6.888200000000000000e+04
7.115200000000000000e+04
6.750600000000000000e+04
6.117200000000000000e+04
7.365700000000000000e+04
6.869200000000000000e+04
8.678000000000000000e+04
8.786800000000000000e+04
6.406700000000000000e+04
8.269300000000000000e+04
6.678500000000000000e+04
4.317000000000000000e+04
7.461300000000000000e+04
4.847900000000000000e+04
5.410500000000000000e+04
8.459300000000000000e+04
4.870400000000000000e+04
