7.896300000000000000e+04
5.311000000000000000e+04
4.559400000000000000e+04
1.722300000000000000e+04
6.121500000000000000e+04
4.507300000000000000e+04
6.889400000000000000e+04
7.935000000000000000e+04
7.125100000000000000e+04
6.975700000000000000e+04
4.473800000000000000e+04
4.930800000000000000e+04
3.797200000000000000e+04
4.126400000000000000e+04
5.660400000000000000e+04
4.124400000000000000e+04
4.330500000000000000e+04
5.599200000000000000e+04
4.957600000000000000e+04
4.547000000000000000e+04
6.546000000000000000e+04
6.141600000000000000e+04
6.599700000000000000e+04
4.174400000000000000e+04
6.742800000000000000e+04
6.500800000000000000e+04
5.879500000000000000e+04
7.021500000000000000e+04
7.991600000000000000e+04
4.312400000000000000e+04
6.877700000000000000e+04
6.684700000000000000e+04
6.224400000000000000e+04
5.868900000000000000e+04
5.763400000000000000e+04
4.856500000000000000e+04
6.228000000000000000e+04
6.651800000000000000e+04
3.176800000000000000e+04
5.416900000000000000e+04
6.131300000000000000e+04
8.243200000000000000e+04
5.299000000000000000e+04
4.706000000000000000e+04
5.799700000000000000e+04
4.311000000000000000e+04
5.152300000000000000e+04
5.623000000000000000e+04
4.675800000000000000e+04
4.932300000000000000e+04
