1.041930000000000000e+05
5.168300000000000000e+04
5.980000000000000000e+04
6.544500000000000000e+04
6.471500000000000000e+04
8.839100000000000000e+04
7.631100000000000000e+04
7.339000000000000000e+04
9.518700000000000000e+04
1.185870000000000000e+05
7.290600000000000000e+04
6.289800000000000000e+04
6.925800000000000000e+04
7.840100000000000000e+04
5.258500000000000000e+04
6.886800000000000000e+04
9.697600000000000000e+04
9.998900000000000000e+04
5.973900000000000000e+04
5.934400000000000000e+04
7.221700000000000000e+04
1.084360000000000000e+05
6.173300000000000000e+04
7.218000000000000000e+04
9.467700000000000000e+04
7.934400000000000000e+04
6.943700000000000000e+04
6.531500000000000000e+04
8.059000000000000000e+04
9.822000000000000000e+04
7.727400000000000000e+04
7.727400000000000000e+04
5.267700000000000000e+04
8.645900000000000000e+04
4.547200000000000000e+04
6.260000000000000000e+04
1.081880000000000000e+05
9.324100000000000000e+04
9.324100000000000000e+04
6.616700000000000000e+04
7.909000000000000000e+04
7.742500000000000000e+04
9.106100000000000000e+04
9.106100000000000000e+04
8.236600000000000000e+04
1.050060000000000000e+05
9.789100000000000000e+04
5.752600000000000000e+04
7.178100000000000000e+04
8.058000000000000000e+04
