5.251900000000000000e+04
7.841500000000000000e+04
6.158600000000000000e+04
5.197400000000000000e+04
5.606200000000000000e+04
3.016700000000000000e+04
7.261000000000000000e+04
5.275900000000000000e+04
6.510000000000000000e+04
4.713500000000000000e+04
9.672900000000000000e+04
4.526800000000000000e+04
9.700100000000000000e+04
6.670000000000000000e+04
7.291700000000000000e+04
4.079300000000000000e+04
7.932000000000000000e+04
8.485800000000000000e+04
5.552600000000000000e+04
6.780900000000000000e+04
5.535300000000000000e+04
6.240500000000000000e+04
7.018800000000000000e+04
8.121600000000000000e+04
1.027850000000000000e+05
5.952300000000000000e+04
7.049900000000000000e+04
8.033700000000000000e+04
5.634700000000000000e+04
6.419700000000000000e+04
5.525400000000000000e+04
4.927500000000000000e+04
5.710500000000000000e+04
8.310300000000000000e+04
5.441800000000000000e+04
7.266600000000000000e+04
7.649500000000000000e+04
7.075400000000000000e+04
5.707000000000000000e+04
6.050300000000000000e+04
3.555900000000000000e+04
4.251700000000000000e+04
6.190300000000000000e+04
5.858000000000000000e+04
6.768300000000000000e+04
4.941500000000000000e+04
6.666000000000000000e+04
6.287200000000000000e+04
4.455600000000000000e+04
5.327100000000000000e+04
