1.059530000000000000e+05
4.364800000000000000e+04
5.448900000000000000e+04
5.697900000000000000e+04
7.921000000000000000e+04
4.990900000000000000e+04
7.225000000000000000e+04
8.095900000000000000e+04
3.388100000000000000e+04
3.930800000000000000e+04
8.039000000000000000e+04
5.523100000000000000e+04
6.728200000000000000e+04
3.107100000000000000e+04
3.107100000000000000e+04
5.605900000000000000e+04
5.232000000000000000e+04
5.488900000000000000e+04
5.488900000000000000e+04
6.701500000000000000e+04
7.267600000000000000e+04
3.047400000000000000e+04
3.047400000000000000e+04
5.236600000000000000e+04
5.518200000000000000e+04
6.780000000000000000e+04
6.611400000000000000e+04
5.725400000000000000e+04
5.847000000000000000e+04
5.301700000000000000e+04
5.517200000000000000e+04
4.185100000000000000e+04
4.463700000000000000e+04
4.204800000000000000e+04
5.757100000000000000e+04
3.079000000000000000e+04
5.337500000000000000e+04
6.044100000000000000e+04
3.826600000000000000e+04
5.310600000000000000e+04
6.901100000000000000e+04
6.158500000000000000e+04
6.937200000000000000e+04
6.689500000000000000e+04
5.886000000000000000e+04
4.784300000000000000e+04
6.240800000000000000e+04
4.504700000000000000e+04
6.117700000000000000e+04
4.337100000000000000e+04
