4.541800000000000000e+04
6.510000000000000000e+04
3.978600000000000000e+04
4.641800000000000000e+04
4.277200000000000000e+04
5.351400000000000000e+04
7.081300000000000000e+04
7.226000000000000000e+04
3.995000000000000000e+04
3.250500000000000000e+04
2.732900000000000000e+04
1.545000000000000000e+04
6.651700000000000000e+04
7.873900000000000000e+04
1.785800000000000000e+04
3.198300000000000000e+04
2.786800000000000000e+04
1.530800000000000000e+04
3.581900000000000000e+04
3.546900000000000000e+04
3.577200000000000000e+04
6.226500000000000000e+04
4.951800000000000000e+04
2.862500000000000000e+04
1.694100000000000000e+04
3.607200000000000000e+04
2.577100000000000000e+04
6.085500000000000000e+04
2.016300000000000000e+04
4.951800000000000000e+04
2.762900000000000000e+04
2.820800000000000000e+04
5.349300000000000000e+04
3.682600000000000000e+04
5.517600000000000000e+04
2.703500000000000000e+04
5.615000000000000000e+04
2.850500000000000000e+04
4.031500000000000000e+04
4.031500000000000000e+04
5.364200000000000000e+04
4.965700000000000000e+04
4.965700000000000000e+04
5.092900000000000000e+04
4.965000000000000000e+04
5.133600000000000000e+04
3.969700000000000000e+04
6.210100000000000000e+04
3.032500000000000000e+04
3.382500000000000000e+04
