3.835100000000000000e+05
3.241530000000000000e+05
2.644570000000000000e+05
3.907180000000000000e+05
3.163730000000000000e+05
3.712650000000000000e+05
3.160800000000000000e+05
3.533690000000000000e+05
3.175340000000000000e+05
3.753420000000000000e+05
4.371590000000000000e+05
2.514470000000000000e+05
3.542470000000000000e+05
3.651070000000000000e+05
4.341520000000000000e+05
3.199770000000000000e+05
3.502660000000000000e+05
3.455200000000000000e+05
2.834010000000000000e+05
3.673130000000000000e+05
3.812500000000000000e+05
3.541810000000000000e+05
3.462570000000000000e+05
3.294750000000000000e+05
4.207930000000000000e+05
4.046770000000000000e+05
4.111740000000000000e+05
4.511170000000000000e+05
1.999810000000000000e+05
3.916950000000000000e+05
3.618340000000000000e+05
3.537100000000000000e+05
3.766870000000000000e+05
3.605510000000000000e+05
3.381860000000000000e+05
3.932580000000000000e+05
3.687220000000000000e+05
4.454520000000000000e+05
3.949080000000000000e+05
4.080170000000000000e+05
3.210330000000000000e+05
4.083440000000000000e+05
3.900410000000000000e+05
3.853290000000000000e+05
3.209980000000000000e+05
3.353660000000000000e+05
3.339890000000000000e+05
3.509640000000000000e+05
4.193120000000000000e+05
4.050730000000000000e+05
