2.078660000000000000e+05
3.571930000000000000e+05
3.758780000000000000e+05
2.489760000000000000e+05
8.099200000000000000e+04
1.603470000000000000e+05
2.256530000000000000e+05
2.828080000000000000e+05
2.633270000000000000e+05
3.293270000000000000e+05
1.098270000000000000e+05
3.557600000000000000e+05
2.952130000000000000e+05
3.177190000000000000e+05
1.656110000000000000e+05
3.211330000000000000e+05
3.724240000000000000e+05
8.347400000000000000e+04
3.377550000000000000e+05
2.136380000000000000e+05
1.478660000000000000e+05
2.510600000000000000e+05
2.327060000000000000e+05
8.452100000000000000e+04
3.788080000000000000e+05
2.793490000000000000e+05
2.504920000000000000e+05
2.441930000000000000e+05
3.776510000000000000e+05
3.404620000000000000e+05
7.022400000000000000e+04
1.130340000000000000e+05
3.877110000000000000e+05
1.496220000000000000e+05
3.422940000000000000e+05
2.365380000000000000e+05
1.297060000000000000e+05
2.596510000000000000e+05
2.079630000000000000e+05
3.798420000000000000e+05
3.445200000000000000e+05
2.494790000000000000e+05
2.819290000000000000e+05
3.201320000000000000e+05
3.543500000000000000e+05
3.443660000000000000e+05
3.467710000000000000e+05
2.619980000000000000e+05
2.090800000000000000e+05
3.557980000000000000e+05
