8.950500000000000000e+04
2.428070000000000000e+05
1.965850000000000000e+05
9.672200000000000000e+04
2.188090000000000000e+05
2.304680000000000000e+05
2.635320000000000000e+05
1.828420000000000000e+05
1.126560000000000000e+05
2.306100000000000000e+05
1.586390000000000000e+05
1.527170000000000000e+05
8.580800000000000000e+04
9.858300000000000000e+04
4.181100000000000000e+04
1.290800000000000000e+05
2.297710000000000000e+05
1.537890000000000000e+05
8.053600000000000000e+04
2.702440000000000000e+05
2.638800000000000000e+05
1.949830000000000000e+05
2.011680000000000000e+05
1.427740000000000000e+05
4.189300000000000000e+04
2.023430000000000000e+05
1.481590000000000000e+05
1.297680000000000000e+05
1.504210000000000000e+05
4.247000000000000000e+04
2.386790000000000000e+05
9.851500000000000000e+04
2.077710000000000000e+05
2.267630000000000000e+05
1.354800000000000000e+05
2.769220000000000000e+05
2.485040000000000000e+05
1.081990000000000000e+05
1.195530000000000000e+05
2.550900000000000000e+05
1.902100000000000000e+05
2.479860000000000000e+05
1.127060000000000000e+05
1.185180000000000000e+05
1.148040000000000000e+05
3.043030000000000000e+05
8.470600000000000000e+04
1.689420000000000000e+05
3.003840000000000000e+05
8.061500000000000000e+04
