3.607710000000000000e+05
2.939980000000000000e+05
2.839250000000000000e+05
2.771560000000000000e+05
2.932930000000000000e+05
4.023370000000000000e+05
3.957530000000000000e+05
3.255390000000000000e+05
3.165010000000000000e+05
2.986710000000000000e+05
3.733090000000000000e+05
3.014380000000000000e+05
3.502750000000000000e+05
3.551410000000000000e+05
2.701110000000000000e+05
3.210140000000000000e+05
1.944590000000000000e+05
2.909250000000000000e+05
2.916700000000000000e+05
3.761120000000000000e+05
2.586060000000000000e+05
3.731700000000000000e+05
4.019120000000000000e+05
3.681010000000000000e+05
3.241120000000000000e+05
3.637270000000000000e+05
3.602190000000000000e+05
3.874190000000000000e+05
2.595460000000000000e+05
3.115390000000000000e+05
3.181530000000000000e+05
2.802040000000000000e+05
3.628680000000000000e+05
3.352460000000000000e+05
4.955340000000000000e+05
3.994360000000000000e+05
2.984790000000000000e+05
2.781310000000000000e+05
3.237890000000000000e+05
3.770120000000000000e+05
2.737900000000000000e+05
3.614050000000000000e+05
3.741300000000000000e+05
2.831690000000000000e+05
3.489040000000000000e+05
2.916860000000000000e+05
3.618490000000000000e+05
4.021780000000000000e+05
3.273400000000000000e+05
4.018000000000000000e+05
