1.098570000000000000e+05
2.621390000000000000e+05
1.845800000000000000e+05
1.632910000000000000e+05
3.056610000000000000e+05
7.056700000000000000e+04
9.867900000000000000e+04
2.120850000000000000e+05
9.228200000000000000e+04
8.960600000000000000e+04
2.303540000000000000e+05
1.381240000000000000e+05
3.699900000000000000e+04
4.258800000000000000e+04
1.082650000000000000e+05
1.504180000000000000e+05
8.261900000000000000e+04
8.476100000000000000e+04
7.877100000000000000e+04
7.788000000000000000e+04
1.176790000000000000e+05
1.474690000000000000e+05
2.534740000000000000e+05
1.875410000000000000e+05
1.110080000000000000e+05
2.059970000000000000e+05
1.230950000000000000e+05
2.894300000000000000e+04
4.298600000000000000e+04
9.619200000000000000e+04
1.433590000000000000e+05
2.223590000000000000e+05
2.354380000000000000e+05
1.129390000000000000e+05
1.092740000000000000e+05
1.066080000000000000e+05
1.260290000000000000e+05
1.766260000000000000e+05
5.248500000000000000e+04
9.512500000000000000e+04
5.364000000000000000e+04
9.637900000000000000e+04
1.970900000000000000e+04
2.728490000000000000e+05
9.581300000000000000e+04
4.105200000000000000e+04
3.493200000000000000e+04
8.705000000000000000e+04
1.199240000000000000e+05
2.931240000000000000e+05
