2.836450000000000000e+05
2.664180000000000000e+05
3.153530000000000000e+05
2.362740000000000000e+05
1.807340000000000000e+05
2.623720000000000000e+05
1.078670000000000000e+05
2.622990000000000000e+05
2.798060000000000000e+05
2.797930000000000000e+05
6.060900000000000000e+04
2.824400000000000000e+05
2.033970000000000000e+05
2.152160000000000000e+05
9.962500000000000000e+04
2.356550000000000000e+05
2.902780000000000000e+05
2.856330000000000000e+05
2.835320000000000000e+05
2.574840000000000000e+05
2.013630000000000000e+05
2.782230000000000000e+05
2.932920000000000000e+05
2.835400000000000000e+05
1.612920000000000000e+05
1.974990000000000000e+05
2.748990000000000000e+05
2.997870000000000000e+05
3.006600000000000000e+05
2.379560000000000000e+05
2.083310000000000000e+05
1.839440000000000000e+05
7.444500000000000000e+04
9.157900000000000000e+04
2.956130000000000000e+05
3.056390000000000000e+05
2.458490000000000000e+05
2.293180000000000000e+05
2.017530000000000000e+05
3.356400000000000000e+05
3.427280000000000000e+05
1.941740000000000000e+05
2.514770000000000000e+05
2.854790000000000000e+05
3.245980000000000000e+05
1.857000000000000000e+05
1.938180000000000000e+05
2.634490000000000000e+05
3.032790000000000000e+05
1.429260000000000000e+05
