6.781100000000000000e+04
2.597800000000000000e+04
2.181900000000000000e+04
2.901700000000000000e+04
2.377700000000000000e+04
3.411500000000000000e+04
1.379900000000000000e+04
3.343300000000000000e+04
8.480800000000000000e+04
3.554700000000000000e+04
5.775500000000000000e+04
2.407100000000000000e+04
1.421400000000000000e+04
1.523100000000000000e+04
1.921700000000000000e+04
3.843500000000000000e+04
5.180600000000000000e+04
1.775770000000000000e+05
3.236700000000000000e+04
1.408600000000000000e+04
1.349770000000000000e+05
0.000000000000000000e+00
0.000000000000000000e+00
7.428200000000000000e+04
1.756300000000000000e+04
8.406600000000000000e+04
1.526000000000000000e+04
1.658100000000000000e+04
3.709900000000000000e+04
6.723000000000000000e+03
1.747200000000000000e+04
7.232500000000000000e+04
3.399500000000000000e+04
6.181000000000000000e+03
1.598600000000000000e+04
4.849600000000000000e+04
1.815200000000000000e+04
1.256900000000000000e+04
1.389100000000000000e+04
3.367300000000000000e+04
4.584000000000000000e+03
1.306900000000000000e+04
3.959500000000000000e+04
0.000000000000000000e+00
7.740000000000000000e+02
2.747800000000000000e+04
5.597600000000000000e+04
8.157000000000000000e+03
6.637800000000000000e+04
4.387500000000000000e+04
