7.779500000000000000e+04
1.617820000000000000e+05
2.174650000000000000e+05
1.379990000000000000e+05
1.105840000000000000e+05
7.527500000000000000e+04
8.582100000000000000e+04
5.754300000000000000e+04
4.627200000000000000e+04
2.646970000000000000e+05
7.783700000000000000e+04
1.280950000000000000e+05
1.880350000000000000e+05
3.726700000000000000e+04
4.299000000000000000e+04
6.238300000000000000e+04
7.119700000000000000e+04
2.233750000000000000e+05
1.288030000000000000e+05
4.461000000000000000e+04
1.358620000000000000e+05
1.223360000000000000e+05
9.275900000000000000e+04
1.937530000000000000e+05
1.694570000000000000e+05
1.513930000000000000e+05
1.465950000000000000e+05
4.721500000000000000e+04
3.214000000000000000e+04
6.406700000000000000e+04
1.141020000000000000e+05
6.154000000000000000e+04
2.983200000000000000e+04
1.151300000000000000e+04
9.298300000000000000e+04
2.451300000000000000e+04
7.997900000000000000e+04
4.175600000000000000e+04
7.617700000000000000e+04
9.610400000000000000e+04
3.969500000000000000e+04
2.063100000000000000e+04
2.316200000000000000e+04
1.589080000000000000e+05
9.821600000000000000e+04
6.390200000000000000e+04
8.221600000000000000e+04
6.977500000000000000e+04
5.022100000000000000e+04
2.294840000000000000e+05
