3.378560000000000000e+05
2.814010000000000000e+05
2.995910000000000000e+05
3.778880000000000000e+05
3.311680000000000000e+05
3.315810000000000000e+05
3.155970000000000000e+05
3.085120000000000000e+05
3.008600000000000000e+05
3.103400000000000000e+05
3.410350000000000000e+05
2.336790000000000000e+05
2.905070000000000000e+05
3.110390000000000000e+05
2.662050000000000000e+05
3.480380000000000000e+05
2.833100000000000000e+05
3.100930000000000000e+05
2.853260000000000000e+05
3.852320000000000000e+05
3.477360000000000000e+05
3.740080000000000000e+05
2.971400000000000000e+05
3.046250000000000000e+05
2.998940000000000000e+05
2.771300000000000000e+05
3.737630000000000000e+05
2.958730000000000000e+05
2.494480000000000000e+05
2.808620000000000000e+05
3.030870000000000000e+05
2.582580000000000000e+05
2.749080000000000000e+05
2.995850000000000000e+05
3.235860000000000000e+05
3.701850000000000000e+05
4.219740000000000000e+05
3.142190000000000000e+05
3.374830000000000000e+05
3.023390000000000000e+05
3.288730000000000000e+05
3.247950000000000000e+05
3.952330000000000000e+05
3.570460000000000000e+05
3.046140000000000000e+05
2.671590000000000000e+05
2.940580000000000000e+05
3.566440000000000000e+05
3.891800000000000000e+05
3.213930000000000000e+05
