4.785130000000000000e+05
4.939060000000000000e+05
4.100230000000000000e+05
5.188100000000000000e+05
4.829960000000000000e+05
4.570760000000000000e+05
5.246000000000000000e+05
4.072760000000000000e+05
3.887160000000000000e+05
3.715660000000000000e+05
4.401300000000000000e+05
2.661060000000000000e+05
5.477770000000000000e+05
4.264250000000000000e+05
3.262810000000000000e+05
4.381500000000000000e+05
4.786320000000000000e+05
4.101510000000000000e+05
3.695680000000000000e+05
4.998680000000000000e+05
4.188700000000000000e+05
4.680140000000000000e+05
4.406450000000000000e+05
4.207630000000000000e+05
3.947840000000000000e+05
4.110000000000000000e+05
4.928790000000000000e+05
4.937490000000000000e+05
3.777940000000000000e+05
3.477750000000000000e+05
4.635760000000000000e+05
3.961610000000000000e+05
3.936680000000000000e+05
3.347400000000000000e+05
4.869510000000000000e+05
5.576530000000000000e+05
5.106390000000000000e+05
3.710370000000000000e+05
3.745330000000000000e+05
3.453840000000000000e+05
4.284790000000000000e+05
3.989750000000000000e+05
5.520500000000000000e+05
4.804800000000000000e+05
3.412790000000000000e+05
3.258380000000000000e+05
4.593200000000000000e+05
4.879140000000000000e+05
5.086710000000000000e+05
5.099310000000000000e+05
