4.392160000000000000e+05
3.454340000000000000e+05
2.371550000000000000e+05
4.787970000000000000e+05
3.595060000000000000e+05
2.932840000000000000e+05
5.288150000000000000e+05
4.083660000000000000e+05
3.832580000000000000e+05
4.393280000000000000e+05
5.542060000000000000e+05
5.429780000000000000e+05
3.903730000000000000e+05
3.810980000000000000e+05
5.373780000000000000e+05
4.363040000000000000e+05
4.572360000000000000e+05
4.755170000000000000e+05
4.735140000000000000e+05
5.030000000000000000e+05
4.827410000000000000e+05
5.019110000000000000e+05
5.212990000000000000e+05
3.510670000000000000e+05
4.273980000000000000e+05
4.500850000000000000e+05
5.215780000000000000e+05
3.881020000000000000e+05
4.752280000000000000e+05
5.053070000000000000e+05
4.461520000000000000e+05
4.175240000000000000e+05
5.342910000000000000e+05
4.652990000000000000e+05
6.745180000000000000e+05
4.879560000000000000e+05
4.228080000000000000e+05
3.627430000000000000e+05
4.872600000000000000e+05
4.759930000000000000e+05
3.966150000000000000e+05
4.477370000000000000e+05
5.249040000000000000e+05
3.978580000000000000e+05
6.208200000000000000e+05
4.472810000000000000e+05
4.479880000000000000e+05
4.232140000000000000e+05
4.276110000000000000e+05
4.486460000000000000e+05
