1.306600000000000000e+04
5.482000000000000000e+03
1.355400000000000000e+04
3.021700000000000000e+04
2.822000000000000000e+04
1.977400000000000000e+04
1.587700000000000000e+04
1.692900000000000000e+04
5.347200000000000000e+04
1.135000000000000000e+03
4.861500000000000000e+04
4.406200000000000000e+04
1.991100000000000000e+04
3.329700000000000000e+04
3.946000000000000000e+03
1.179300000000000000e+04
2.222200000000000000e+04
7.450500000000000000e+04
1.445200000000000000e+04
5.686000000000000000e+03
5.187800000000000000e+04
1.507500000000000000e+04
5.868000000000000000e+03
6.847400000000000000e+04
1.339900000000000000e+04
4.882600000000000000e+04
1.756300000000000000e+04
1.813500000000000000e+04
8.049200000000000000e+04
5.959800000000000000e+04
6.297000000000000000e+03
2.516700000000000000e+04
1.306400000000000000e+04
1.836200000000000000e+04
8.063000000000000000e+03
2.110000000000000000e+02
2.670100000000000000e+04
2.176500000000000000e+04
2.702400000000000000e+04
3.920000000000000000e+02
7.814400000000000000e+04
2.020600000000000000e+04
2.286000000000000000e+03
5.304000000000000000e+03
2.478800000000000000e+04
3.440900000000000000e+04
2.775600000000000000e+04
2.544900000000000000e+04
4.903200000000000000e+04
1.139000000000000000e+04
