2.723500000000000000e+04
2.844000000000000000e+04
8.298000000000000000e+03
1.088300000000000000e+04
6.182800000000000000e+04
3.198800000000000000e+04
8.118000000000000000e+03
2.260400000000000000e+04
5.000900000000000000e+04
1.234600000000000000e+04
3.416200000000000000e+04
1.045900000000000000e+04
7.928000000000000000e+03
3.196000000000000000e+03
3.397000000000000000e+03
1.438500000000000000e+04
3.793800000000000000e+04
1.802400000000000000e+04
1.664000000000000000e+04
1.935300000000000000e+04
1.167450000000000000e+05
5.590000000000000000e+02
1.599200000000000000e+04
6.711500000000000000e+04
3.549100000000000000e+04
1.781000000000000000e+03
8.492000000000000000e+03
9.777000000000000000e+03
2.889300000000000000e+04
3.006700000000000000e+04
4.936000000000000000e+03
1.880500000000000000e+04
9.754000000000000000e+03
4.972800000000000000e+04
1.874300000000000000e+04
2.200700000000000000e+04
7.188000000000000000e+03
3.609600000000000000e+04
2.305200000000000000e+04
8.723000000000000000e+03
4.107000000000000000e+03
1.207700000000000000e+04
4.260000000000000000e+03
1.839000000000000000e+03
3.345000000000000000e+03
2.115900000000000000e+04
9.372000000000000000e+03
7.362000000000000000e+03
3.392900000000000000e+04
2.972700000000000000e+04
