4.924430000000000000e+05
4.931560000000000000e+05
4.994960000000000000e+05
5.050850000000000000e+05
4.937870000000000000e+05
4.937070000000000000e+05
6.898540000000000000e+05
5.118580000000000000e+05
4.828750000000000000e+05
4.260030000000000000e+05
5.371320000000000000e+05
3.353290000000000000e+05
4.481970000000000000e+05
4.806100000000000000e+05
5.255230000000000000e+05
5.020550000000000000e+05
5.259710000000000000e+05
4.031140000000000000e+05
4.738010000000000000e+05
5.323980000000000000e+05
5.406550000000000000e+05
5.138840000000000000e+05
4.594780000000000000e+05
5.979140000000000000e+05
7.142700000000000000e+05
6.180100000000000000e+05
5.533850000000000000e+05
5.486090000000000000e+05
3.196610000000000000e+05
4.773240000000000000e+05
5.814860000000000000e+05
5.610390000000000000e+05
5.605670000000000000e+05
4.347580000000000000e+05
5.472810000000000000e+05
6.412750000000000000e+05
5.822920000000000000e+05
5.349770000000000000e+05
5.574070000000000000e+05
5.922540000000000000e+05
4.685450000000000000e+05
5.300530000000000000e+05
5.172490000000000000e+05
6.107380000000000000e+05
4.394370000000000000e+05
4.762910000000000000e+05
5.144220000000000000e+05
4.979050000000000000e+05
5.641200000000000000e+05
6.012040000000000000e+05
