1.984440000000000000e+05
7.422200000000000000e+04
1.688440000000000000e+05
2.502000000000000000e+04
1.702790000000000000e+05
2.829490000000000000e+05
1.384110000000000000e+05
2.997400000000000000e+05
1.299390000000000000e+05
2.956960000000000000e+05
9.236700000000000000e+04
2.110860000000000000e+05
3.041850000000000000e+05
5.298900000000000000e+04
5.146500000000000000e+04
9.874800000000000000e+04
1.028130000000000000e+05
2.666650000000000000e+05
1.118090000000000000e+05
1.611720000000000000e+05
1.161100000000000000e+05
3.808290000000000000e+05
2.618660000000000000e+05
2.520600000000000000e+04
5.130300000000000000e+04
3.109150000000000000e+05
1.263450000000000000e+05
1.464650000000000000e+05
1.224420000000000000e+05
5.837400000000000000e+04
3.133840000000000000e+05
1.376790000000000000e+05
2.533230000000000000e+05
3.129740000000000000e+05
7.469100000000000000e+04
9.134900000000000000e+04
3.059440000000000000e+05
3.224100000000000000e+04
1.037940000000000000e+05
2.033780000000000000e+05
1.388120000000000000e+05
5.383400000000000000e+04
1.881410000000000000e+05
2.121630000000000000e+05
2.166370000000000000e+05
2.014010000000000000e+05
2.235550000000000000e+05
1.767060000000000000e+05
2.340550000000000000e+05
2.657480000000000000e+05
