4.531600000000000000e+05
4.682320000000000000e+05
2.987790000000000000e+05
4.523330000000000000e+05
3.821420000000000000e+05
4.775540000000000000e+05
4.477110000000000000e+05
3.943350000000000000e+05
2.739240000000000000e+05
3.614780000000000000e+05
4.000470000000000000e+05
3.815970000000000000e+05
3.841580000000000000e+05
4.618200000000000000e+05
3.781360000000000000e+05
4.163870000000000000e+05
4.807090000000000000e+05
3.397680000000000000e+05
2.249220000000000000e+05
3.226920000000000000e+05
2.202980000000000000e+05
4.292730000000000000e+05
1.445830000000000000e+05
3.086750000000000000e+05
2.932220000000000000e+05
3.863300000000000000e+05
3.729060000000000000e+05
3.626870000000000000e+05
3.685100000000000000e+05
4.292640000000000000e+05
4.133840000000000000e+05
4.830160000000000000e+05
5.009730000000000000e+05
5.005370000000000000e+05
2.714100000000000000e+05
4.059660000000000000e+05
4.282540000000000000e+05
3.093060000000000000e+05
2.220230000000000000e+05
3.407540000000000000e+05
3.378860000000000000e+05
3.038220000000000000e+05
3.776580000000000000e+05
3.268510000000000000e+05
4.662060000000000000e+05
2.512210000000000000e+05
2.356680000000000000e+05
1.947450000000000000e+05
4.742590000000000000e+05
2.972540000000000000e+05
