4.134560000000000000e+05
2.476910000000000000e+05
2.991790000000000000e+05
3.812190000000000000e+05
3.457850000000000000e+05
3.266920000000000000e+05
3.471160000000000000e+05
3.615020000000000000e+05
3.502010000000000000e+05
4.660350000000000000e+05
4.421680000000000000e+05
3.722640000000000000e+05
3.896740000000000000e+05
3.231420000000000000e+05
3.619760000000000000e+05
2.723400000000000000e+05
3.652170000000000000e+05
3.557180000000000000e+05
3.499420000000000000e+05
2.234430000000000000e+05
4.261830000000000000e+05
4.434050000000000000e+05
3.278200000000000000e+05
4.472520000000000000e+05
4.026180000000000000e+05
7.720800000000000000e+04
3.649630000000000000e+05
2.766350000000000000e+05
4.586600000000000000e+05
1.290400000000000000e+05
3.770850000000000000e+05
3.275980000000000000e+05
4.099620000000000000e+05
4.117110000000000000e+05
2.501120000000000000e+05
4.265080000000000000e+05
3.725220000000000000e+05
3.222540000000000000e+05
3.236320000000000000e+05
3.838540000000000000e+05
3.918240000000000000e+05
3.014740000000000000e+05
3.420950000000000000e+05
3.117540000000000000e+05
3.135420000000000000e+05
2.122000000000000000e+05
3.166860000000000000e+05
4.359070000000000000e+05
4.018510000000000000e+05
2.621420000000000000e+05
