4.234570000000000000e+05
4.439810000000000000e+05
4.349000000000000000e+05
4.275610000000000000e+05
4.507810000000000000e+05
3.031460000000000000e+05
4.621120000000000000e+05
3.577730000000000000e+05
3.199460000000000000e+05
3.498080000000000000e+05
4.545680000000000000e+05
4.899120000000000000e+05
3.690120000000000000e+05
3.237010000000000000e+05
4.525040000000000000e+05
3.399230000000000000e+05
3.066840000000000000e+05
4.023320000000000000e+05
5.090030000000000000e+05
4.622060000000000000e+05
2.558070000000000000e+05
4.637750000000000000e+05
4.475050000000000000e+05
4.368200000000000000e+05
3.828680000000000000e+05
4.009200000000000000e+05
4.312050000000000000e+05
3.722750000000000000e+05
3.798130000000000000e+05
3.786990000000000000e+05
3.487280000000000000e+05
2.639500000000000000e+05
3.978530000000000000e+05
4.357160000000000000e+05
3.899680000000000000e+05
4.321020000000000000e+05
4.005520000000000000e+05
2.536120000000000000e+05
4.340000000000000000e+05
4.169900000000000000e+05
3.171640000000000000e+05
4.186240000000000000e+05
4.295860000000000000e+05
3.230600000000000000e+05
4.382300000000000000e+05
4.834430000000000000e+05
4.053230000000000000e+05
3.443170000000000000e+05
3.347980000000000000e+05
4.554390000000000000e+05
