5.568110000000000000e+05
5.103210000000000000e+05
5.745370000000000000e+05
4.549480000000000000e+05
5.889990000000000000e+05
5.091630000000000000e+05
5.602980000000000000e+05
5.486680000000000000e+05
5.264090000000000000e+05
2.086030000000000000e+05
5.990740000000000000e+05
4.418840000000000000e+05
4.486430000000000000e+05
4.846570000000000000e+05
4.482700000000000000e+05
4.172370000000000000e+05
5.398960000000000000e+05
3.991930000000000000e+05
4.335740000000000000e+05
4.230280000000000000e+05
5.603790000000000000e+05
4.519330000000000000e+05
4.289770000000000000e+05
4.419990000000000000e+05
5.745840000000000000e+05
4.293970000000000000e+05
4.407300000000000000e+05
5.007860000000000000e+05
4.698560000000000000e+05
4.741270000000000000e+05
4.860480000000000000e+05
4.953020000000000000e+05
5.358260000000000000e+05
4.919540000000000000e+05
5.106840000000000000e+05
7.480610000000000000e+05
4.875560000000000000e+05
5.362850000000000000e+05
4.409260000000000000e+05
5.048050000000000000e+05
3.279520000000000000e+05
4.480270000000000000e+05
5.078610000000000000e+05
5.492880000000000000e+05
5.183800000000000000e+05
3.751760000000000000e+05
5.873480000000000000e+05
5.560750000000000000e+05
4.897030000000000000e+05
6.305330000000000000e+05
