9.239800000000000000e+04
1.759980000000000000e+05
1.397900000000000000e+05
9.796300000000000000e+04
2.215880000000000000e+05
1.053360000000000000e+05
5.628700000000000000e+04
1.318150000000000000e+05
8.737100000000000000e+04
8.020500000000000000e+04
1.438930000000000000e+05
1.151830000000000000e+05
2.437000000000000000e+04
5.250700000000000000e+04
7.121300000000000000e+04
1.204790000000000000e+05
7.524500000000000000e+04
8.706400000000000000e+04
8.414700000000000000e+04
8.030100000000000000e+04
8.503800000000000000e+04
9.755200000000000000e+04
1.758590000000000000e+05
2.097980000000000000e+05
1.001930000000000000e+05
1.961090000000000000e+05
1.044260000000000000e+05
2.468800000000000000e+04
4.028900000000000000e+04
8.069900000000000000e+04
1.421950000000000000e+05
1.228030000000000000e+05
1.478690000000000000e+05
9.377900000000000000e+04
8.551100000000000000e+04
1.024390000000000000e+05
1.088270000000000000e+05
1.563320000000000000e+05
3.561000000000000000e+04
4.510900000000000000e+04
8.240900000000000000e+04
8.760100000000000000e+04
2.148200000000000000e+04
2.090750000000000000e+05
1.006940000000000000e+05
1.193700000000000000e+04
5.753800000000000000e+04
7.936700000000000000e+04
1.187070000000000000e+05
2.009430000000000000e+05
