5.873200000000000000e+04
4.559800000000000000e+04
4.527100000000000000e+04
4.943800000000000000e+04
4.495700000000000000e+04
5.765500000000000000e+04
4.796400000000000000e+04
4.716800000000000000e+04
5.478500000000000000e+04
4.634300000000000000e+04
5.475700000000000000e+04
4.468400000000000000e+04
5.321600000000000000e+04
5.041500000000000000e+04
4.284800000000000000e+04
5.143900000000000000e+04
4.391000000000000000e+04
5.941400000000000000e+04
4.647800000000000000e+04
4.085700000000000000e+04
5.006400000000000000e+04
5.828100000000000000e+04
4.783400000000000000e+04
4.406100000000000000e+04
6.347500000000000000e+04
5.085000000000000000e+04
4.104600000000000000e+04
4.111300000000000000e+04
4.053800000000000000e+04
4.496000000000000000e+04
4.866600000000000000e+04
4.456000000000000000e+04
4.121700000000000000e+04
5.821300000000000000e+04
5.379200000000000000e+04
4.887300000000000000e+04
4.650000000000000000e+04
4.355500000000000000e+04
5.102700000000000000e+04
3.447200000000000000e+04
5.764100000000000000e+04
5.669800000000000000e+04
4.776900000000000000e+04
4.208700000000000000e+04
4.111800000000000000e+04
5.083300000000000000e+04
5.528800000000000000e+04
5.518200000000000000e+04
4.533800000000000000e+04
3.876100000000000000e+04
