6.452400000000000000e+04
4.986000000000000000e+04
4.704800000000000000e+04
6.049000000000000000e+04
4.585700000000000000e+04
5.709500000000000000e+04
5.301100000000000000e+04
4.619600000000000000e+04
4.590400000000000000e+04
5.458300000000000000e+04
7.827200000000000000e+04
7.144200000000000000e+04
6.089000000000000000e+04
5.417600000000000000e+04
5.183800000000000000e+04
6.622000000000000000e+04
5.106900000000000000e+04
4.899700000000000000e+04
5.268400000000000000e+04
5.663100000000000000e+04
5.452300000000000000e+04
6.240600000000000000e+04
5.333500000000000000e+04
5.708400000000000000e+04
6.065600000000000000e+04
4.947400000000000000e+04
4.913300000000000000e+04
4.662800000000000000e+04
5.698000000000000000e+04
5.227000000000000000e+04
5.125000000000000000e+04
5.299300000000000000e+04
5.452900000000000000e+04
5.614100000000000000e+04
5.708300000000000000e+04
6.161300000000000000e+04
4.324700000000000000e+04
5.784400000000000000e+04
6.659200000000000000e+04
5.052200000000000000e+04
6.826700000000000000e+04
5.991200000000000000e+04
6.790200000000000000e+04
6.355800000000000000e+04
6.042400000000000000e+04
5.232400000000000000e+04
5.190800000000000000e+04
6.453300000000000000e+04
5.501600000000000000e+04
6.494200000000000000e+04
