3.156280000000000000e+05
3.142400000000000000e+05
2.012010000000000000e+05
2.302480000000000000e+05
9.367500000000000000e+04
1.715740000000000000e+05
2.463800000000000000e+05
2.960960000000000000e+05
2.686190000000000000e+05
2.778850000000000000e+05
2.656630000000000000e+05
2.251820000000000000e+05
1.656850000000000000e+05
3.019540000000000000e+05
2.699130000000000000e+05
1.892820000000000000e+05
2.595130000000000000e+05
2.675310000000000000e+05
1.800930000000000000e+05
2.929260000000000000e+05
3.169110000000000000e+05
1.781770000000000000e+05
2.860140000000000000e+05
1.779880000000000000e+05
2.991100000000000000e+05
2.504310000000000000e+05
3.025450000000000000e+05
2.348830000000000000e+05
2.837700000000000000e+05
1.857220000000000000e+05
2.838400000000000000e+05
2.876670000000000000e+05
2.679950000000000000e+05
2.227660000000000000e+05
1.690380000000000000e+05
1.149290000000000000e+05
3.541050000000000000e+05
2.908860000000000000e+05
3.443400000000000000e+05
2.286710000000000000e+05
3.152440000000000000e+05
3.117930000000000000e+05
7.237400000000000000e+04
1.875770000000000000e+05
2.500170000000000000e+05
2.574630000000000000e+05
2.755640000000000000e+05
2.685340000000000000e+05
3.405060000000000000e+05
3.572570000000000000e+05
