3.251200000000000000e+05
2.807550000000000000e+05
3.666870000000000000e+05
3.458050000000000000e+05
3.934270000000000000e+05
3.147230000000000000e+05
3.307950000000000000e+05
2.838780000000000000e+05
3.194510000000000000e+05
2.948710000000000000e+05
3.304480000000000000e+05
2.784540000000000000e+05
2.983470000000000000e+05
2.892030000000000000e+05
3.257090000000000000e+05
3.430450000000000000e+05
3.739900000000000000e+05
3.589740000000000000e+05
3.592030000000000000e+05
2.913210000000000000e+05
3.643860000000000000e+05
3.254320000000000000e+05
3.190290000000000000e+05
3.586180000000000000e+05
3.367030000000000000e+05
3.891200000000000000e+05
3.287790000000000000e+05
3.696090000000000000e+05
3.650030000000000000e+05
3.105960000000000000e+05
3.390830000000000000e+05
3.307470000000000000e+05
3.140030000000000000e+05
3.146410000000000000e+05
3.506210000000000000e+05
3.212090000000000000e+05
3.393870000000000000e+05
3.861200000000000000e+05
3.462470000000000000e+05
2.799920000000000000e+05
3.601580000000000000e+05
3.363300000000000000e+05
3.330910000000000000e+05
3.051760000000000000e+05
2.803330000000000000e+05
3.173250000000000000e+05
3.830240000000000000e+05
2.402030000000000000e+05
4.038460000000000000e+05
3.224410000000000000e+05
