3.304680000000000000e+05
2.920880000000000000e+05
3.794860000000000000e+05
3.744380000000000000e+05
3.370650000000000000e+05
3.203250000000000000e+05
3.496160000000000000e+05
3.478180000000000000e+05
3.188980000000000000e+05
3.751190000000000000e+05
2.473840000000000000e+05
2.938420000000000000e+05
3.629850000000000000e+05
2.510010000000000000e+05
3.927120000000000000e+05
4.410390000000000000e+05
3.203110000000000000e+05
4.454830000000000000e+05
3.605890000000000000e+05
3.393750000000000000e+05
2.843470000000000000e+05
3.827760000000000000e+05
3.914550000000000000e+05
3.540240000000000000e+05
3.580220000000000000e+05
4.215480000000000000e+05
3.882460000000000000e+05
3.336870000000000000e+05
4.616750000000000000e+05
4.253450000000000000e+05
3.758420000000000000e+05
3.498720000000000000e+05
2.501750000000000000e+05
4.156270000000000000e+05
3.282870000000000000e+05
3.221140000000000000e+05
4.362390000000000000e+05
3.628310000000000000e+05
3.020780000000000000e+05
4.404680000000000000e+05
3.759240000000000000e+05
2.927980000000000000e+05
3.903300000000000000e+05
4.031440000000000000e+05
4.068980000000000000e+05
3.191720000000000000e+05
3.843800000000000000e+05
3.263240000000000000e+05
3.452950000000000000e+05
2.538620000000000000e+05
