3.180550000000000000e+05
2.841720000000000000e+05
3.112740000000000000e+05
3.030930000000000000e+05
2.725210000000000000e+05
2.582730000000000000e+05
3.326760000000000000e+05
2.907670000000000000e+05
3.316140000000000000e+05
2.625820000000000000e+05
2.144380000000000000e+05
2.526980000000000000e+05
2.802850000000000000e+05
2.687740000000000000e+05
2.780730000000000000e+05
3.795060000000000000e+05
3.844580000000000000e+05
3.299300000000000000e+05
2.683840000000000000e+05
3.851870000000000000e+05
3.043360000000000000e+05
3.444700000000000000e+05
3.556300000000000000e+05
2.862210000000000000e+05
3.438070000000000000e+05
3.180730000000000000e+05
2.133210000000000000e+05
3.015020000000000000e+05
3.190580000000000000e+05
2.648440000000000000e+05
2.867870000000000000e+05
3.639290000000000000e+05
2.457430000000000000e+05
2.834680000000000000e+05
2.832880000000000000e+05
2.572550000000000000e+05
3.731720000000000000e+05
2.309350000000000000e+05
2.948350000000000000e+05
2.616630000000000000e+05
2.964780000000000000e+05
3.070610000000000000e+05
2.812820000000000000e+05
2.979380000000000000e+05
3.110070000000000000e+05
3.338770000000000000e+05
3.700250000000000000e+05
2.848500000000000000e+05
2.903420000000000000e+05
3.802660000000000000e+05
