3.647000000000000000e+03
1.793900000000000000e+04
1.491600000000000000e+04
1.849200000000000000e+04
1.186300000000000000e+04
7.054000000000000000e+03
8.136000000000000000e+03
2.327400000000000000e+04
2.163000000000000000e+04
1.586400000000000000e+04
1.594400000000000000e+04
9.336000000000000000e+03
1.177500000000000000e+04
1.855400000000000000e+04
6.607000000000000000e+03
1.316900000000000000e+04
8.649000000000000000e+03
1.545400000000000000e+04
1.182700000000000000e+04
1.149800000000000000e+04
7.513000000000000000e+03
7.863000000000000000e+03
2.020600000000000000e+04
9.410000000000000000e+03
1.772100000000000000e+04
1.312800000000000000e+04
1.569800000000000000e+04
1.560000000000000000e+04
1.188400000000000000e+04
2.568500000000000000e+04
8.432000000000000000e+03
2.882900000000000000e+04
1.110400000000000000e+04
7.193000000000000000e+03
2.182600000000000000e+04
1.565900000000000000e+04
1.478800000000000000e+04
1.118700000000000000e+04
2.617700000000000000e+04
3.480800000000000000e+04
2.073700000000000000e+04
1.288600000000000000e+04
1.399600000000000000e+04
1.112600000000000000e+04
1.851800000000000000e+04
2.492600000000000000e+04
5.760000000000000000e+03
3.004500000000000000e+04
1.036200000000000000e+04
1.838500000000000000e+04
