6.510200000000000000e+04
5.366100000000000000e+04
2.989700000000000000e+04
4.331000000000000000e+04
7.379000000000000000e+04
6.481300000000000000e+04
7.285600000000000000e+04
5.102000000000000000e+04
2.873600000000000000e+04
3.881500000000000000e+04
3.252800000000000000e+04
2.861400000000000000e+04
6.796900000000000000e+04
4.134500000000000000e+04
3.127400000000000000e+04
9.260800000000000000e+04
8.172400000000000000e+04
5.401000000000000000e+03
7.207000000000000000e+04
9.123600000000000000e+04
4.053800000000000000e+04
5.678400000000000000e+04
4.598600000000000000e+04
4.740600000000000000e+04
7.391100000000000000e+04
3.758800000000000000e+04
8.161700000000000000e+04
3.377700000000000000e+04
5.577300000000000000e+04
4.275200000000000000e+04
7.821500000000000000e+04
2.547300000000000000e+04
5.252700000000000000e+04
7.385800000000000000e+04
3.586700000000000000e+04
2.983800000000000000e+04
7.182300000000000000e+04
3.102100000000000000e+04
1.447000000000000000e+04
8.353700000000000000e+04
5.469000000000000000e+04
4.523600000000000000e+04
2.806500000000000000e+04
4.612300000000000000e+04
4.958400000000000000e+04
3.011000000000000000e+04
6.201700000000000000e+04
6.186100000000000000e+04
5.756600000000000000e+04
4.333500000000000000e+04
