4.668000000000000000e+04
3.782900000000000000e+04
1.979800000000000000e+04
4.988300000000000000e+04
6.319900000000000000e+04
6.774300000000000000e+04
4.518400000000000000e+04
4.981300000000000000e+04
2.045500000000000000e+04
1.768100000000000000e+04
4.705500000000000000e+04
3.911100000000000000e+04
6.155700000000000000e+04
3.994200000000000000e+04
3.316600000000000000e+04
4.434200000000000000e+04
6.619200000000000000e+04
2.602500000000000000e+04
2.891200000000000000e+04
2.550000000000000000e+04
3.647300000000000000e+04
4.877200000000000000e+04
2.163500000000000000e+04
4.848400000000000000e+04
4.937300000000000000e+04
4.694900000000000000e+04
5.936800000000000000e+04
4.292800000000000000e+04
3.725200000000000000e+04
2.078700000000000000e+04
6.148700000000000000e+04
3.313700000000000000e+04
2.708800000000000000e+04
5.267600000000000000e+04
3.414500000000000000e+04
4.296000000000000000e+04
3.757300000000000000e+04
1.273300000000000000e+04
3.842900000000000000e+04
4.753300000000000000e+04
3.075000000000000000e+04
5.420100000000000000e+04
3.206200000000000000e+04
5.896100000000000000e+04
5.179900000000000000e+04
4.789000000000000000e+04
4.913500000000000000e+04
5.720100000000000000e+04
4.763900000000000000e+04
5.268000000000000000e+04
