8.214200000000000000e+04
7.449600000000000000e+04
6.370600000000000000e+04
9.537000000000000000e+04
9.427200000000000000e+04
8.498500000000000000e+04
7.010500000000000000e+04
8.378200000000000000e+04
1.297350000000000000e+05
7.740600000000000000e+04
7.852000000000000000e+04
9.083600000000000000e+04
8.358300000000000000e+04
6.142800000000000000e+04
6.774400000000000000e+04
9.807000000000000000e+04
9.198100000000000000e+04
9.543900000000000000e+04
6.320700000000000000e+04
8.284600000000000000e+04
9.964500000000000000e+04
9.598900000000000000e+04
6.413900000000000000e+04
6.684300000000000000e+04
7.777000000000000000e+04
8.287700000000000000e+04
7.652500000000000000e+04
9.030300000000000000e+04
8.097600000000000000e+04
1.010690000000000000e+05
9.568000000000000000e+04
4.094900000000000000e+04
1.027760000000000000e+05
1.081210000000000000e+05
5.572200000000000000e+04
5.097100000000000000e+04
8.692700000000000000e+04
9.069100000000000000e+04
7.430400000000000000e+04
9.206200000000000000e+04
8.801900000000000000e+04
6.098500000000000000e+04
1.229570000000000000e+05
8.433200000000000000e+04
4.796800000000000000e+04
8.096100000000000000e+04
8.758300000000000000e+04
8.590000000000000000e+04
1.080220000000000000e+05
6.449100000000000000e+04
