1.899570000000000000e+05
1.452240000000000000e+05
4.248580000000000000e+05
7.749400000000000000e+04
3.603490000000000000e+05
1.947730000000000000e+05
6.656400000000000000e+04
4.481940000000000000e+05
4.268160000000000000e+05
3.620270000000000000e+05
2.986350000000000000e+05
3.382850000000000000e+05
8.263400000000000000e+04
1.279680000000000000e+05
3.602070000000000000e+05
2.077910000000000000e+05
1.770950000000000000e+05
3.550940000000000000e+05
3.705230000000000000e+05
2.929840000000000000e+05
3.749560000000000000e+05
3.742180000000000000e+05
4.648200000000000000e+05
1.073200000000000000e+05
3.569740000000000000e+05
2.176590000000000000e+05
5.044470000000000000e+05
3.475920000000000000e+05
4.590060000000000000e+05
2.615280000000000000e+05
3.586810000000000000e+05
2.865060000000000000e+05
1.861050000000000000e+05
3.665380000000000000e+05
4.115220000000000000e+05
1.797380000000000000e+05
4.039270000000000000e+05
2.773030000000000000e+05
3.212400000000000000e+05
1.792960000000000000e+05
1.744910000000000000e+05
3.012300000000000000e+05
4.741360000000000000e+05
3.956120000000000000e+05
1.773750000000000000e+05
2.097460000000000000e+05
3.337950000000000000e+05
4.110000000000000000e+05
1.587260000000000000e+05
3.565770000000000000e+05
