5.811380000000000000e+05
5.565620000000000000e+05
5.989680000000000000e+05
6.180450000000000000e+05
5.764830000000000000e+05
5.663420000000000000e+05
5.432900000000000000e+05
5.018040000000000000e+05
5.487660000000000000e+05
6.327140000000000000e+05
6.407290000000000000e+05
5.519940000000000000e+05
6.189870000000000000e+05
6.040750000000000000e+05
5.924230000000000000e+05
5.708790000000000000e+05
6.171990000000000000e+05
5.773330000000000000e+05
5.729400000000000000e+05
5.453400000000000000e+05
5.857390000000000000e+05
6.092290000000000000e+05
6.004010000000000000e+05
5.278200000000000000e+05
5.951360000000000000e+05
4.599800000000000000e+05
6.021480000000000000e+05
6.157670000000000000e+05
5.381570000000000000e+05
5.792900000000000000e+05
6.190430000000000000e+05
5.010170000000000000e+05
5.894180000000000000e+05
5.761310000000000000e+05
5.540490000000000000e+05
5.098210000000000000e+05
5.562880000000000000e+05
5.322500000000000000e+05
5.723800000000000000e+05
6.250750000000000000e+05
5.554840000000000000e+05
5.094400000000000000e+05
5.101920000000000000e+05
5.776000000000000000e+05
5.505180000000000000e+05
5.963430000000000000e+05
5.381540000000000000e+05
5.791760000000000000e+05
5.961950000000000000e+05
6.127630000000000000e+05
