5.908660000000000000e+05
4.175480000000000000e+05
4.955220000000000000e+05
4.955350000000000000e+05
4.733960000000000000e+05
5.507120000000000000e+05
5.477320000000000000e+05
5.459890000000000000e+05
5.162600000000000000e+05
5.375680000000000000e+05
5.508850000000000000e+05
5.390930000000000000e+05
4.726280000000000000e+05
4.455120000000000000e+05
5.575780000000000000e+05
5.248530000000000000e+05
4.948620000000000000e+05
5.882150000000000000e+05
4.989590000000000000e+05
6.338260000000000000e+05
5.370780000000000000e+05
4.419260000000000000e+05
4.483010000000000000e+05
5.716900000000000000e+05
4.636380000000000000e+05
5.253550000000000000e+05
5.634750000000000000e+05
4.903470000000000000e+05
5.978840000000000000e+05
5.480250000000000000e+05
5.301950000000000000e+05
5.804080000000000000e+05
5.861730000000000000e+05
4.959870000000000000e+05
5.083070000000000000e+05
4.943900000000000000e+05
5.903870000000000000e+05
4.654160000000000000e+05
5.727160000000000000e+05
5.900330000000000000e+05
4.651250000000000000e+05
5.974200000000000000e+05
5.974200000000000000e+05
5.533450000000000000e+05
5.152750000000000000e+05
4.373340000000000000e+05
5.623740000000000000e+05
5.522670000000000000e+05
4.628530000000000000e+05
5.188370000000000000e+05
