9.537000000000000000e+03
3.895310000000000000e+05
4.622870000000000000e+05
2.922450000000000000e+05
3.771650000000000000e+05
4.444090000000000000e+05
3.970490000000000000e+05
2.845330000000000000e+05
3.733630000000000000e+05
3.296990000000000000e+05
3.689910000000000000e+05
3.520990000000000000e+05
5.165320000000000000e+05
9.427100000000000000e+04
2.692900000000000000e+04
1.369120000000000000e+05
4.176400000000000000e+04
5.217890000000000000e+05
8.224900000000000000e+04
2.530960000000000000e+05
2.814690000000000000e+05
2.333400000000000000e+05
8.315300000000000000e+04
9.548000000000000000e+04
3.320790000000000000e+05
1.330710000000000000e+05
2.101000000000000000e+05
4.933060000000000000e+05
4.033730000000000000e+05
1.231200000000000000e+05
3.036230000000000000e+05
4.376250000000000000e+05
4.294000000000000000e+04
1.268740000000000000e+05
3.408600000000000000e+05
5.508800000000000000e+05
2.246270000000000000e+05
1.413710000000000000e+05
1.529010000000000000e+05
9.971500000000000000e+04
7.559900000000000000e+04
2.232700000000000000e+05
4.246160000000000000e+05
2.833400000000000000e+05
4.612610000000000000e+05
2.115160000000000000e+05
3.635300000000000000e+05
1.083370000000000000e+05
1.766620000000000000e+05
2.074250000000000000e+05
