4.866630000000000000e+05
5.507110000000000000e+05
5.246120000000000000e+05
5.321470000000000000e+05
5.566890000000000000e+05
5.382420000000000000e+05
5.261320000000000000e+05
4.870630000000000000e+05
5.114120000000000000e+05
4.781850000000000000e+05
5.309210000000000000e+05
5.372850000000000000e+05
4.896410000000000000e+05
5.649930000000000000e+05
5.250490000000000000e+05
5.266580000000000000e+05
5.225380000000000000e+05
5.094930000000000000e+05
5.576890000000000000e+05
4.766960000000000000e+05
5.461760000000000000e+05
4.983030000000000000e+05
5.035930000000000000e+05
5.647330000000000000e+05
5.986710000000000000e+05
4.750960000000000000e+05
5.312840000000000000e+05
6.018150000000000000e+05
4.145660000000000000e+05
4.780260000000000000e+05
5.282410000000000000e+05
6.085810000000000000e+05
4.009630000000000000e+05
5.376770000000000000e+05
4.943860000000000000e+05
4.695390000000000000e+05
5.979260000000000000e+05
4.101440000000000000e+05
5.187710000000000000e+05
5.093480000000000000e+05
4.876160000000000000e+05
5.794440000000000000e+05
5.582170000000000000e+05
4.858010000000000000e+05
4.967750000000000000e+05
5.145880000000000000e+05
4.778910000000000000e+05
4.911420000000000000e+05
6.020250000000000000e+05
4.577950000000000000e+05
