5.785910000000000000e+05
5.850620000000000000e+05
5.870920000000000000e+05
6.023840000000000000e+05
6.013720000000000000e+05
6.522130000000000000e+05
6.027110000000000000e+05
4.826420000000000000e+05
6.277580000000000000e+05
5.753300000000000000e+05
6.652900000000000000e+05
5.778400000000000000e+05
6.468290000000000000e+05
5.887580000000000000e+05
6.178440000000000000e+05
5.254900000000000000e+05
6.008090000000000000e+05
5.754780000000000000e+05
5.777110000000000000e+05
5.458290000000000000e+05
5.990250000000000000e+05
5.925050000000000000e+05
5.857400000000000000e+05
6.245910000000000000e+05
5.616540000000000000e+05
6.082460000000000000e+05
5.991290000000000000e+05
6.376980000000000000e+05
5.885910000000000000e+05
5.684380000000000000e+05
5.393200000000000000e+05
6.675780000000000000e+05
5.434590000000000000e+05
5.736250000000000000e+05
6.216110000000000000e+05
6.277620000000000000e+05
5.465840000000000000e+05
5.757430000000000000e+05
5.894920000000000000e+05
6.246110000000000000e+05
5.744370000000000000e+05
5.925050000000000000e+05
6.126440000000000000e+05
5.568070000000000000e+05
6.011950000000000000e+05
5.247330000000000000e+05
6.285520000000000000e+05
5.823560000000000000e+05
5.738390000000000000e+05
5.915680000000000000e+05
