1.039530000000000000e+05
3.764000000000000000e+04
2.687660000000000000e+05
5.377400000000000000e+04
3.850200000000000000e+04
1.595000000000000000e+04
3.066300000000000000e+04
7.612900000000000000e+04
1.435980000000000000e+05
8.023000000000000000e+04
8.628600000000000000e+04
1.534530000000000000e+05
1.457150000000000000e+05
1.300070000000000000e+05
2.145600000000000000e+04
5.966200000000000000e+04
2.126540000000000000e+05
6.787200000000000000e+04
2.394200000000000000e+04
9.558700000000000000e+04
1.345280000000000000e+05
4.430100000000000000e+04
1.514370000000000000e+05
6.526800000000000000e+04
1.121780000000000000e+05
1.665580000000000000e+05
3.399500000000000000e+04
3.879000000000000000e+04
1.223600000000000000e+04
4.015600000000000000e+04
1.476310000000000000e+05
4.104000000000000000e+04
1.444040000000000000e+05
5.083000000000000000e+03
3.017100000000000000e+04
1.233900000000000000e+05
4.384000000000000000e+03
3.154550000000000000e+05
5.301900000000000000e+04
7.738800000000000000e+04
3.680500000000000000e+04
5.151900000000000000e+04
1.206220000000000000e+05
1.971760000000000000e+05
4.012000000000000000e+04
1.235000000000000000e+04
1.031100000000000000e+04
5.745100000000000000e+04
1.488120000000000000e+05
6.773300000000000000e+04
