6.020050000000000000e+05
6.661850000000000000e+05
5.985940000000000000e+05
6.067160000000000000e+05
6.262430000000000000e+05
7.074280000000000000e+05
6.443390000000000000e+05
6.071270000000000000e+05
6.668540000000000000e+05
6.034950000000000000e+05
6.824480000000000000e+05
6.133170000000000000e+05
6.648880000000000000e+05
6.059760000000000000e+05
6.005640000000000000e+05
5.954880000000000000e+05
5.732820000000000000e+05
6.542710000000000000e+05
6.853550000000000000e+05
5.560570000000000000e+05
6.091590000000000000e+05
6.493280000000000000e+05
6.917900000000000000e+05
6.215130000000000000e+05
6.504560000000000000e+05
6.614910000000000000e+05
6.390070000000000000e+05
6.130760000000000000e+05
6.043610000000000000e+05
5.743690000000000000e+05
6.182040000000000000e+05
6.576720000000000000e+05
6.498470000000000000e+05
6.521760000000000000e+05
6.196870000000000000e+05
6.141110000000000000e+05
6.161080000000000000e+05
5.890410000000000000e+05
6.803560000000000000e+05
6.375530000000000000e+05
6.947810000000000000e+05
6.432320000000000000e+05
6.101450000000000000e+05
6.078100000000000000e+05
6.427120000000000000e+05
5.691350000000000000e+05
7.144820000000000000e+05
6.049310000000000000e+05
5.774500000000000000e+05
6.426200000000000000e+05
