3.920130000000000000e+05
4.027320000000000000e+05
4.598820000000000000e+05
1.918690000000000000e+05
4.683740000000000000e+05
3.413470000000000000e+05
4.961990000000000000e+05
4.878160000000000000e+05
3.955600000000000000e+05
5.452780000000000000e+05
5.445010000000000000e+05
4.557250000000000000e+05
4.468160000000000000e+05
5.111490000000000000e+05
5.384030000000000000e+05
5.146280000000000000e+05
4.203670000000000000e+05
5.270370000000000000e+05
3.655790000000000000e+05
2.926010000000000000e+05
1.296800000000000000e+05
5.077080000000000000e+05
3.411620000000000000e+05
5.369520000000000000e+05
4.776710000000000000e+05
3.812760000000000000e+05
5.125590000000000000e+05
4.281150000000000000e+05
5.256670000000000000e+05
3.610550000000000000e+05
4.764310000000000000e+05
5.737250000000000000e+05
1.874830000000000000e+05
2.883110000000000000e+05
5.182800000000000000e+05
5.897990000000000000e+05
5.640900000000000000e+05
4.806940000000000000e+05
5.457620000000000000e+05
4.067090000000000000e+05
5.305220000000000000e+05
3.559650000000000000e+05
4.618570000000000000e+05
5.086660000000000000e+05
4.072190000000000000e+05
4.735320000000000000e+05
4.616390000000000000e+05
4.343660000000000000e+05
4.139440000000000000e+05
3.738510000000000000e+05
