5.217220000000000000e+05
6.004860000000000000e+05
5.277630000000000000e+05
6.218850000000000000e+05
5.625780000000000000e+05
5.723120000000000000e+05
5.281340000000000000e+05
5.137410000000000000e+05
5.445750000000000000e+05
6.488710000000000000e+05
5.568800000000000000e+05
5.240970000000000000e+05
6.059670000000000000e+05
5.322660000000000000e+05
5.362830000000000000e+05
5.362830000000000000e+05
6.238560000000000000e+05
5.935480000000000000e+05
6.400860000000000000e+05
5.659070000000000000e+05
6.797470000000000000e+05
6.379010000000000000e+05
5.968630000000000000e+05
6.456300000000000000e+05
6.593290000000000000e+05
5.344550000000000000e+05
6.106790000000000000e+05
5.411000000000000000e+05
5.545070000000000000e+05
5.782570000000000000e+05
6.079920000000000000e+05
5.982770000000000000e+05
5.542030000000000000e+05
5.461620000000000000e+05
5.781750000000000000e+05
5.621850000000000000e+05
5.714100000000000000e+05
6.497920000000000000e+05
5.939960000000000000e+05
6.783880000000000000e+05
5.467430000000000000e+05
4.921420000000000000e+05
4.627710000000000000e+05
5.522830000000000000e+05
5.974740000000000000e+05
6.420450000000000000e+05
4.803800000000000000e+05
6.063520000000000000e+05
6.378130000000000000e+05
6.533370000000000000e+05
