6.907130000000000000e+05
9.131910000000000000e+05
7.421490000000000000e+05
7.341520000000000000e+05
8.260050000000000000e+05
8.907490000000000000e+05
7.609530000000000000e+05
7.983490000000000000e+05
8.469380000000000000e+05
9.206490000000000000e+05
7.056670000000000000e+05
8.562200000000000000e+05
8.132890000000000000e+05
7.192770000000000000e+05
7.879750000000000000e+05
7.504820000000000000e+05
7.988240000000000000e+05
7.800740000000000000e+05
7.453710000000000000e+05
7.137490000000000000e+05
7.291960000000000000e+05
7.625620000000000000e+05
8.804040000000000000e+05
7.470670000000000000e+05
7.866980000000000000e+05
7.616020000000000000e+05
8.694230000000000000e+05
7.452840000000000000e+05
8.034620000000000000e+05
8.657120000000000000e+05
9.149720000000000000e+05
7.598200000000000000e+05
6.879830000000000000e+05
8.465690000000000000e+05
8.158260000000000000e+05
8.617980000000000000e+05
8.176880000000000000e+05
7.725540000000000000e+05
8.153050000000000000e+05
8.380060000000000000e+05
7.533480000000000000e+05
7.324740000000000000e+05
7.584520000000000000e+05
7.779230000000000000e+05
8.624860000000000000e+05
8.426070000000000000e+05
7.434420000000000000e+05
7.390400000000000000e+05
7.063610000000000000e+05
7.967680000000000000e+05
