6.413070000000000000e+05
7.420620000000000000e+05
7.256600000000000000e+05
6.920920000000000000e+05
8.063960000000000000e+05
6.823050000000000000e+05
7.392090000000000000e+05
7.090800000000000000e+05
7.193770000000000000e+05
7.067120000000000000e+05
6.865850000000000000e+05
7.790350000000000000e+05
7.146710000000000000e+05
7.686720000000000000e+05
7.239980000000000000e+05
7.023400000000000000e+05
7.112910000000000000e+05
7.580340000000000000e+05
7.042660000000000000e+05
7.470100000000000000e+05
7.490450000000000000e+05
7.307220000000000000e+05
7.837750000000000000e+05
7.136980000000000000e+05
6.504520000000000000e+05
7.475030000000000000e+05
7.806540000000000000e+05
8.494380000000000000e+05
8.641970000000000000e+05
7.389920000000000000e+05
7.560930000000000000e+05
7.458240000000000000e+05
7.488440000000000000e+05
7.801920000000000000e+05
6.004250000000000000e+05
7.040180000000000000e+05
8.458430000000000000e+05
7.080380000000000000e+05
6.209480000000000000e+05
6.204820000000000000e+05
6.688090000000000000e+05
6.745880000000000000e+05
8.307780000000000000e+05
7.815120000000000000e+05
8.152980000000000000e+05
7.011540000000000000e+05
6.913820000000000000e+05
7.870250000000000000e+05
8.180720000000000000e+05
7.781680000000000000e+05
