7.253750000000000000e+05
8.046500000000000000e+05
7.250070000000000000e+05
7.519330000000000000e+05
7.490870000000000000e+05
7.373830000000000000e+05
7.603280000000000000e+05
7.653870000000000000e+05
8.213590000000000000e+05
7.030580000000000000e+05
6.343080000000000000e+05
7.319470000000000000e+05
6.942730000000000000e+05
7.056770000000000000e+05
7.074280000000000000e+05
6.717230000000000000e+05
6.851320000000000000e+05
7.509740000000000000e+05
7.915260000000000000e+05
7.938600000000000000e+05
7.150160000000000000e+05
6.580550000000000000e+05
8.035750000000000000e+05
7.962850000000000000e+05
7.730900000000000000e+05
6.432400000000000000e+05
7.073390000000000000e+05
6.532420000000000000e+05
7.583480000000000000e+05
7.490420000000000000e+05
8.035490000000000000e+05
7.414940000000000000e+05
7.399380000000000000e+05
7.098050000000000000e+05
6.709710000000000000e+05
6.972620000000000000e+05
9.445210000000000000e+05
6.893570000000000000e+05
7.580860000000000000e+05
7.764150000000000000e+05
7.058080000000000000e+05
8.115560000000000000e+05
7.428060000000000000e+05
7.813250000000000000e+05
7.189740000000000000e+05
6.652380000000000000e+05
8.642500000000000000e+05
6.870550000000000000e+05
6.943530000000000000e+05
7.470000000000000000e+05
