5.431970000000000000e+05
4.705720000000000000e+05
5.156080000000000000e+05
4.361150000000000000e+05
5.278980000000000000e+05
4.996500000000000000e+05
5.403280000000000000e+05
5.202710000000000000e+05
5.322360000000000000e+05
4.003790000000000000e+05
5.366370000000000000e+05
5.446910000000000000e+05
6.111890000000000000e+05
4.949810000000000000e+05
5.058330000000000000e+05
5.521530000000000000e+05
4.317000000000000000e+05
5.205770000000000000e+05
4.540770000000000000e+05
5.143770000000000000e+05
5.024290000000000000e+05
4.827770000000000000e+05
5.758000000000000000e+05
3.383200000000000000e+05
4.533490000000000000e+05
6.582370000000000000e+05
5.040270000000000000e+05
5.663670000000000000e+05
5.165250000000000000e+05
5.652920000000000000e+05
7.352440000000000000e+05
5.643030000000000000e+05
5.886810000000000000e+05
6.250350000000000000e+05
5.207230000000000000e+05
5.931460000000000000e+05
5.411490000000000000e+05
4.555210000000000000e+05
5.563260000000000000e+05
4.430970000000000000e+05
5.745820000000000000e+05
5.074390000000000000e+05
4.099010000000000000e+05
4.283610000000000000e+05
5.498680000000000000e+05
6.689390000000000000e+05
5.778480000000000000e+05
4.721160000000000000e+05
6.654680000000000000e+05
6.513710000000000000e+05
