5.133240000000000000e+05
4.408950000000000000e+05
6.391990000000000000e+05
6.041940000000000000e+05
5.551920000000000000e+05
5.945830000000000000e+05
5.476970000000000000e+05
5.315980000000000000e+05
5.062080000000000000e+05
5.692280000000000000e+05
5.829600000000000000e+05
6.305950000000000000e+05
4.669270000000000000e+05
4.344530000000000000e+05
6.464660000000000000e+05
6.400760000000000000e+05
6.535170000000000000e+05
5.939280000000000000e+05
5.886610000000000000e+05
6.980840000000000000e+05
6.067020000000000000e+05
6.166560000000000000e+05
5.998760000000000000e+05
5.174820000000000000e+05
6.003890000000000000e+05
6.363010000000000000e+05
6.862800000000000000e+05
6.684090000000000000e+05
6.516090000000000000e+05
6.198120000000000000e+05
5.671190000000000000e+05
4.930020000000000000e+05
5.142260000000000000e+05
5.614780000000000000e+05
5.143980000000000000e+05
5.811540000000000000e+05
6.162840000000000000e+05
4.902050000000000000e+05
6.398740000000000000e+05
5.015340000000000000e+05
5.589800000000000000e+05
6.207140000000000000e+05
6.609020000000000000e+05
6.856830000000000000e+05
4.377220000000000000e+05
5.647930000000000000e+05
5.979660000000000000e+05
6.912970000000000000e+05
6.333830000000000000e+05
5.744260000000000000e+05
