4.338860000000000000e+05
5.436300000000000000e+05
5.122460000000000000e+05
4.147050000000000000e+05
3.981700000000000000e+05
4.131290000000000000e+05
4.527170000000000000e+05
4.728220000000000000e+05
5.078230000000000000e+05
4.053300000000000000e+05
3.003180000000000000e+05
3.635680000000000000e+05
4.418920000000000000e+05
4.297010000000000000e+05
4.777820000000000000e+05
4.265140000000000000e+05
4.658800000000000000e+05
4.618800000000000000e+05
4.538420000000000000e+05
3.308630000000000000e+05
3.882960000000000000e+05
3.664650000000000000e+05
3.314770000000000000e+05
5.200010000000000000e+05
5.581700000000000000e+05
5.421990000000000000e+05
4.976360000000000000e+05
4.181770000000000000e+05
3.107640000000000000e+05
4.125090000000000000e+05
5.128450000000000000e+05
5.706080000000000000e+05
3.543100000000000000e+05
4.007620000000000000e+05
3.583850000000000000e+05
3.850010000000000000e+05
3.909700000000000000e+05
3.793850000000000000e+05
3.628430000000000000e+05
4.528060000000000000e+05
4.338470000000000000e+05
4.816770000000000000e+05
4.510090000000000000e+05
3.943690000000000000e+05
3.842490000000000000e+05
4.387570000000000000e+05
5.379840000000000000e+05
4.361840000000000000e+05
5.096100000000000000e+05
3.518500000000000000e+05
