6.536880000000000000e+05
6.719250000000000000e+05
6.359520000000000000e+05
6.770500000000000000e+05
6.561340000000000000e+05
5.990960000000000000e+05
6.710580000000000000e+05
6.136130000000000000e+05
7.714490000000000000e+05
6.809070000000000000e+05
6.815120000000000000e+05
6.387310000000000000e+05
6.707560000000000000e+05
6.904210000000000000e+05
6.065960000000000000e+05
7.692260000000000000e+05
6.851930000000000000e+05
6.220550000000000000e+05
5.859940000000000000e+05
5.431880000000000000e+05
6.720800000000000000e+05
6.810290000000000000e+05
5.911800000000000000e+05
5.159520000000000000e+05
7.512260000000000000e+05
6.704710000000000000e+05
6.664510000000000000e+05
5.578190000000000000e+05
6.824920000000000000e+05
7.034570000000000000e+05
5.905520000000000000e+05
6.231030000000000000e+05
6.417920000000000000e+05
7.177150000000000000e+05
6.342760000000000000e+05
5.656480000000000000e+05
6.250110000000000000e+05
6.693960000000000000e+05
6.615710000000000000e+05
6.423930000000000000e+05
6.373930000000000000e+05
6.195430000000000000e+05
6.688190000000000000e+05
6.699050000000000000e+05
6.116280000000000000e+05
5.807360000000000000e+05
5.671930000000000000e+05
6.254930000000000000e+05
7.038980000000000000e+05
6.514320000000000000e+05
