6.724650000000000000e+05
6.560970000000000000e+05
1.029958000000000000e+06
7.083200000000000000e+05
6.431780000000000000e+05
6.009220000000000000e+05
9.190770000000000000e+05
8.152070000000000000e+05
6.331070000000000000e+05
6.917330000000000000e+05
8.835880000000000000e+05
9.149750000000000000e+05
6.663930000000000000e+05
7.757990000000000000e+05
8.858630000000000000e+05
9.826360000000000000e+05
8.092360000000000000e+05
7.673060000000000000e+05
7.869340000000000000e+05
8.463110000000000000e+05
9.097990000000000000e+05
6.998650000000000000e+05
9.037680000000000000e+05
7.918600000000000000e+05
9.550090000000000000e+05
9.437040000000000000e+05
6.666070000000000000e+05
8.408270000000000000e+05
5.832910000000000000e+05
8.360750000000000000e+05
7.709080000000000000e+05
6.489680000000000000e+05
8.222190000000000000e+05
7.242090000000000000e+05
8.644960000000000000e+05
1.015464000000000000e+06
6.392820000000000000e+05
7.802820000000000000e+05
6.938950000000000000e+05
1.022904000000000000e+06
1.017598000000000000e+06
1.079808000000000000e+06
9.147050000000000000e+05
7.017300000000000000e+05
6.506080000000000000e+05
1.156405000000000000e+06
6.587590000000000000e+05
8.069290000000000000e+05
1.077462000000000000e+06
9.158510000000000000e+05
