6.229970000000000000e+05
4.729600000000000000e+05
6.541780000000000000e+05
6.248700000000000000e+05
4.728300000000000000e+05
5.509110000000000000e+05
5.569100000000000000e+05
5.847810000000000000e+05
5.908770000000000000e+05
6.442230000000000000e+05
5.842550000000000000e+05
6.474700000000000000e+05
5.259380000000000000e+05
5.232600000000000000e+05
6.382170000000000000e+05
5.519490000000000000e+05
4.787590000000000000e+05
6.608920000000000000e+05
6.308310000000000000e+05
7.121050000000000000e+05
6.852250000000000000e+05
5.743830000000000000e+05
4.273370000000000000e+05
6.386810000000000000e+05
5.549880000000000000e+05
5.737010000000000000e+05
6.004840000000000000e+05
6.385780000000000000e+05
7.492010000000000000e+05
7.361430000000000000e+05
5.554680000000000000e+05
5.433890000000000000e+05
7.059710000000000000e+05
5.227320000000000000e+05
6.090460000000000000e+05
5.672960000000000000e+05
7.243770000000000000e+05
4.931600000000000000e+05
6.409600000000000000e+05
5.821650000000000000e+05
6.106420000000000000e+05
7.269240000000000000e+05
7.269240000000000000e+05
6.118970000000000000e+05
5.506100000000000000e+05
5.139620000000000000e+05
6.015690000000000000e+05
6.416290000000000000e+05
6.339530000000000000e+05
5.473250000000000000e+05
