7.176010000000000000e+05
6.675340000000000000e+05
7.012510000000000000e+05
6.597350000000000000e+05
7.209210000000000000e+05
7.389140000000000000e+05
6.637430000000000000e+05
6.737910000000000000e+05
5.870990000000000000e+05
7.923690000000000000e+05
6.513490000000000000e+05
7.365600000000000000e+05
5.999370000000000000e+05
5.684660000000000000e+05
6.937750000000000000e+05
7.087970000000000000e+05
7.710260000000000000e+05
6.977440000000000000e+05
6.796060000000000000e+05
6.512650000000000000e+05
7.020910000000000000e+05
6.651900000000000000e+05
7.347070000000000000e+05
6.375300000000000000e+05
8.532570000000000000e+05
8.079270000000000000e+05
7.206720000000000000e+05
6.590870000000000000e+05
7.438520000000000000e+05
6.793400000000000000e+05
8.080480000000000000e+05
7.463000000000000000e+05
5.657540000000000000e+05
6.500780000000000000e+05
6.222380000000000000e+05
7.422900000000000000e+05
7.602920000000000000e+05
7.048130000000000000e+05
6.520430000000000000e+05
6.488630000000000000e+05
6.202980000000000000e+05
6.935930000000000000e+05
8.111230000000000000e+05
6.386420000000000000e+05
6.864400000000000000e+05
7.017570000000000000e+05
6.436250000000000000e+05
6.830640000000000000e+05
7.208660000000000000e+05
6.363370000000000000e+05
