2.338340000000000000e+05
2.970000000000000000e+05
3.025520000000000000e+05
1.757310000000000000e+05
3.341550000000000000e+05
2.238180000000000000e+05
3.774380000000000000e+05
3.589700000000000000e+05
2.394810000000000000e+05
4.185690000000000000e+05
3.560110000000000000e+05
2.943890000000000000e+05
2.615100000000000000e+05
3.036380000000000000e+05
5.020400000000000000e+05
3.307860000000000000e+05
3.574630000000000000e+05
3.920700000000000000e+05
2.314760000000000000e+05
1.709170000000000000e+05
1.144890000000000000e+05
3.252480000000000000e+05
2.483170000000000000e+05
3.601230000000000000e+05
3.095420000000000000e+05
3.920780000000000000e+05
4.059920000000000000e+05
2.825600000000000000e+05
2.820230000000000000e+05
2.319370000000000000e+05
3.477620000000000000e+05
4.130690000000000000e+05
1.824700000000000000e+05
1.449930000000000000e+05
3.467060000000000000e+05
4.951400000000000000e+05
4.181880000000000000e+05
5.486600000000000000e+05
3.641790000000000000e+05
3.238490000000000000e+05
4.297620000000000000e+05
2.178190000000000000e+05
2.503910000000000000e+05
3.961620000000000000e+05
2.178960000000000000e+05
3.866260000000000000e+05
4.229030000000000000e+05
3.271050000000000000e+05
2.722290000000000000e+05
2.582020000000000000e+05
