3.551270000000000000e+05
4.379930000000000000e+05
2.151640000000000000e+05
1.467100000000000000e+05
2.045910000000000000e+05
3.476360000000000000e+05
2.193000000000000000e+05
3.049360000000000000e+05
1.247920000000000000e+05
4.399010000000000000e+05
3.073460000000000000e+05
2.489910000000000000e+05
2.229060000000000000e+05
1.533090000000000000e+05
3.074770000000000000e+05
2.360270000000000000e+05
2.707390000000000000e+05
2.516740000000000000e+05
3.494170000000000000e+05
2.686790000000000000e+05
3.785340000000000000e+05
1.388730000000000000e+05
3.196760000000000000e+05
3.890960000000000000e+05
2.347050000000000000e+05
2.525050000000000000e+05
3.194070000000000000e+05
2.615330000000000000e+05
2.913580000000000000e+05
1.957820000000000000e+05
2.810410000000000000e+05
3.985840000000000000e+05
2.222580000000000000e+05
1.435030000000000000e+05
3.048580000000000000e+05
3.421200000000000000e+05
2.250950000000000000e+05
1.801170000000000000e+05
2.735220000000000000e+05
2.173100000000000000e+05
2.030170000000000000e+05
3.030800000000000000e+05
3.893420000000000000e+05
1.511570000000000000e+05
1.885750000000000000e+05
1.408430000000000000e+05
3.577230000000000000e+05
2.980980000000000000e+05
2.467260000000000000e+05
2.607010000000000000e+05
