1.090640000000000000e+05
8.012300000000000000e+04
7.669100000000000000e+04
7.031900000000000000e+04
6.620300000000000000e+04
7.563000000000000000e+04
7.936500000000000000e+04
6.747800000000000000e+04
7.533800000000000000e+04
6.706600000000000000e+04
6.617800000000000000e+04
5.545800000000000000e+04
7.015300000000000000e+04
6.986100000000000000e+04
6.971900000000000000e+04
6.036300000000000000e+04
9.047400000000000000e+04
5.060400000000000000e+04
6.265300000000000000e+04
7.198500000000000000e+04
8.946300000000000000e+04
8.066300000000000000e+04
6.695600000000000000e+04
7.367000000000000000e+04
6.972200000000000000e+04
8.794500000000000000e+04
5.934100000000000000e+04
6.620700000000000000e+04
6.534400000000000000e+04
7.752000000000000000e+04
7.280000000000000000e+04
5.921100000000000000e+04
6.646700000000000000e+04
8.694600000000000000e+04
6.650800000000000000e+04
7.232100000000000000e+04
6.087500000000000000e+04
6.197400000000000000e+04
6.788100000000000000e+04
8.130400000000000000e+04
7.286100000000000000e+04
8.375200000000000000e+04
7.044600000000000000e+04
7.077200000000000000e+04
6.147100000000000000e+04
7.124200000000000000e+04
6.569500000000000000e+04
5.211300000000000000e+04
5.553600000000000000e+04
6.220400000000000000e+04
