2.736800000000000000e+04
2.163500000000000000e+04
2.276900000000000000e+04
2.678100000000000000e+04
3.108500000000000000e+04
5.250000000000000000e+02
5.980000000000000000e+03
1.977100000000000000e+04
2.232500000000000000e+04
1.462400000000000000e+04
1.500900000000000000e+04
6.569000000000000000e+03
3.797700000000000000e+04
1.424000000000000000e+04
1.072000000000000000e+03
1.560400000000000000e+04
1.095700000000000000e+04
9.654000000000000000e+03
1.000000000000000000e+04
3.049800000000000000e+04
1.812500000000000000e+04
1.000000000000000000e+04
6.852000000000000000e+03
9.172000000000000000e+03
8.892000000000000000e+03
1.692100000000000000e+04
2.458600000000000000e+04
1.639000000000000000e+03
2.977200000000000000e+04
1.909800000000000000e+04
2.096000000000000000e+04
0.000000000000000000e+00
1.316000000000000000e+04
5.150000000000000000e+02
4.858000000000000000e+03
6.706000000000000000e+03
9.200000000000000000e+03
5.841000000000000000e+03
2.496200000000000000e+04
1.951000000000000000e+04
2.684300000000000000e+04
1.464300000000000000e+04
2.590000000000000000e+02
4.508400000000000000e+04
3.095200000000000000e+04
1.706600000000000000e+04
1.191100000000000000e+04
8.434000000000000000e+03
3.077100000000000000e+04
2.975900000000000000e+04
