5.017000000000000000e+04
5.005700000000000000e+04
4.725000000000000000e+04
7.079400000000000000e+04
7.918200000000000000e+04
3.537900000000000000e+04
7.384100000000000000e+04
2.750900000000000000e+04
4.969400000000000000e+04
7.992700000000000000e+04
5.953100000000000000e+04
5.086600000000000000e+04
4.892200000000000000e+04
5.629000000000000000e+04
4.479200000000000000e+04
4.772900000000000000e+04
6.393500000000000000e+04
6.134600000000000000e+04
6.743200000000000000e+04
5.550100000000000000e+04
3.290900000000000000e+04
5.937900000000000000e+04
4.341900000000000000e+04
6.929700000000000000e+04
5.682500000000000000e+04
9.864500000000000000e+04
5.645500000000000000e+04
3.516900000000000000e+04
5.226600000000000000e+04
5.585500000000000000e+04
7.615500000000000000e+04
6.413500000000000000e+04
7.362800000000000000e+04
2.201500000000000000e+04
2.994100000000000000e+04
5.984700000000000000e+04
3.496700000000000000e+04
4.378200000000000000e+04
6.261600000000000000e+04
7.675300000000000000e+04
7.602500000000000000e+04
2.391000000000000000e+04
4.088100000000000000e+04
5.715200000000000000e+04
6.104100000000000000e+04
5.595400000000000000e+04
6.213200000000000000e+04
6.761100000000000000e+04
6.243100000000000000e+04
6.134500000000000000e+04
