9.253400000000000000e+04
7.866700000000000000e+04
8.608200000000000000e+04
7.573100000000000000e+04
9.597900000000000000e+04
8.143500000000000000e+04
9.965900000000000000e+04
6.971200000000000000e+04
9.424500000000000000e+04
8.803400000000000000e+04
7.370200000000000000e+04
1.169090000000000000e+05
9.738100000000000000e+04
9.575000000000000000e+04
9.957400000000000000e+04
9.984200000000000000e+04
7.595300000000000000e+04
9.021500000000000000e+04
6.333200000000000000e+04
9.944900000000000000e+04
1.000200000000000000e+05
5.174600000000000000e+04
8.448100000000000000e+04
7.492100000000000000e+04
7.188700000000000000e+04
1.046310000000000000e+05
1.011640000000000000e+05
1.129720000000000000e+05
6.920700000000000000e+04
9.689200000000000000e+04
7.744200000000000000e+04
7.737900000000000000e+04
7.286600000000000000e+04
1.058300000000000000e+05
1.041360000000000000e+05
8.830500000000000000e+04
9.282700000000000000e+04
1.203370000000000000e+05
8.264500000000000000e+04
8.666600000000000000e+04
6.341400000000000000e+04
9.494400000000000000e+04
1.007940000000000000e+05
6.775600000000000000e+04
8.575600000000000000e+04
8.398000000000000000e+04
7.283000000000000000e+04
8.683900000000000000e+04
8.975300000000000000e+04
8.413200000000000000e+04
