3.291900000000000000e+04
3.335600000000000000e+04
2.954900000000000000e+04
5.009900000000000000e+04
4.595600000000000000e+04
6.263000000000000000e+03
1.304000000000000000e+03
2.506900000000000000e+04
2.285500000000000000e+04
3.548100000000000000e+04
2.399200000000000000e+04
3.170400000000000000e+04
2.149900000000000000e+04
2.931400000000000000e+04
1.623000000000000000e+04
4.428700000000000000e+04
3.917400000000000000e+04
3.925700000000000000e+04
2.162600000000000000e+04
2.860300000000000000e+04
3.410200000000000000e+04
4.276000000000000000e+04
2.086500000000000000e+04
2.533500000000000000e+04
2.291600000000000000e+04
3.192800000000000000e+04
4.382600000000000000e+04
2.346200000000000000e+04
3.127400000000000000e+04
3.170800000000000000e+04
4.678900000000000000e+04
1.178500000000000000e+04
1.824400000000000000e+04
4.551600000000000000e+04
2.618200000000000000e+04
4.064600000000000000e+04
1.420900000000000000e+04
3.302300000000000000e+04
2.478100000000000000e+04
4.143300000000000000e+04
4.454900000000000000e+04
4.738000000000000000e+04
1.834100000000000000e+04
7.089300000000000000e+04
4.405700000000000000e+04
2.879300000000000000e+04
2.161900000000000000e+04
2.046800000000000000e+04
5.398000000000000000e+04
4.048600000000000000e+04
