6.687100000000000000e+04
6.275600000000000000e+04
2.306900000000000000e+04
4.539200000000000000e+04
4.079300000000000000e+04
4.742000000000000000e+04
5.917900000000000000e+04
2.370800000000000000e+04
2.940200000000000000e+04
7.322100000000000000e+04
4.606100000000000000e+04
3.488500000000000000e+04
4.190300000000000000e+04
4.923000000000000000e+04
8.347600000000000000e+04
3.883600000000000000e+04
3.845000000000000000e+04
4.517500000000000000e+04
6.175400000000000000e+04
5.598100000000000000e+04
3.005400000000000000e+04
5.584800000000000000e+04
6.112700000000000000e+04
7.236100000000000000e+04
6.710800000000000000e+04
8.376000000000000000e+04
2.834800000000000000e+04
2.544000000000000000e+04
7.533400000000000000e+04
4.214400000000000000e+04
7.396700000000000000e+04
5.297300000000000000e+04
5.258000000000000000e+04
2.655700000000000000e+04
3.492300000000000000e+04
5.355100000000000000e+04
4.524500000000000000e+04
4.622900000000000000e+04
3.902000000000000000e+04
4.973900000000000000e+04
6.125400000000000000e+04
5.810100000000000000e+04
4.704000000000000000e+04
4.279100000000000000e+04
4.472500000000000000e+04
6.607000000000000000e+04
6.094000000000000000e+04
6.333700000000000000e+04
6.906200000000000000e+04
6.339600000000000000e+04
