2.693100000000000000e+04
3.086100000000000000e+04
4.305500000000000000e+04
4.783000000000000000e+04
2.372400000000000000e+04
5.141800000000000000e+04
7.884300000000000000e+04
3.308200000000000000e+04
2.782300000000000000e+04
5.698200000000000000e+04
4.489400000000000000e+04
1.256600000000000000e+04
3.763900000000000000e+04
4.073800000000000000e+04
3.146100000000000000e+04
4.863400000000000000e+04
1.856000000000000000e+04
3.091800000000000000e+04
5.416000000000000000e+04
2.768500000000000000e+04
4.701500000000000000e+04
5.033000000000000000e+04
3.451800000000000000e+04
4.040700000000000000e+04
7.485100000000000000e+04
5.608000000000000000e+04
3.217400000000000000e+04
3.336500000000000000e+04
5.463400000000000000e+04
4.212300000000000000e+04
1.332300000000000000e+04
3.680100000000000000e+04
3.248700000000000000e+04
3.415800000000000000e+04
3.878800000000000000e+04
5.339900000000000000e+04
2.044500000000000000e+04
4.452000000000000000e+04
2.809700000000000000e+04
3.275200000000000000e+04
1.477900000000000000e+04
2.712200000000000000e+04
4.677500000000000000e+04
2.517600000000000000e+04
3.982300000000000000e+04
3.758000000000000000e+04
3.541900000000000000e+04
3.865900000000000000e+04
3.280400000000000000e+04
1.923900000000000000e+04
