1.590000000000000000e+04
4.626600000000000000e+04
3.726500000000000000e+04
4.167200000000000000e+04
3.151400000000000000e+04
4.094800000000000000e+04
7.385700000000000000e+04
5.115700000000000000e+04
2.270600000000000000e+04
5.314000000000000000e+04
2.967900000000000000e+04
1.535300000000000000e+04
3.419400000000000000e+04
4.158700000000000000e+04
4.553300000000000000e+04
4.960100000000000000e+04
2.672200000000000000e+04
3.117600000000000000e+04
2.164300000000000000e+04
5.019400000000000000e+04
3.833500000000000000e+04
3.489500000000000000e+04
3.013200000000000000e+04
8.284500000000000000e+04
5.860500000000000000e+04
3.254800000000000000e+04
3.238100000000000000e+04
1.190500000000000000e+04
4.684500000000000000e+04
1.476700000000000000e+04
2.954500000000000000e+04
4.350600000000000000e+04
2.278100000000000000e+04
3.335800000000000000e+04
1.537500000000000000e+04
4.409900000000000000e+04
1.043000000000000000e+04
3.636600000000000000e+04
2.871000000000000000e+04
3.698200000000000000e+04
2.098400000000000000e+04
4.067300000000000000e+04
3.643100000000000000e+04
1.610400000000000000e+04
5.421100000000000000e+04
5.052000000000000000e+04
3.928200000000000000e+04
5.857100000000000000e+04
2.492000000000000000e+04
3.222500000000000000e+04
