2.461600000000000000e+04
3.629900000000000000e+04
6.851500000000000000e+04
4.160400000000000000e+04
4.971300000000000000e+04
5.592400000000000000e+04
7.901100000000000000e+04
3.410900000000000000e+04
2.336600000000000000e+04
5.849800000000000000e+04
5.397600000000000000e+04
2.175300000000000000e+04
3.078900000000000000e+04
3.406700000000000000e+04
4.560300000000000000e+04
4.007400000000000000e+04
1.542600000000000000e+04
5.529100000000000000e+04
5.062900000000000000e+04
4.861200000000000000e+04
3.998500000000000000e+04
6.199200000000000000e+04
3.114200000000000000e+04
2.403500000000000000e+04
5.971600000000000000e+04
5.280400000000000000e+04
1.878300000000000000e+04
2.417700000000000000e+04
3.051800000000000000e+04
4.214400000000000000e+04
1.045700000000000000e+04
2.416300000000000000e+04
2.028600000000000000e+04
3.405300000000000000e+04
2.106500000000000000e+04
4.909500000000000000e+04
3.109900000000000000e+04
6.773700000000000000e+04
4.694300000000000000e+04
1.629300000000000000e+04
2.756100000000000000e+04
2.568300000000000000e+04
2.069600000000000000e+04
4.860800000000000000e+04
2.935100000000000000e+04
2.707300000000000000e+04
4.682700000000000000e+04
3.717500000000000000e+04
1.834600000000000000e+04
3.075000000000000000e+04
