7.692100000000000000e+04
8.195200000000000000e+04
7.268500000000000000e+04
7.515700000000000000e+04
9.147600000000000000e+04
9.966200000000000000e+04
1.002390000000000000e+05
8.881800000000000000e+04
8.608000000000000000e+04
8.050100000000000000e+04
8.350000000000000000e+04
1.281210000000000000e+05
7.165500000000000000e+04
9.604400000000000000e+04
9.861500000000000000e+04
9.297200000000000000e+04
1.044500000000000000e+05
9.107400000000000000e+04
9.689000000000000000e+04
8.420200000000000000e+04
8.346800000000000000e+04
8.586800000000000000e+04
1.050200000000000000e+05
9.668800000000000000e+04
9.400700000000000000e+04
1.154380000000000000e+05
8.949600000000000000e+04
1.074810000000000000e+05
1.202590000000000000e+05
9.270700000000000000e+04
8.499800000000000000e+04
1.206820000000000000e+05
9.762600000000000000e+04
1.004200000000000000e+05
8.809600000000000000e+04
9.785800000000000000e+04
1.064420000000000000e+05
1.049220000000000000e+05
1.059420000000000000e+05
8.691400000000000000e+04
6.735200000000000000e+04
7.244700000000000000e+04
1.125290000000000000e+05
8.187600000000000000e+04
7.814000000000000000e+04
7.837400000000000000e+04
6.576000000000000000e+04
1.028970000000000000e+05
7.818100000000000000e+04
1.089020000000000000e+05
