4.272400000000000000e+04
7.615700000000000000e+04
5.031000000000000000e+04
5.708300000000000000e+04
6.769300000000000000e+04
8.602100000000000000e+04
8.445000000000000000e+04
8.736400000000000000e+04
8.277400000000000000e+04
9.012000000000000000e+04
8.653700000000000000e+04
9.936500000000000000e+04
1.041410000000000000e+05
7.293500000000000000e+04
9.025400000000000000e+04
6.917200000000000000e+04
9.042000000000000000e+04
8.060500000000000000e+04
5.636600000000000000e+04
6.870100000000000000e+04
7.553400000000000000e+04
1.045240000000000000e+05
5.723000000000000000e+04
8.432000000000000000e+04
6.168300000000000000e+04
6.472900000000000000e+04
6.353200000000000000e+04
8.547700000000000000e+04
7.324800000000000000e+04
6.206500000000000000e+04
6.324400000000000000e+04
7.223900000000000000e+04
1.050070000000000000e+05
6.890400000000000000e+04
5.860600000000000000e+04
9.980900000000000000e+04
8.278500000000000000e+04
6.114900000000000000e+04
7.892100000000000000e+04
1.041990000000000000e+05
9.396400000000000000e+04
8.092500000000000000e+04
6.363500000000000000e+04
8.147300000000000000e+04
7.691900000000000000e+04
9.403900000000000000e+04
8.796100000000000000e+04
6.791500000000000000e+04
6.658900000000000000e+04
8.194300000000000000e+04
