3.514100000000000000e+04
6.402200000000000000e+04
3.934200000000000000e+04
3.094600000000000000e+04
4.074900000000000000e+04
2.434200000000000000e+04
2.797800000000000000e+04
4.856500000000000000e+04
4.068800000000000000e+04
3.814000000000000000e+04
3.383400000000000000e+04
4.850900000000000000e+04
3.315400000000000000e+04
4.417600000000000000e+04
4.846500000000000000e+04
5.754300000000000000e+04
4.738900000000000000e+04
7.316500000000000000e+04
4.614100000000000000e+04
3.521600000000000000e+04
2.916800000000000000e+04
6.816500000000000000e+04
1.569900000000000000e+04
3.052600000000000000e+04
2.820800000000000000e+04
3.762300000000000000e+04
2.775300000000000000e+04
2.646700000000000000e+04
4.668800000000000000e+04
2.999200000000000000e+04
4.848800000000000000e+04
3.153500000000000000e+04
4.881100000000000000e+04
8.031300000000000000e+04
5.166100000000000000e+04
2.232900000000000000e+04
4.667400000000000000e+04
2.933300000000000000e+04
8.006600000000000000e+04
3.634200000000000000e+04
4.535400000000000000e+04
2.928900000000000000e+04
2.776600000000000000e+04
5.188500000000000000e+04
2.950900000000000000e+04
2.281100000000000000e+04
5.276700000000000000e+04
4.598600000000000000e+04
5.011500000000000000e+04
1.529300000000000000e+04
