6.197600000000000000e+04
8.549900000000000000e+04
5.827600000000000000e+04
6.227200000000000000e+04
7.804800000000000000e+04
5.027500000000000000e+04
8.257500000000000000e+04
7.133500000000000000e+04
8.217200000000000000e+04
7.273800000000000000e+04
9.964700000000000000e+04
6.755800000000000000e+04
1.042740000000000000e+05
6.419800000000000000e+04
8.074500000000000000e+04
7.441700000000000000e+04
6.856100000000000000e+04
6.963100000000000000e+04
7.396000000000000000e+04
5.669400000000000000e+04
7.370500000000000000e+04
6.202400000000000000e+04
5.064500000000000000e+04
8.891500000000000000e+04
5.630400000000000000e+04
6.325600000000000000e+04
4.502100000000000000e+04
7.402900000000000000e+04
5.706900000000000000e+04
4.652700000000000000e+04
7.864300000000000000e+04
7.443300000000000000e+04
1.305460000000000000e+05
6.855000000000000000e+04
6.004300000000000000e+04
9.280700000000000000e+04
7.069800000000000000e+04
7.284800000000000000e+04
5.884000000000000000e+04
8.534000000000000000e+04
7.313400000000000000e+04
4.233000000000000000e+04
9.351300000000000000e+04
5.320300000000000000e+04
6.732900000000000000e+04
9.464600000000000000e+04
8.801500000000000000e+04
4.924200000000000000e+04
6.120800000000000000e+04
9.222400000000000000e+04
