5.681500000000000000e+04
6.425300000000000000e+04
7.082400000000000000e+04
7.671900000000000000e+04
7.388300000000000000e+04
2.429600000000000000e+04
7.294200000000000000e+04
5.903400000000000000e+04
6.247500000000000000e+04
8.083100000000000000e+04
6.178500000000000000e+04
4.206900000000000000e+04
7.269300000000000000e+04
6.288100000000000000e+04
4.644600000000000000e+04
6.159000000000000000e+04
5.202100000000000000e+04
6.949200000000000000e+04
6.407800000000000000e+04
9.131600000000000000e+04
7.470200000000000000e+04
7.275500000000000000e+04
3.711600000000000000e+04
6.087100000000000000e+04
6.196600000000000000e+04
9.000900000000000000e+04
7.933700000000000000e+04
5.356100000000000000e+04
9.595900000000000000e+04
7.978500000000000000e+04
4.068900000000000000e+04
6.890500000000000000e+04
7.084600000000000000e+04
7.720000000000000000e+04
3.536400000000000000e+04
2.936700000000000000e+04
7.339700000000000000e+04
2.670000000000000000e+04
5.804800000000000000e+04
5.805100000000000000e+04
5.414700000000000000e+04
9.993000000000000000e+04
7.845000000000000000e+04
4.474200000000000000e+04
4.594200000000000000e+04
4.976900000000000000e+04
9.541100000000000000e+04
3.607500000000000000e+04
9.456800000000000000e+04
4.090000000000000000e+04
