5.213300000000000000e+04
9.260200000000000000e+04
4.190500000000000000e+04
8.285700000000000000e+04
5.918100000000000000e+04
5.998500000000000000e+04
6.566200000000000000e+04
6.353100000000000000e+04
6.516800000000000000e+04
9.527400000000000000e+04
5.246100000000000000e+04
3.639300000000000000e+04
4.258900000000000000e+04
6.779000000000000000e+04
4.093800000000000000e+04
6.004100000000000000e+04
6.140500000000000000e+04
8.932600000000000000e+04
5.248900000000000000e+04
9.032000000000000000e+04
6.220000000000000000e+04
7.549400000000000000e+04
7.313300000000000000e+04
5.720900000000000000e+04
4.076400000000000000e+04
8.824700000000000000e+04
5.703000000000000000e+04
4.783600000000000000e+04
5.710700000000000000e+04
8.081600000000000000e+04
4.750400000000000000e+04
8.459600000000000000e+04
6.555600000000000000e+04
7.941700000000000000e+04
4.167700000000000000e+04
5.553500000000000000e+04
7.178200000000000000e+04
2.834100000000000000e+04
5.479600000000000000e+04
4.420500000000000000e+04
5.077500000000000000e+04
9.884800000000000000e+04
5.798100000000000000e+04
4.242000000000000000e+04
4.899900000000000000e+04
5.755200000000000000e+04
9.227700000000000000e+04
5.033200000000000000e+04
8.125400000000000000e+04
7.423900000000000000e+04
