6.086500000000000000e+04
5.812000000000000000e+04
5.276100000000000000e+04
6.892700000000000000e+04
5.180700000000000000e+04
3.361000000000000000e+04
4.128600000000000000e+04
7.654000000000000000e+04
6.514200000000000000e+04
4.731900000000000000e+04
7.672700000000000000e+04
7.290800000000000000e+04
7.437900000000000000e+04
2.668800000000000000e+04
4.110300000000000000e+04
6.853600000000000000e+04
6.385400000000000000e+04
5.538000000000000000e+04
6.393300000000000000e+04
5.650800000000000000e+04
7.760100000000000000e+04
7.494000000000000000e+04
2.742400000000000000e+04
5.250200000000000000e+04
6.156800000000000000e+04
7.447600000000000000e+04
6.302200000000000000e+04
4.776500000000000000e+04
4.884800000000000000e+04
6.192400000000000000e+04
7.085600000000000000e+04
6.708100000000000000e+04
4.538100000000000000e+04
4.340200000000000000e+04
3.308200000000000000e+04
4.133200000000000000e+04
7.312300000000000000e+04
6.356700000000000000e+04
7.470800000000000000e+04
5.578300000000000000e+04
6.774900000000000000e+04
9.124100000000000000e+04
4.497100000000000000e+04
6.020600000000000000e+04
4.803300000000000000e+04
5.173700000000000000e+04
6.416700000000000000e+04
3.590000000000000000e+04
4.231600000000000000e+04
5.664700000000000000e+04
