4.683600000000000000e+04
7.897400000000000000e+04
8.733000000000000000e+04
1.035440000000000000e+05
7.447900000000000000e+04
8.385000000000000000e+04
9.143400000000000000e+04
9.645700000000000000e+04
7.450800000000000000e+04
8.683100000000000000e+04
8.100100000000000000e+04
1.282450000000000000e+05
5.992400000000000000e+04
7.984800000000000000e+04
7.942000000000000000e+04
9.982600000000000000e+04
9.891300000000000000e+04
5.372200000000000000e+04
7.386300000000000000e+04
7.395400000000000000e+04
6.933800000000000000e+04
7.647400000000000000e+04
7.169000000000000000e+04
6.917400000000000000e+04
5.751700000000000000e+04
8.149900000000000000e+04
7.421700000000000000e+04
8.220600000000000000e+04
6.437200000000000000e+04
6.473100000000000000e+04
1.051040000000000000e+05
6.390000000000000000e+04
8.216300000000000000e+04
7.960500000000000000e+04
8.782800000000000000e+04
9.834500000000000000e+04
8.297300000000000000e+04
9.808100000000000000e+04
9.250900000000000000e+04
8.365600000000000000e+04
7.841800000000000000e+04
4.540700000000000000e+04
7.677800000000000000e+04
9.648000000000000000e+04
6.830600000000000000e+04
5.917600000000000000e+04
5.968800000000000000e+04
7.402700000000000000e+04
5.923000000000000000e+04
8.207900000000000000e+04
