7.282700000000000000e+04
1.008040000000000000e+05
7.868300000000000000e+04
6.599900000000000000e+04
8.387400000000000000e+04
1.053100000000000000e+05
1.272970000000000000e+05
7.740800000000000000e+04
5.125200000000000000e+04
7.783000000000000000e+04
8.269600000000000000e+04
9.936500000000000000e+04
1.067960000000000000e+05
8.333200000000000000e+04
8.318700000000000000e+04
6.993900000000000000e+04
7.128700000000000000e+04
7.709600000000000000e+04
1.081160000000000000e+05
7.143200000000000000e+04
6.558600000000000000e+04
8.430200000000000000e+04
1.130660000000000000e+05
1.237730000000000000e+05
8.366700000000000000e+04
9.885700000000000000e+04
8.305900000000000000e+04
8.836200000000000000e+04
9.533300000000000000e+04
1.046900000000000000e+05
8.752800000000000000e+04
1.103180000000000000e+05
8.082800000000000000e+04
9.120800000000000000e+04
7.957600000000000000e+04
9.177500000000000000e+04
6.960200000000000000e+04
8.704200000000000000e+04
9.557300000000000000e+04
9.876400000000000000e+04
9.294400000000000000e+04
1.131870000000000000e+05
1.189810000000000000e+05
9.515600000000000000e+04
1.086090000000000000e+05
8.773400000000000000e+04
6.749200000000000000e+04
7.946900000000000000e+04
1.153230000000000000e+05
9.091000000000000000e+04
