2.489360000000000000e+05
3.300300000000000000e+04
1.430110000000000000e+05
2.442330000000000000e+05
6.430000000000000000e+04
3.370870000000000000e+05
3.415990000000000000e+05
3.242940000000000000e+05
2.679810000000000000e+05
1.786120000000000000e+05
8.650400000000000000e+04
2.125640000000000000e+05
3.008190000000000000e+05
2.513680000000000000e+05
1.632930000000000000e+05
2.512600000000000000e+05
3.069600000000000000e+05
2.761810000000000000e+05
1.957300000000000000e+05
1.892470000000000000e+05
1.131290000000000000e+05
3.418950000000000000e+05
2.347520000000000000e+05
2.367420000000000000e+05
6.992300000000000000e+04
1.688030000000000000e+05
1.280330000000000000e+05
2.365310000000000000e+05
3.818890000000000000e+05
2.747930000000000000e+05
1.531570000000000000e+05
2.118260000000000000e+05
3.242810000000000000e+05
7.714400000000000000e+04
1.739380000000000000e+05
8.946800000000000000e+04
2.817100000000000000e+05
1.116530000000000000e+05
2.814190000000000000e+05
2.543970000000000000e+05
2.859150000000000000e+05
2.074070000000000000e+05
1.155040000000000000e+05
1.718020000000000000e+05
2.798560000000000000e+05
2.827000000000000000e+05
3.569170000000000000e+05
8.191600000000000000e+04
2.614840000000000000e+05
1.495420000000000000e+05
