3.420360000000000000e+05
3.877920000000000000e+05
2.904630000000000000e+05
2.767770000000000000e+05
2.465800000000000000e+05
3.192660000000000000e+05
3.971470000000000000e+05
2.532840000000000000e+05
3.824200000000000000e+05
3.147980000000000000e+05
2.956290000000000000e+05
3.269660000000000000e+05
2.673180000000000000e+05
3.325010000000000000e+05
3.516330000000000000e+05
3.925850000000000000e+05
3.412810000000000000e+05
3.453210000000000000e+05
3.458210000000000000e+05
3.798490000000000000e+05
3.313510000000000000e+05
2.484460000000000000e+05
2.813060000000000000e+05
4.035980000000000000e+05
3.884230000000000000e+05
3.103100000000000000e+05
3.451840000000000000e+05
3.774310000000000000e+05
2.855720000000000000e+05
2.850780000000000000e+05
3.698340000000000000e+05
3.282870000000000000e+05
3.314710000000000000e+05
2.885770000000000000e+05
4.018930000000000000e+05
3.519370000000000000e+05
3.383710000000000000e+05
2.734660000000000000e+05
2.500000000000000000e+05
3.257150000000000000e+05
3.580710000000000000e+05
3.445100000000000000e+05
3.177550000000000000e+05
3.742030000000000000e+05
3.207080000000000000e+05
4.033700000000000000e+05
3.000580000000000000e+05
3.272990000000000000e+05
2.947730000000000000e+05
3.478920000000000000e+05
