2.973680000000000000e+05
3.305320000000000000e+05
2.933390000000000000e+05
2.159780000000000000e+05
3.564740000000000000e+05
3.599210000000000000e+05
3.149000000000000000e+05
3.043340000000000000e+05
3.016370000000000000e+05
3.460180000000000000e+05
3.392200000000000000e+05
2.760790000000000000e+05
3.468140000000000000e+05
3.107150000000000000e+05
3.089000000000000000e+05
3.414440000000000000e+05
2.950800000000000000e+05
1.965330000000000000e+05
1.642280000000000000e+05
1.521650000000000000e+05
3.633920000000000000e+05
3.252600000000000000e+05
2.821400000000000000e+05
1.717060000000000000e+05
2.881640000000000000e+05
3.645740000000000000e+05
3.452010000000000000e+05
3.527880000000000000e+05
3.014420000000000000e+05
2.985250000000000000e+05
3.332000000000000000e+05
3.486240000000000000e+05
3.596460000000000000e+05
2.734190000000000000e+05
3.616390000000000000e+05
3.170940000000000000e+05
3.191290000000000000e+05
3.114590000000000000e+05
3.262290000000000000e+05
3.537010000000000000e+05
2.880410000000000000e+05
3.643350000000000000e+05
2.992740000000000000e+05
3.137670000000000000e+05
3.079680000000000000e+05
2.690250000000000000e+05
3.448210000000000000e+05
2.942360000000000000e+05
3.585090000000000000e+05
3.266570000000000000e+05
