2.046200000000000000e+04
1.689290000000000000e+05
9.756600000000000000e+04
4.367000000000000000e+04
1.426270000000000000e+05
1.564500000000000000e+04
2.345400000000000000e+04
8.290400000000000000e+04
4.303600000000000000e+04
9.617000000000000000e+04
3.505300000000000000e+04
7.587600000000000000e+04
5.707400000000000000e+04
7.957500000000000000e+04
3.974400000000000000e+04
6.563200000000000000e+04
5.805800000000000000e+04
1.608200000000000000e+04
7.850100000000000000e+04
9.028000000000000000e+04
1.607950000000000000e+05
2.443200000000000000e+04
4.601500000000000000e+04
3.127700000000000000e+04
4.295300000000000000e+04
1.201880000000000000e+05
1.175500000000000000e+05
9.169400000000000000e+04
1.974700000000000000e+04
4.556900000000000000e+04
1.173030000000000000e+05
1.335670000000000000e+05
1.042460000000000000e+05
9.113100000000000000e+04
8.215600000000000000e+04
2.819300000000000000e+04
2.862700000000000000e+04
5.319700000000000000e+04
4.704700000000000000e+04
1.917320000000000000e+05
9.703400000000000000e+04
7.218000000000000000e+04
1.603130000000000000e+05
6.651400000000000000e+04
5.571000000000000000e+03
2.504900000000000000e+04
3.413000000000000000e+04
9.469400000000000000e+04
9.905100000000000000e+04
3.867900000000000000e+04
