3.452770000000000000e+05
3.837840000000000000e+05
2.950460000000000000e+05
4.728270000000000000e+05
3.453630000000000000e+05
3.619360000000000000e+05
3.069980000000000000e+05
4.199120000000000000e+05
3.098840000000000000e+05
3.303490000000000000e+05
3.568360000000000000e+05
3.515360000000000000e+05
4.453680000000000000e+05
4.124290000000000000e+05
3.506920000000000000e+05
3.740920000000000000e+05
3.468550000000000000e+05
3.610180000000000000e+05
3.909000000000000000e+05
3.237950000000000000e+05
3.994090000000000000e+05
3.021210000000000000e+05
3.965540000000000000e+05
3.908820000000000000e+05
3.344300000000000000e+05
3.694320000000000000e+05
3.709580000000000000e+05
3.922530000000000000e+05
3.312300000000000000e+05
4.001980000000000000e+05
3.603700000000000000e+05
4.258510000000000000e+05
2.917910000000000000e+05
3.906770000000000000e+05
3.568500000000000000e+05
3.674930000000000000e+05
3.837050000000000000e+05
4.059430000000000000e+05
3.928100000000000000e+05
3.485210000000000000e+05
3.960350000000000000e+05
2.882170000000000000e+05
3.653670000000000000e+05
4.103400000000000000e+05
4.526050000000000000e+05
4.546870000000000000e+05
3.755490000000000000e+05
3.764250000000000000e+05
3.469650000000000000e+05
4.162630000000000000e+05
