1.228430000000000000e+05
1.822000000000000000e+04
6.023300000000000000e+04
1.950990000000000000e+05
6.544400000000000000e+04
4.470100000000000000e+04
8.569200000000000000e+04
3.314000000000000000e+04
1.509780000000000000e+05
1.305000000000000000e+05
2.163800000000000000e+04
3.536600000000000000e+04
5.626700000000000000e+04
7.712400000000000000e+04
4.385500000000000000e+04
8.917300000000000000e+04
8.861000000000000000e+04
1.899370000000000000e+05
4.658900000000000000e+04
5.243500000000000000e+04
3.369800000000000000e+04
9.944500000000000000e+04
1.042800000000000000e+05
1.479340000000000000e+05
3.426900000000000000e+04
6.555200000000000000e+04
3.567500000000000000e+04
3.912700000000000000e+04
2.545400000000000000e+04
7.867500000000000000e+04
3.447200000000000000e+04
5.582700000000000000e+04
3.864400000000000000e+04
2.554600000000000000e+04
7.225900000000000000e+04
6.687400000000000000e+04
7.853200000000000000e+04
9.281300000000000000e+04
6.870500000000000000e+04
9.362200000000000000e+04
1.571500000000000000e+05
7.150900000000000000e+04
1.302330000000000000e+05
9.027500000000000000e+04
7.046800000000000000e+04
1.487120000000000000e+05
9.341900000000000000e+04
3.519100000000000000e+04
3.450000000000000000e+04
2.158600000000000000e+04
