2.375500000000000000e+04
1.468060000000000000e+05
1.677000000000000000e+04
1.458900000000000000e+04
2.275100000000000000e+04
6.000000000000000000e+00
6.941400000000000000e+04
3.059500000000000000e+04
3.521500000000000000e+04
6.545800000000000000e+04
1.528500000000000000e+04
7.104100000000000000e+04
2.867000000000000000e+03
7.242400000000000000e+04
1.437900000000000000e+04
1.173590000000000000e+05
4.768800000000000000e+04
3.310500000000000000e+04
3.779200000000000000e+04
8.979300000000000000e+04
6.585800000000000000e+04
1.252800000000000000e+04
4.151900000000000000e+04
1.484100000000000000e+04
1.108930000000000000e+05
4.603000000000000000e+04
9.528900000000000000e+04
2.904600000000000000e+04
1.067380000000000000e+05
4.546400000000000000e+04
1.236300000000000000e+05
1.501000000000000000e+04
2.827000000000000000e+04
2.374100000000000000e+04
1.207600000000000000e+04
5.324900000000000000e+04
2.600000000000000000e+02
1.024300000000000000e+04
1.476200000000000000e+04
1.305000000000000000e+04
4.693600000000000000e+04
1.004220000000000000e+05
3.786800000000000000e+04
2.768200000000000000e+04
3.372600000000000000e+04
3.000000000000000000e+00
6.307200000000000000e+04
1.257730000000000000e+05
3.981700000000000000e+04
1.790900000000000000e+04
