1.196740000000000000e+05
2.748440000000000000e+05
1.782860000000000000e+05
1.521850000000000000e+05
2.419090000000000000e+05
2.674620000000000000e+05
2.977400000000000000e+04
1.347420000000000000e+05
2.118180000000000000e+05
1.257730000000000000e+05
4.340800000000000000e+04
1.345190000000000000e+05
6.804500000000000000e+04
7.583800000000000000e+04
1.436570000000000000e+05
6.982700000000000000e+04
9.609300000000000000e+04
5.033700000000000000e+04
2.836930000000000000e+05
1.011300000000000000e+05
3.675900000000000000e+04
5.909400000000000000e+04
2.085740000000000000e+05
5.691700000000000000e+04
7.394900000000000000e+04
2.214880000000000000e+05
8.229400000000000000e+04
1.936440000000000000e+05
1.852580000000000000e+05
1.235030000000000000e+05
1.510890000000000000e+05
6.038100000000000000e+04
5.756600000000000000e+04
1.423500000000000000e+05
3.838220000000000000e+05
4.948200000000000000e+04
1.802680000000000000e+05
1.013250000000000000e+05
2.334880000000000000e+05
5.479700000000000000e+04
8.632900000000000000e+04
2.573940000000000000e+05
1.221450000000000000e+05
5.611700000000000000e+04
1.109280000000000000e+05
3.507050000000000000e+05
1.212330000000000000e+05
1.354870000000000000e+05
9.544200000000000000e+04
1.090700000000000000e+05
