2.888210000000000000e+05
3.852190000000000000e+05
3.706670000000000000e+05
1.698880000000000000e+05
2.409090000000000000e+05
2.720370000000000000e+05
4.102910000000000000e+05
3.721180000000000000e+05
3.236030000000000000e+05
1.826370000000000000e+05
3.173110000000000000e+05
3.587220000000000000e+05
3.269370000000000000e+05
3.230460000000000000e+05
3.550100000000000000e+05
3.514990000000000000e+05
1.581890000000000000e+05
3.439170000000000000e+05
3.010890000000000000e+05
2.801730000000000000e+05
3.871320000000000000e+05
2.183140000000000000e+05
3.766110000000000000e+05
3.488500000000000000e+05
3.287580000000000000e+05
3.220300000000000000e+05
3.700500000000000000e+05
3.094400000000000000e+05
3.174190000000000000e+05
3.841350000000000000e+05
3.299980000000000000e+05
2.726580000000000000e+05
2.144020000000000000e+05
2.950680000000000000e+05
1.887500000000000000e+05
2.679860000000000000e+05
3.700450000000000000e+05
2.684970000000000000e+05
3.377540000000000000e+05
3.661030000000000000e+05
2.542190000000000000e+05
3.176730000000000000e+05
3.457970000000000000e+05
3.346990000000000000e+05
3.187290000000000000e+05
3.637310000000000000e+05
3.092800000000000000e+05
3.694470000000000000e+05
2.125220000000000000e+05
3.427140000000000000e+05
