2.998170000000000000e+05
3.004620000000000000e+05
1.945940000000000000e+05
3.645240000000000000e+05
3.367090000000000000e+05
3.167800000000000000e+05
2.874620000000000000e+05
2.686020000000000000e+05
1.311240000000000000e+05
3.459720000000000000e+05
3.730070000000000000e+05
2.818380000000000000e+05
1.296130000000000000e+05
2.754280000000000000e+05
1.892700000000000000e+05
3.381400000000000000e+05
2.782260000000000000e+05
2.816950000000000000e+05
3.313760000000000000e+05
1.564430000000000000e+05
1.557420000000000000e+05
2.945940000000000000e+05
3.476130000000000000e+05
3.509830000000000000e+05
3.100270000000000000e+05
3.785080000000000000e+05
3.332170000000000000e+05
1.039790000000000000e+05
6.604200000000000000e+04
3.066410000000000000e+05
3.286770000000000000e+05
3.034840000000000000e+05
3.934790000000000000e+05
3.791560000000000000e+05
3.604370000000000000e+05
3.207010000000000000e+05
2.449040000000000000e+05
2.601550000000000000e+05
2.121720000000000000e+05
1.829710000000000000e+05
2.891100000000000000e+05
2.666550000000000000e+05
2.678560000000000000e+05
2.811610000000000000e+05
2.132770000000000000e+05
2.796030000000000000e+05
3.819590000000000000e+05
3.705900000000000000e+05
2.128350000000000000e+05
2.007370000000000000e+05
