1.032000000000000000e+03
1.275050000000000000e+05
2.114000000000000000e+03
5.023400000000000000e+04
1.941600000000000000e+04
0.000000000000000000e+00
4.205000000000000000e+03
5.852300000000000000e+04
7.478400000000000000e+04
0.000000000000000000e+00
1.559000000000000000e+03
2.544800000000000000e+04
3.690000000000000000e+02
9.869000000000000000e+03
0.000000000000000000e+00
2.513100000000000000e+04
2.635000000000000000e+03
4.480400000000000000e+04
2.918600000000000000e+04
2.360000000000000000e+04
2.334500000000000000e+04
1.255000000000000000e+04
0.000000000000000000e+00
2.507100000000000000e+04
0.000000000000000000e+00
0.000000000000000000e+00
1.113800000000000000e+04
8.067000000000000000e+03
3.840200000000000000e+04
6.570300000000000000e+04
2.035500000000000000e+04
0.000000000000000000e+00
1.333200000000000000e+04
3.260000000000000000e+03
3.444100000000000000e+04
5.080400000000000000e+04
0.000000000000000000e+00
1.653800000000000000e+04
0.000000000000000000e+00
3.157600000000000000e+04
8.392000000000000000e+03
1.908700000000000000e+04
5.485000000000000000e+03
2.211200000000000000e+04
9.336000000000000000e+03
0.000000000000000000e+00
3.264900000000000000e+04
1.543600000000000000e+04
6.551200000000000000e+04
5.520000000000000000e+03
