3.387400000000000000e+05
3.737550000000000000e+05
3.103810000000000000e+05
2.690080000000000000e+05
2.829860000000000000e+05
3.107680000000000000e+05
4.214290000000000000e+05
3.017870000000000000e+05
4.109510000000000000e+05
3.534180000000000000e+05
3.633690000000000000e+05
3.597350000000000000e+05
2.866450000000000000e+05
3.829940000000000000e+05
3.259330000000000000e+05
3.765510000000000000e+05
4.382700000000000000e+05
2.983350000000000000e+05
4.210050000000000000e+05
2.742760000000000000e+05
3.389780000000000000e+05
2.830950000000000000e+05
3.568450000000000000e+05
3.454440000000000000e+05
3.999220000000000000e+05
2.475860000000000000e+05
2.473090000000000000e+05
3.953760000000000000e+05
3.461680000000000000e+05
3.556180000000000000e+05
3.551010000000000000e+05
3.499690000000000000e+05
2.947130000000000000e+05
4.084470000000000000e+05
4.283980000000000000e+05
3.217580000000000000e+05
3.410870000000000000e+05
2.620280000000000000e+05
3.039560000000000000e+05
3.216010000000000000e+05
3.810200000000000000e+05
3.629120000000000000e+05
3.207260000000000000e+05
2.993730000000000000e+05
3.373320000000000000e+05
4.835630000000000000e+05
3.219420000000000000e+05
3.238860000000000000e+05
2.107200000000000000e+05
2.484880000000000000e+05
