8.705000000000000000e+03
4.721800000000000000e+04
1.410200000000000000e+04
2.871000000000000000e+03
1.245300000000000000e+04
3.640000000000000000e+02
3.372900000000000000e+04
4.631200000000000000e+04
4.401700000000000000e+04
4.436200000000000000e+04
7.567000000000000000e+03
3.840300000000000000e+04
4.214000000000000000e+03
5.299000000000000000e+04
5.558000000000000000e+03
6.837400000000000000e+04
3.519000000000000000e+04
8.771000000000000000e+03
1.499100000000000000e+04
2.051800000000000000e+04
3.731800000000000000e+04
5.829000000000000000e+03
7.284000000000000000e+03
3.524000000000000000e+03
5.891300000000000000e+04
9.067000000000000000e+03
5.071400000000000000e+04
3.325200000000000000e+04
5.241300000000000000e+04
1.911200000000000000e+04
5.049900000000000000e+04
1.113600000000000000e+04
7.100000000000000000e+03
9.348000000000000000e+03
2.618000000000000000e+03
3.541700000000000000e+04
1.839000000000000000e+03
1.858000000000000000e+03
1.099400000000000000e+04
1.059000000000000000e+03
4.088300000000000000e+04
3.170800000000000000e+04
7.562000000000000000e+03
1.064300000000000000e+04
3.138800000000000000e+04
2.300000000000000000e+02
3.150200000000000000e+04
3.936500000000000000e+04
4.641500000000000000e+04
1.289400000000000000e+04
