2.692210000000000000e+05
3.473910000000000000e+05
2.864630000000000000e+05
2.144630000000000000e+05
3.234410000000000000e+05
3.066120000000000000e+05
2.351940000000000000e+05
3.425020000000000000e+05
2.766190000000000000e+05
5.220090000000000000e+05
2.567380000000000000e+05
2.371140000000000000e+05
3.490910000000000000e+05
3.168670000000000000e+05
4.979330000000000000e+05
3.458800000000000000e+05
2.442540000000000000e+05
3.794770000000000000e+05
3.159890000000000000e+05
2.702430000000000000e+05
2.031480000000000000e+05
3.780960000000000000e+05
2.942900000000000000e+05
2.720820000000000000e+05
3.327830000000000000e+05
3.993850000000000000e+05
3.073710000000000000e+05
3.611140000000000000e+05
2.311010000000000000e+05
3.167780000000000000e+05
2.895800000000000000e+05
2.768760000000000000e+05
3.234160000000000000e+05
4.248100000000000000e+05
2.992500000000000000e+05
2.556560000000000000e+05
3.252320000000000000e+05
3.165760000000000000e+05
3.400900000000000000e+05
2.719100000000000000e+05
2.214760000000000000e+05
3.872000000000000000e+05
3.686430000000000000e+05
3.932730000000000000e+05
2.933360000000000000e+05
3.696030000000000000e+05
2.889670000000000000e+05
2.988250000000000000e+05
3.708720000000000000e+05
2.594730000000000000e+05
