2.463550000000000000e+05
3.649070000000000000e+05
1.723520000000000000e+05
4.060190000000000000e+05
3.785040000000000000e+05
4.629860000000000000e+05
4.009290000000000000e+05
4.457630000000000000e+05
3.309720000000000000e+05
4.746200000000000000e+05
4.881710000000000000e+05
4.244400000000000000e+05
4.453910000000000000e+05
4.580480000000000000e+05
2.815100000000000000e+05
2.791670000000000000e+05
3.450680000000000000e+05
3.468210000000000000e+05
3.926720000000000000e+05
3.789090000000000000e+05
4.406930000000000000e+05
3.810450000000000000e+05
4.956250000000000000e+05
2.533600000000000000e+05
4.725240000000000000e+05
3.622380000000000000e+05
3.482560000000000000e+05
3.962390000000000000e+05
4.355310000000000000e+05
3.608320000000000000e+05
3.357340000000000000e+05
4.331650000000000000e+05
2.774260000000000000e+05
4.408740000000000000e+05
4.145300000000000000e+05
3.850640000000000000e+05
3.572050000000000000e+05
3.903570000000000000e+05
3.900060000000000000e+05
2.697920000000000000e+05
3.881390000000000000e+05
3.533910000000000000e+05
3.268300000000000000e+05
3.480320000000000000e+05
2.776850000000000000e+05
4.503110000000000000e+05
3.545420000000000000e+05
4.366820000000000000e+05
3.827320000000000000e+05
2.421910000000000000e+05
