2.968900000000000000e+04
1.191930000000000000e+05
3.509500000000000000e+04
1.566600000000000000e+04
6.552900000000000000e+04
1.387400000000000000e+04
1.228500000000000000e+04
3.988100000000000000e+04
5.001100000000000000e+04
9.894700000000000000e+04
5.035000000000000000e+04
8.169400000000000000e+04
4.831000000000000000e+04
3.236500000000000000e+04
6.891600000000000000e+04
1.002630000000000000e+05
2.084400000000000000e+04
3.683000000000000000e+03
7.934000000000000000e+04
2.769300000000000000e+04
4.131200000000000000e+04
3.551400000000000000e+04
2.292300000000000000e+04
2.121200000000000000e+04
4.525000000000000000e+03
6.117000000000000000e+04
7.246100000000000000e+04
4.944900000000000000e+04
3.937300000000000000e+04
3.107300000000000000e+04
5.789200000000000000e+04
2.734600000000000000e+04
3.588800000000000000e+04
1.805200000000000000e+04
3.504900000000000000e+04
3.772200000000000000e+04
6.120000000000000000e+03
1.882100000000000000e+04
1.442400000000000000e+04
3.906400000000000000e+04
4.315000000000000000e+04
5.863800000000000000e+04
2.021800000000000000e+04
5.342100000000000000e+04
1.032800000000000000e+04
5.601000000000000000e+03
6.610500000000000000e+04
1.497700000000000000e+04
7.190300000000000000e+04
1.688800000000000000e+04
