2.902290000000000000e+05
3.156340000000000000e+05
1.792440000000000000e+05
2.641950000000000000e+05
3.808860000000000000e+05
2.798790000000000000e+05
2.716450000000000000e+05
3.548440000000000000e+05
3.304010000000000000e+05
3.319530000000000000e+05
3.268110000000000000e+05
2.613370000000000000e+05
1.436760000000000000e+05
2.883240000000000000e+05
1.543870000000000000e+05
1.980390000000000000e+05
2.952410000000000000e+05
3.508690000000000000e+05
2.447060000000000000e+05
3.216250000000000000e+05
3.200140000000000000e+05
2.410490000000000000e+05
4.041530000000000000e+05
2.922930000000000000e+05
3.628090000000000000e+05
1.596790000000000000e+05
2.713950000000000000e+05
2.594520000000000000e+05
2.593510000000000000e+05
2.307980000000000000e+05
3.297420000000000000e+05
3.336870000000000000e+05
2.340000000000000000e+05
1.922960000000000000e+05
3.170370000000000000e+05
2.556270000000000000e+05
2.456300000000000000e+05
3.295110000000000000e+05
2.379540000000000000e+05
2.819750000000000000e+05
2.506170000000000000e+05
3.065020000000000000e+05
2.187810000000000000e+05
2.314320000000000000e+05
2.654340000000000000e+05
3.250120000000000000e+05
3.204730000000000000e+05
2.534350000000000000e+05
3.275830000000000000e+05
1.418470000000000000e+05
