1.207400000000000000e+05
1.145220000000000000e+05
2.265190000000000000e+05
1.236550000000000000e+05
1.872570000000000000e+05
3.153800000000000000e+05
2.673980000000000000e+05
9.733900000000000000e+04
1.764120000000000000e+05
1.814650000000000000e+05
2.250260000000000000e+05
1.345690000000000000e+05
2.311710000000000000e+05
3.115660000000000000e+05
1.145750000000000000e+05
1.868460000000000000e+05
1.458730000000000000e+05
1.788480000000000000e+05
1.242590000000000000e+05
1.561190000000000000e+05
1.878790000000000000e+05
1.417300000000000000e+05
2.258560000000000000e+05
1.670350000000000000e+05
2.246560000000000000e+05
2.540600000000000000e+05
1.969300000000000000e+05
2.712320000000000000e+05
1.209630000000000000e+05
2.265420000000000000e+05
2.067340000000000000e+05
2.174780000000000000e+05
1.531640000000000000e+05
2.893620000000000000e+05
1.451150000000000000e+05
1.275460000000000000e+05
2.624140000000000000e+05
1.013080000000000000e+05
4.521720000000000000e+05
9.630300000000000000e+04
2.341900000000000000e+05
1.799550000000000000e+05
2.283970000000000000e+05
2.149610000000000000e+05
4.011230000000000000e+05
2.364220000000000000e+05
9.055300000000000000e+04
2.125590000000000000e+05
1.992590000000000000e+05
1.472910000000000000e+05
