4.166860000000000000e+05
2.192750000000000000e+05
2.427560000000000000e+05
3.227930000000000000e+05
3.808600000000000000e+05
3.490500000000000000e+05
3.878600000000000000e+05
3.448280000000000000e+05
3.592760000000000000e+05
2.677770000000000000e+05
3.813050000000000000e+05
4.424890000000000000e+05
4.636190000000000000e+05
3.549660000000000000e+05
3.012790000000000000e+05
4.105970000000000000e+05
4.318160000000000000e+05
4.240670000000000000e+05
4.286350000000000000e+05
3.192590000000000000e+05
4.340580000000000000e+05
3.871260000000000000e+05
4.630780000000000000e+05
3.770590000000000000e+05
4.098530000000000000e+05
3.084230000000000000e+05
3.854630000000000000e+05
4.731970000000000000e+05
3.137900000000000000e+05
3.889970000000000000e+05
3.913650000000000000e+05
3.679150000000000000e+05
3.589130000000000000e+05
3.250130000000000000e+05
4.483740000000000000e+05
3.696270000000000000e+05
2.448580000000000000e+05
3.769970000000000000e+05
4.161770000000000000e+05
3.098540000000000000e+05
3.779770000000000000e+05
3.960190000000000000e+05
4.185630000000000000e+05
3.235920000000000000e+05
3.810870000000000000e+05
4.356990000000000000e+05
3.977080000000000000e+05
2.718240000000000000e+05
2.149610000000000000e+05
3.621640000000000000e+05
