1.071600000000000000e+05
1.192190000000000000e+05
1.071010000000000000e+05
7.317800000000000000e+04
8.454300000000000000e+04
8.759800000000000000e+04
1.006060000000000000e+05
1.179540000000000000e+05
1.112030000000000000e+05
1.047850000000000000e+05
8.190600000000000000e+04
8.774900000000000000e+04
5.567100000000000000e+04
6.047500000000000000e+04
1.114220000000000000e+05
9.263600000000000000e+04
9.461000000000000000e+04
1.145670000000000000e+05
1.216910000000000000e+05
1.019380000000000000e+05
1.019520000000000000e+05
9.181000000000000000e+04
8.775900000000000000e+04
9.379400000000000000e+04
7.958500000000000000e+04
9.178300000000000000e+04
1.009770000000000000e+05
8.580800000000000000e+04
9.276900000000000000e+04
1.445560000000000000e+05
8.437600000000000000e+04
6.420800000000000000e+04
1.069660000000000000e+05
7.325300000000000000e+04
9.900600000000000000e+04
8.406500000000000000e+04
9.346000000000000000e+04
1.080760000000000000e+05
6.770700000000000000e+04
8.941900000000000000e+04
8.079400000000000000e+04
1.361630000000000000e+05
1.119590000000000000e+05
8.819100000000000000e+04
9.050300000000000000e+04
1.306360000000000000e+05
1.045560000000000000e+05
9.805200000000000000e+04
1.032390000000000000e+05
7.595500000000000000e+04
