1.044090000000000000e+05
1.186100000000000000e+05
1.073380000000000000e+05
9.048700000000000000e+04
9.750300000000000000e+04
9.339700000000000000e+04
1.370070000000000000e+05
1.179860000000000000e+05
1.057320000000000000e+05
9.322700000000000000e+04
6.490600000000000000e+04
8.527200000000000000e+04
6.826900000000000000e+04
6.136800000000000000e+04
1.251320000000000000e+05
1.050830000000000000e+05
9.807700000000000000e+04
1.063250000000000000e+05
1.223040000000000000e+05
9.876500000000000000e+04
1.147570000000000000e+05
8.284800000000000000e+04
1.045290000000000000e+05
8.869200000000000000e+04
1.123620000000000000e+05
1.066510000000000000e+05
1.043860000000000000e+05
7.478800000000000000e+04
1.024700000000000000e+05
1.406800000000000000e+05
9.208800000000000000e+04
8.553900000000000000e+04
1.114590000000000000e+05
1.003750000000000000e+05
7.765200000000000000e+04
9.132000000000000000e+04
9.280000000000000000e+04
1.278520000000000000e+05
6.426600000000000000e+04
9.734600000000000000e+04
6.990700000000000000e+04
1.235650000000000000e+05
1.087420000000000000e+05
1.075150000000000000e+05
7.779300000000000000e+04
1.691860000000000000e+05
1.107970000000000000e+05
1.013140000000000000e+05
9.003000000000000000e+04
8.143800000000000000e+04
