3.000600000000000000e+04
2.283500000000000000e+04
1.312500000000000000e+04
3.282500000000000000e+04
4.002100000000000000e+04
8.509000000000000000e+03
2.590000000000000000e+02
1.317700000000000000e+04
1.981500000000000000e+04
1.602600000000000000e+04
1.154700000000000000e+04
1.886400000000000000e+04
2.246200000000000000e+04
2.113900000000000000e+04
2.197000000000000000e+04
1.270100000000000000e+04
5.199000000000000000e+03
4.567300000000000000e+04
8.058000000000000000e+03
1.812100000000000000e+04
2.739300000000000000e+04
2.485800000000000000e+04
1.022100000000000000e+04
1.647600000000000000e+04
9.760000000000000000e+03
2.535400000000000000e+04
2.800600000000000000e+04
3.759000000000000000e+04
2.939000000000000000e+04
2.785600000000000000e+04
4.900300000000000000e+04
5.451000000000000000e+03
4.198200000000000000e+04
8.604000000000000000e+03
1.521300000000000000e+04
5.089300000000000000e+04
2.523900000000000000e+04
5.017000000000000000e+03
1.737100000000000000e+04
2.285900000000000000e+04
3.634700000000000000e+04
3.024700000000000000e+04
1.185900000000000000e+04
5.477300000000000000e+04
5.215600000000000000e+04
9.523000000000000000e+03
8.020000000000000000e+03
1.170900000000000000e+04
6.723800000000000000e+04
2.869200000000000000e+04
