5.411000000000000000e+04
5.673300000000000000e+04
4.163800000000000000e+04
5.207900000000000000e+04
5.256100000000000000e+04
3.327700000000000000e+04
6.302600000000000000e+04
3.123300000000000000e+04
3.086100000000000000e+04
5.375300000000000000e+04
5.402400000000000000e+04
4.900000000000000000e+04
4.525200000000000000e+04
7.511800000000000000e+04
5.393200000000000000e+04
4.669700000000000000e+04
4.978600000000000000e+04
2.634800000000000000e+04
6.157200000000000000e+04
3.225100000000000000e+04
2.953800000000000000e+04
6.503600000000000000e+04
4.920400000000000000e+04
4.591400000000000000e+04
6.493200000000000000e+04
8.405900000000000000e+04
2.476000000000000000e+04
1.274800000000000000e+04
7.370200000000000000e+04
3.557100000000000000e+04
7.062200000000000000e+04
4.360900000000000000e+04
6.413600000000000000e+04
3.108800000000000000e+04
2.340000000000000000e+04
4.497800000000000000e+04
4.058500000000000000e+04
3.983200000000000000e+04
5.362700000000000000e+04
5.950300000000000000e+04
5.847900000000000000e+04
4.862700000000000000e+04
3.349900000000000000e+04
3.527300000000000000e+04
5.109800000000000000e+04
4.060500000000000000e+04
7.442100000000000000e+04
5.557200000000000000e+04
3.410200000000000000e+04
4.256200000000000000e+04
