6.542400000000000000e+04
6.243800000000000000e+04
8.230900000000000000e+04
6.210600000000000000e+04
5.288000000000000000e+04
6.372500000000000000e+04
6.631300000000000000e+04
6.457600000000000000e+04
7.637400000000000000e+04
6.889800000000000000e+04
6.623600000000000000e+04
1.025450000000000000e+05
6.854400000000000000e+04
1.302940000000000000e+05
4.630600000000000000e+04
6.370800000000000000e+04
8.838700000000000000e+04
5.149400000000000000e+04
6.708700000000000000e+04
8.424600000000000000e+04
8.311400000000000000e+04
8.947600000000000000e+04
9.856800000000000000e+04
6.834100000000000000e+04
9.571700000000000000e+04
1.017990000000000000e+05
6.388800000000000000e+04
5.394300000000000000e+04
6.590300000000000000e+04
8.819200000000000000e+04
7.730100000000000000e+04
6.997400000000000000e+04
8.058400000000000000e+04
7.098100000000000000e+04
5.438000000000000000e+04
9.018300000000000000e+04
7.918300000000000000e+04
8.240500000000000000e+04
6.213500000000000000e+04
7.250000000000000000e+04
9.593800000000000000e+04
8.340900000000000000e+04
7.155400000000000000e+04
8.279500000000000000e+04
8.092000000000000000e+04
8.590000000000000000e+04
7.445100000000000000e+04
8.908500000000000000e+04
1.160680000000000000e+05
7.246000000000000000e+04
