8.263100000000000000e+04
5.840300000000000000e+04
8.203500000000000000e+04
6.500300000000000000e+04
8.387800000000000000e+04
6.654700000000000000e+04
6.048700000000000000e+04
4.390800000000000000e+04
8.188800000000000000e+04
7.396900000000000000e+04
6.979800000000000000e+04
1.213110000000000000e+05
7.422000000000000000e+04
8.084600000000000000e+04
9.459400000000000000e+04
7.533800000000000000e+04
8.298900000000000000e+04
6.563300000000000000e+04
3.338500000000000000e+04
6.647900000000000000e+04
8.669700000000000000e+04
4.229300000000000000e+04
7.780800000000000000e+04
6.263200000000000000e+04
6.627500000000000000e+04
6.661900000000000000e+04
8.745800000000000000e+04
7.952000000000000000e+04
6.526900000000000000e+04
9.733600000000000000e+04
5.665400000000000000e+04
6.060000000000000000e+04
7.538900000000000000e+04
7.333500000000000000e+04
8.387700000000000000e+04
1.020140000000000000e+05
3.781900000000000000e+04
8.664100000000000000e+04
7.205500000000000000e+04
6.878400000000000000e+04
8.716100000000000000e+04
7.976100000000000000e+04
9.828800000000000000e+04
7.617800000000000000e+04
6.564400000000000000e+04
9.155000000000000000e+04
3.854300000000000000e+04
7.501700000000000000e+04
7.203500000000000000e+04
8.728900000000000000e+04
