5.610800000000000000e+04
5.479200000000000000e+04
5.969500000000000000e+04
5.140400000000000000e+04
6.841300000000000000e+04
5.302100000000000000e+04
7.659900000000000000e+04
4.484000000000000000e+04
4.747000000000000000e+04
5.633200000000000000e+04
5.939100000000000000e+04
2.775900000000000000e+04
4.369200000000000000e+04
3.436200000000000000e+04
5.262300000000000000e+04
3.964900000000000000e+04
2.328000000000000000e+04
5.565600000000000000e+04
4.752400000000000000e+04
6.002200000000000000e+04
5.561800000000000000e+04
6.578600000000000000e+04
3.757000000000000000e+04
4.866300000000000000e+04
7.958400000000000000e+04
4.398600000000000000e+04
5.163900000000000000e+04
4.878200000000000000e+04
3.823900000000000000e+04
7.297600000000000000e+04
1.841800000000000000e+04
6.475300000000000000e+04
2.508200000000000000e+04
3.108500000000000000e+04
4.767300000000000000e+04
7.032300000000000000e+04
5.916000000000000000e+04
5.959600000000000000e+04
3.495300000000000000e+04
2.405900000000000000e+04
2.350800000000000000e+04
2.142700000000000000e+04
5.614500000000000000e+04
5.207000000000000000e+04
4.002700000000000000e+04
4.259200000000000000e+04
5.397900000000000000e+04
4.372300000000000000e+04
5.524300000000000000e+04
3.582600000000000000e+04
