5.035700000000000000e+04
6.349000000000000000e+04
5.306400000000000000e+04
4.784600000000000000e+04
6.118500000000000000e+04
5.722400000000000000e+04
7.739800000000000000e+04
3.912200000000000000e+04
5.348600000000000000e+04
6.919800000000000000e+04
4.322400000000000000e+04
4.292000000000000000e+04
4.714300000000000000e+04
4.500100000000000000e+04
5.435500000000000000e+04
4.416800000000000000e+04
3.051400000000000000e+04
6.890400000000000000e+04
3.481900000000000000e+04
5.875400000000000000e+04
3.705000000000000000e+04
7.276600000000000000e+04
5.567600000000000000e+04
5.848200000000000000e+04
7.557900000000000000e+04
5.014500000000000000e+04
3.508500000000000000e+04
4.604900000000000000e+04
5.305600000000000000e+04
5.044700000000000000e+04
4.072600000000000000e+04
4.611700000000000000e+04
5.545500000000000000e+04
5.642800000000000000e+04
4.419900000000000000e+04
4.131300000000000000e+04
3.401000000000000000e+04
6.708500000000000000e+04
4.546600000000000000e+04
3.740900000000000000e+04
6.189600000000000000e+04
3.466100000000000000e+04
5.495600000000000000e+04
6.613100000000000000e+04
3.447200000000000000e+04
5.322900000000000000e+04
5.743700000000000000e+04
5.709400000000000000e+04
3.576800000000000000e+04
2.947700000000000000e+04
