8.631600000000000000e+04
7.995900000000000000e+04
9.337200000000000000e+04
6.596300000000000000e+04
8.019800000000000000e+04
7.861000000000000000e+04
9.840800000000000000e+04
6.205900000000000000e+04
8.891700000000000000e+04
8.809400000000000000e+04
8.275800000000000000e+04
1.055020000000000000e+05
9.345300000000000000e+04
8.895600000000000000e+04
1.178310000000000000e+05
8.002200000000000000e+04
7.658200000000000000e+04
8.085600000000000000e+04
7.837000000000000000e+04
6.933900000000000000e+04
8.397900000000000000e+04
6.227700000000000000e+04
8.796800000000000000e+04
7.425700000000000000e+04
6.670000000000000000e+04
1.054680000000000000e+05
1.039710000000000000e+05
1.104330000000000000e+05
7.481700000000000000e+04
9.339800000000000000e+04
7.495000000000000000e+04
6.595100000000000000e+04
7.550300000000000000e+04
1.144490000000000000e+05
1.046510000000000000e+05
1.138060000000000000e+05
7.091800000000000000e+04
1.099310000000000000e+05
7.937100000000000000e+04
8.654800000000000000e+04
8.163100000000000000e+04
1.104430000000000000e+05
9.648300000000000000e+04
6.954900000000000000e+04
9.722300000000000000e+04
8.156400000000000000e+04
7.274100000000000000e+04
8.479500000000000000e+04
9.416300000000000000e+04
8.703600000000000000e+04
