5.467600000000000000e+04
7.398600000000000000e+04
6.515800000000000000e+04
6.012800000000000000e+04
9.995000000000000000e+04
1.108550000000000000e+05
8.726500000000000000e+04
8.320300000000000000e+04
7.882400000000000000e+04
6.853200000000000000e+04
8.419300000000000000e+04
1.095270000000000000e+05
7.162400000000000000e+04
8.853700000000000000e+04
1.058680000000000000e+05
9.376200000000000000e+04
8.996200000000000000e+04
8.829100000000000000e+04
8.910800000000000000e+04
8.974800000000000000e+04
8.514100000000000000e+04
1.034160000000000000e+05
1.106300000000000000e+05
9.969300000000000000e+04
1.087460000000000000e+05
1.030300000000000000e+05
9.046600000000000000e+04
1.140020000000000000e+05
1.051760000000000000e+05
1.012870000000000000e+05
8.174400000000000000e+04
1.095780000000000000e+05
7.878100000000000000e+04
9.355100000000000000e+04
7.791400000000000000e+04
1.089020000000000000e+05
9.984900000000000000e+04
1.069300000000000000e+05
7.862300000000000000e+04
8.297400000000000000e+04
7.526200000000000000e+04
6.236300000000000000e+04
1.003150000000000000e+05
9.973200000000000000e+04
7.794000000000000000e+04
8.452100000000000000e+04
8.118300000000000000e+04
9.225800000000000000e+04
7.302900000000000000e+04
9.823300000000000000e+04
