5.962900000000000000e+04
6.031000000000000000e+04
8.008800000000000000e+04
6.650600000000000000e+04
6.780100000000000000e+04
6.682700000000000000e+04
6.052400000000000000e+04
6.214000000000000000e+04
6.594800000000000000e+04
7.193700000000000000e+04
7.899500000000000000e+04
8.716500000000000000e+04
6.864700000000000000e+04
1.026290000000000000e+05
5.162000000000000000e+04
5.735900000000000000e+04
8.087500000000000000e+04
5.850400000000000000e+04
6.747900000000000000e+04
7.425400000000000000e+04
8.825500000000000000e+04
7.738600000000000000e+04
9.230000000000000000e+04
8.216400000000000000e+04
8.782400000000000000e+04
8.209600000000000000e+04
6.482000000000000000e+04
6.394400000000000000e+04
7.127600000000000000e+04
7.289900000000000000e+04
7.647800000000000000e+04
7.841300000000000000e+04
8.462700000000000000e+04
7.231900000000000000e+04
5.955100000000000000e+04
1.036570000000000000e+05
9.118500000000000000e+04
6.445000000000000000e+04
7.668000000000000000e+04
4.698400000000000000e+04
1.170800000000000000e+05
8.042800000000000000e+04
6.521900000000000000e+04
7.641400000000000000e+04
8.067300000000000000e+04
7.315100000000000000e+04
7.075300000000000000e+04
8.827200000000000000e+04
1.188550000000000000e+05
6.931000000000000000e+04
