9.749200000000000000e+04
8.576600000000000000e+04
9.651100000000000000e+04
9.765000000000000000e+04
8.294600000000000000e+04
7.486900000000000000e+04
7.831400000000000000e+04
5.437500000000000000e+04
1.019770000000000000e+05
8.983900000000000000e+04
8.415200000000000000e+04
1.118700000000000000e+05
9.368500000000000000e+04
9.359900000000000000e+04
1.018160000000000000e+05
9.433300000000000000e+04
8.747800000000000000e+04
9.208600000000000000e+04
6.488100000000000000e+04
8.991400000000000000e+04
1.078730000000000000e+05
5.297000000000000000e+04
9.478700000000000000e+04
8.406100000000000000e+04
8.148600000000000000e+04
1.126110000000000000e+05
1.051770000000000000e+05
1.014170000000000000e+05
7.024300000000000000e+04
9.158000000000000000e+04
7.121400000000000000e+04
9.582800000000000000e+04
7.776900000000000000e+04
9.064100000000000000e+04
1.138220000000000000e+05
1.096770000000000000e+05
8.061100000000000000e+04
9.784200000000000000e+04
1.003330000000000000e+05
8.748900000000000000e+04
8.318100000000000000e+04
7.805700000000000000e+04
1.146660000000000000e+05
8.822000000000000000e+04
9.932400000000000000e+04
8.133900000000000000e+04
9.051500000000000000e+04
9.104700000000000000e+04
9.370200000000000000e+04
1.096550000000000000e+05
