8.153100000000000000e+04
1.034320000000000000e+05
1.126550000000000000e+05
6.092800000000000000e+04
9.698100000000000000e+04
7.936400000000000000e+04
9.892300000000000000e+04
1.023890000000000000e+05
1.180940000000000000e+05
6.550400000000000000e+04
7.957700000000000000e+04
8.781700000000000000e+04
5.389600000000000000e+04
6.755400000000000000e+04
9.701300000000000000e+04
7.991900000000000000e+04
1.038170000000000000e+05
1.141710000000000000e+05
8.694700000000000000e+04
9.389000000000000000e+04
9.876300000000000000e+04
7.441800000000000000e+04
7.198800000000000000e+04
8.476900000000000000e+04
6.792700000000000000e+04
7.151300000000000000e+04
1.106220000000000000e+05
7.914800000000000000e+04
1.146880000000000000e+05
1.198000000000000000e+05
9.046500000000000000e+04
7.010000000000000000e+04
1.095590000000000000e+05
6.956900000000000000e+04
8.888800000000000000e+04
7.758000000000000000e+04
1.147580000000000000e+05
9.608600000000000000e+04
5.427700000000000000e+04
1.063010000000000000e+05
8.524700000000000000e+04
1.345080000000000000e+05
9.718300000000000000e+04
1.159350000000000000e+05
7.307500000000000000e+04
1.165810000000000000e+05
8.189200000000000000e+04
8.577100000000000000e+04
8.882400000000000000e+04
4.888200000000000000e+04
