2.459910000000000000e+05
2.781570000000000000e+05
3.648970000000000000e+05
2.767310000000000000e+05
2.321690000000000000e+05
3.088570000000000000e+05
2.834030000000000000e+05
3.051570000000000000e+05
2.256850000000000000e+05
3.587760000000000000e+05
3.269760000000000000e+05
3.010390000000000000e+05
2.882520000000000000e+05
3.042720000000000000e+05
2.708840000000000000e+05
1.667160000000000000e+05
2.699510000000000000e+05
2.933730000000000000e+05
3.299570000000000000e+05
2.892010000000000000e+05
2.503330000000000000e+05
2.720910000000000000e+05
2.916350000000000000e+05
2.510100000000000000e+05
2.452870000000000000e+05
2.630660000000000000e+05
2.612620000000000000e+05
3.062010000000000000e+05
1.821440000000000000e+05
2.354330000000000000e+05
2.796240000000000000e+05
2.554950000000000000e+05
2.962740000000000000e+05
2.927000000000000000e+05
2.186490000000000000e+05
2.862550000000000000e+05
2.351470000000000000e+05
2.781500000000000000e+05
2.687620000000000000e+05
2.830670000000000000e+05
2.504270000000000000e+05
2.755940000000000000e+05
2.916490000000000000e+05
3.100950000000000000e+05
2.721360000000000000e+05
1.251680000000000000e+05
2.598760000000000000e+05
2.608060000000000000e+05
2.347200000000000000e+05
1.969040000000000000e+05
