3.282840000000000000e+05
3.298130000000000000e+05
3.084530000000000000e+05
2.913050000000000000e+05
3.532340000000000000e+05
3.093520000000000000e+05
3.465480000000000000e+05
3.147460000000000000e+05
3.286300000000000000e+05
3.186940000000000000e+05
2.499020000000000000e+05
3.283250000000000000e+05
3.340830000000000000e+05
3.481900000000000000e+05
3.480160000000000000e+05
2.971780000000000000e+05
3.123140000000000000e+05
3.255500000000000000e+05
3.828970000000000000e+05
3.803300000000000000e+05
3.074800000000000000e+05
2.907320000000000000e+05
2.858310000000000000e+05
3.494110000000000000e+05
2.876420000000000000e+05
2.858310000000000000e+05
3.037490000000000000e+05
2.912300000000000000e+05
2.434200000000000000e+05
3.112600000000000000e+05
2.992580000000000000e+05
3.049550000000000000e+05
3.171400000000000000e+05
2.677880000000000000e+05
3.275190000000000000e+05
2.280790000000000000e+05
2.754300000000000000e+05
3.794040000000000000e+05
2.853680000000000000e+05
3.133890000000000000e+05
3.670250000000000000e+05
3.152050000000000000e+05
2.933460000000000000e+05
3.163310000000000000e+05
2.663890000000000000e+05
3.047790000000000000e+05
2.965440000000000000e+05
3.302550000000000000e+05
3.560650000000000000e+05
3.384840000000000000e+05
