3.135450000000000000e+05
2.720990000000000000e+05
3.034380000000000000e+05
2.706220000000000000e+05
2.217720000000000000e+05
2.376820000000000000e+05
4.175910000000000000e+05
2.331230000000000000e+05
2.666840000000000000e+05
3.518470000000000000e+05
2.303790000000000000e+05
3.556980000000000000e+05
2.117030000000000000e+05
2.876300000000000000e+05
2.753880000000000000e+05
3.244200000000000000e+05
2.918850000000000000e+05
3.092210000000000000e+05
2.345870000000000000e+05
2.287560000000000000e+05
3.352690000000000000e+05
2.224330000000000000e+05
1.634010000000000000e+05
2.395330000000000000e+05
2.484530000000000000e+05
2.356530000000000000e+05
2.443670000000000000e+05
2.547960000000000000e+05
2.957080000000000000e+05
2.579800000000000000e+05
1.981770000000000000e+05
2.763050000000000000e+05
2.625010000000000000e+05
2.546130000000000000e+05
2.130850000000000000e+05
2.022780000000000000e+05
3.236810000000000000e+05
2.147310000000000000e+05
3.033820000000000000e+05
2.547760000000000000e+05
3.310980000000000000e+05
2.646970000000000000e+05
2.425140000000000000e+05
2.274620000000000000e+05
3.291880000000000000e+05
2.628110000000000000e+05
3.112900000000000000e+05
3.350520000000000000e+05
3.315880000000000000e+05
1.905820000000000000e+05
