2.447040000000000000e+05
3.834220000000000000e+05
3.717340000000000000e+05
4.289700000000000000e+05
3.867740000000000000e+05
2.678030000000000000e+05
2.731450000000000000e+05
4.047650000000000000e+05
3.381390000000000000e+05
3.930550000000000000e+05
4.519420000000000000e+05
3.597120000000000000e+05
3.488660000000000000e+05
2.392750000000000000e+05
3.768540000000000000e+05
3.487170000000000000e+05
3.900360000000000000e+05
3.959370000000000000e+05
3.453220000000000000e+05
4.326760000000000000e+05
4.043250000000000000e+05
3.440600000000000000e+05
4.449810000000000000e+05
3.321340000000000000e+05
3.117330000000000000e+05
3.196890000000000000e+05
3.005120000000000000e+05
3.495620000000000000e+05
4.042460000000000000e+05
3.853960000000000000e+05
3.961160000000000000e+05
3.664490000000000000e+05
3.204850000000000000e+05
4.264150000000000000e+05
3.822950000000000000e+05
3.354010000000000000e+05
3.556700000000000000e+05
4.405270000000000000e+05
3.942440000000000000e+05
3.855830000000000000e+05
3.638390000000000000e+05
4.278290000000000000e+05
3.563620000000000000e+05
3.780980000000000000e+05
3.906090000000000000e+05
3.342240000000000000e+05
3.967950000000000000e+05
3.265350000000000000e+05
3.497390000000000000e+05
3.022000000000000000e+05
