3.716800000000000000e+05
4.641640000000000000e+05
4.301350000000000000e+05
4.698040000000000000e+05
4.461690000000000000e+05
3.833910000000000000e+05
4.377190000000000000e+05
4.100550000000000000e+05
4.357700000000000000e+05
4.974840000000000000e+05
4.482160000000000000e+05
3.840390000000000000e+05
4.287820000000000000e+05
3.884460000000000000e+05
4.517050000000000000e+05
4.346450000000000000e+05
4.283460000000000000e+05
4.922280000000000000e+05
3.995510000000000000e+05
4.999900000000000000e+05
4.541660000000000000e+05
4.231020000000000000e+05
4.520700000000000000e+05
4.398920000000000000e+05
4.100790000000000000e+05
4.133740000000000000e+05
4.626680000000000000e+05
3.939330000000000000e+05
4.458020000000000000e+05
4.178070000000000000e+05
4.118470000000000000e+05
3.709660000000000000e+05
3.594250000000000000e+05
4.635900000000000000e+05
4.298230000000000000e+05
4.199880000000000000e+05
4.690660000000000000e+05
4.682660000000000000e+05
3.652020000000000000e+05
3.894970000000000000e+05
4.431480000000000000e+05
4.234000000000000000e+05
4.040520000000000000e+05
4.255040000000000000e+05
4.612990000000000000e+05
3.950430000000000000e+05
3.637460000000000000e+05
4.042970000000000000e+05
3.919070000000000000e+05
3.828810000000000000e+05
