2.230030000000000000e+05
3.124650000000000000e+05
2.873610000000000000e+05
3.038110000000000000e+05
3.075400000000000000e+05
2.566260000000000000e+05
2.825100000000000000e+05
2.975630000000000000e+05
3.199860000000000000e+05
2.776260000000000000e+05
3.372860000000000000e+05
2.697780000000000000e+05
2.843060000000000000e+05
3.572190000000000000e+05
3.198540000000000000e+05
3.206260000000000000e+05
3.049250000000000000e+05
3.204930000000000000e+05
2.401550000000000000e+05
3.737400000000000000e+05
3.206270000000000000e+05
2.951730000000000000e+05
2.985540000000000000e+05
3.106020000000000000e+05
2.414030000000000000e+05
2.621710000000000000e+05
2.914840000000000000e+05
2.525760000000000000e+05
3.360670000000000000e+05
3.258650000000000000e+05
2.504520000000000000e+05
2.662890000000000000e+05
2.733970000000000000e+05
3.048260000000000000e+05
3.778490000000000000e+05
3.003940000000000000e+05
3.784960000000000000e+05
3.129670000000000000e+05
2.689820000000000000e+05
3.184490000000000000e+05
2.501910000000000000e+05
2.950360000000000000e+05
3.459680000000000000e+05
3.494020000000000000e+05
3.178650000000000000e+05
2.973820000000000000e+05
3.096940000000000000e+05
3.232960000000000000e+05
2.599180000000000000e+05
2.964520000000000000e+05
