2.548760000000000000e+05
3.493140000000000000e+05
2.055200000000000000e+05
3.847210000000000000e+05
3.216470000000000000e+05
3.552260000000000000e+05
2.812750000000000000e+05
1.034550000000000000e+05
3.532130000000000000e+05
3.769680000000000000e+05
1.741410000000000000e+05
3.411990000000000000e+05
3.029240000000000000e+05
3.045510000000000000e+05
3.203470000000000000e+05
3.258230000000000000e+05
3.240350000000000000e+05
2.909340000000000000e+05
3.630250000000000000e+05
2.149730000000000000e+05
3.081730000000000000e+05
3.690530000000000000e+05
3.140970000000000000e+05
2.325800000000000000e+05
3.365630000000000000e+05
3.494630000000000000e+05
3.467030000000000000e+05
2.988650000000000000e+05
3.464690000000000000e+05
3.007260000000000000e+05
2.269690000000000000e+05
3.461380000000000000e+05
3.184140000000000000e+05
2.118360000000000000e+05
3.246360000000000000e+05
3.914000000000000000e+04
2.364710000000000000e+05
4.049120000000000000e+05
3.666600000000000000e+05
3.155900000000000000e+05
3.032060000000000000e+05
3.294660000000000000e+05
3.108860000000000000e+05
1.033180000000000000e+05
3.556500000000000000e+05
3.060120000000000000e+05
3.125820000000000000e+05
2.941950000000000000e+05
2.146310000000000000e+05
2.192690000000000000e+05
