6.635000000000000000e+04
1.925100000000000000e+04
6.631500000000000000e+04
3.176600000000000000e+04
6.391500000000000000e+04
5.547000000000000000e+04
3.779200000000000000e+04
7.057300000000000000e+04
1.435800000000000000e+04
1.018480000000000000e+05
2.127500000000000000e+04
2.477600000000000000e+04
1.359700000000000000e+04
2.141600000000000000e+04
1.229440000000000000e+05
1.495800000000000000e+04
2.971000000000000000e+04
1.323460000000000000e+05
1.657590000000000000e+05
3.102400000000000000e+04
1.207360000000000000e+05
5.519500000000000000e+04
5.718600000000000000e+04
2.122000000000000000e+04
5.497700000000000000e+04
2.829800000000000000e+04
1.570800000000000000e+04
1.257800000000000000e+05
1.892820000000000000e+05
1.020260000000000000e+05
6.955400000000000000e+04
5.533700000000000000e+04
1.280250000000000000e+05
5.453700000000000000e+04
7.651000000000000000e+03
2.384500000000000000e+04
2.787800000000000000e+04
6.141500000000000000e+04
4.700000000000000000e+04
6.900000000000000000e+04
1.073790000000000000e+05
2.096200000000000000e+04
1.650200000000000000e+04
6.199500000000000000e+04
4.747400000000000000e+04
3.500000000000000000e+04
6.304200000000000000e+04
1.265200000000000000e+05
0.000000000000000000e+00
1.500530000000000000e+05
