2.852490000000000000e+05
3.249960000000000000e+05
2.778630000000000000e+05
2.424270000000000000e+05
2.999350000000000000e+05
2.750430000000000000e+05
2.949930000000000000e+05
3.613220000000000000e+05
3.385130000000000000e+05
2.685700000000000000e+05
2.719440000000000000e+05
2.504210000000000000e+05
3.704380000000000000e+05
2.449600000000000000e+05
3.153100000000000000e+05
2.742130000000000000e+05
3.154660000000000000e+05
3.909050000000000000e+05
2.141370000000000000e+05
2.610350000000000000e+05
3.181900000000000000e+05
2.661180000000000000e+05
3.185530000000000000e+05
2.753610000000000000e+05
2.864670000000000000e+05
3.166020000000000000e+05
3.329070000000000000e+05
2.828860000000000000e+05
3.352600000000000000e+05
3.346320000000000000e+05
2.249470000000000000e+05
2.769560000000000000e+05
2.885580000000000000e+05
3.471690000000000000e+05
2.917370000000000000e+05
2.536290000000000000e+05
3.283970000000000000e+05
2.465650000000000000e+05
2.933200000000000000e+05
2.409330000000000000e+05
2.627600000000000000e+05
3.025850000000000000e+05
3.354430000000000000e+05
3.218870000000000000e+05
3.174460000000000000e+05
3.320330000000000000e+05
3.154660000000000000e+05
2.966130000000000000e+05
2.692030000000000000e+05
2.229020000000000000e+05
