2.633010000000000000e+05
3.409850000000000000e+05
1.640130000000000000e+05
1.389020000000000000e+05
2.521820000000000000e+05
1.328210000000000000e+05
2.593670000000000000e+05
2.158070000000000000e+05
6.513400000000000000e+04
2.323750000000000000e+05
1.707800000000000000e+05
3.098220000000000000e+05
2.688150000000000000e+05
1.892170000000000000e+05
7.060000000000000000e+03
1.638040000000000000e+05
3.337690000000000000e+05
2.273380000000000000e+05
2.280150000000000000e+05
1.966930000000000000e+05
1.131630000000000000e+05
8.982500000000000000e+04
2.472870000000000000e+05
3.608110000000000000e+05
7.150500000000000000e+04
2.726370000000000000e+05
2.254360000000000000e+05
1.712760000000000000e+05
1.484090000000000000e+05
5.738500000000000000e+04
2.737730000000000000e+05
9.994000000000000000e+04
3.355080000000000000e+05
3.261450000000000000e+05
1.354260000000000000e+05
2.383130000000000000e+05
1.810120000000000000e+05
2.707950000000000000e+05
1.669620000000000000e+05
3.342890000000000000e+05
2.567530000000000000e+05
3.607210000000000000e+05
2.009770000000000000e+05
2.051740000000000000e+05
1.238470000000000000e+05
3.277420000000000000e+05
2.640360000000000000e+05
2.470810000000000000e+05
3.000350000000000000e+05
2.915690000000000000e+05
