1.149630000000000000e+05
1.759790000000000000e+05
1.076770000000000000e+05
1.377130000000000000e+05
1.404210000000000000e+05
1.170520000000000000e+05
1.306410000000000000e+05
1.240040000000000000e+05
9.969800000000000000e+04
1.530730000000000000e+05
1.347750000000000000e+05
9.177200000000000000e+04
1.304730000000000000e+05
7.325200000000000000e+04
1.015250000000000000e+05
2.045970000000000000e+05
2.136380000000000000e+05
2.042890000000000000e+05
6.601400000000000000e+04
1.554330000000000000e+05
4.971300000000000000e+04
8.450800000000000000e+04
1.217250000000000000e+05
1.793540000000000000e+05
1.003580000000000000e+05
1.421440000000000000e+05
9.521800000000000000e+04
2.567120000000000000e+05
4.973600000000000000e+04
1.236760000000000000e+05
1.271790000000000000e+05
2.158210000000000000e+05
7.647000000000000000e+04
4.146200000000000000e+04
5.526100000000000000e+04
3.232900000000000000e+04
6.857100000000000000e+04
2.119860000000000000e+05
6.140300000000000000e+04
1.876460000000000000e+05
1.382400000000000000e+05
1.310610000000000000e+05
1.284400000000000000e+05
2.355050000000000000e+05
7.228600000000000000e+04
1.661210000000000000e+05
3.762400000000000000e+04
1.618640000000000000e+05
4.855600000000000000e+04
6.620400000000000000e+04
