2.681190000000000000e+05
2.694050000000000000e+05
2.089910000000000000e+05
2.743720000000000000e+05
3.007140000000000000e+05
2.779480000000000000e+05
2.001640000000000000e+05
1.230030000000000000e+05
2.455260000000000000e+05
2.719420000000000000e+05
1.912780000000000000e+05
1.605400000000000000e+05
1.589790000000000000e+05
1.850530000000000000e+05
2.307350000000000000e+05
1.188360000000000000e+05
2.449990000000000000e+05
1.923340000000000000e+05
2.854560000000000000e+05
2.323750000000000000e+05
1.622550000000000000e+05
2.251990000000000000e+05
1.334010000000000000e+05
2.384920000000000000e+05
2.603450000000000000e+05
3.113530000000000000e+05
1.715770000000000000e+05
1.472200000000000000e+05
2.371510000000000000e+05
2.430430000000000000e+05
2.375670000000000000e+05
2.723190000000000000e+05
1.288000000000000000e+05
1.527150000000000000e+05
2.220390000000000000e+05
1.639490000000000000e+05
2.105970000000000000e+05
2.957970000000000000e+05
1.062190000000000000e+05
3.075760000000000000e+05
2.170130000000000000e+05
2.617940000000000000e+05
2.353370000000000000e+05
2.334650000000000000e+05
2.837650000000000000e+05
2.277990000000000000e+05
1.710780000000000000e+05
2.809830000000000000e+05
2.481940000000000000e+05
2.673120000000000000e+05
