1.429400000000000000e+04
1.671800000000000000e+04
1.489500000000000000e+04
9.678000000000000000e+03
1.272000000000000000e+04
1.196800000000000000e+04
1.336800000000000000e+04
1.068700000000000000e+04
1.324700000000000000e+04
2.511000000000000000e+04
9.281000000000000000e+03
1.294200000000000000e+04
1.671100000000000000e+04
6.658000000000000000e+03
1.513500000000000000e+04
2.011400000000000000e+04
2.071300000000000000e+04
1.790900000000000000e+04
6.782000000000000000e+03
1.176000000000000000e+04
5.907000000000000000e+03
8.549000000000000000e+03
8.877000000000000000e+03
1.622500000000000000e+04
1.123400000000000000e+04
2.986800000000000000e+04
1.863600000000000000e+04
2.530400000000000000e+04
7.274000000000000000e+03
1.348500000000000000e+04
1.400300000000000000e+04
2.053200000000000000e+04
1.553100000000000000e+04
5.984000000000000000e+03
5.559000000000000000e+03
7.643000000000000000e+03
5.173000000000000000e+03
2.182800000000000000e+04
1.222000000000000000e+04
2.343200000000000000e+04
1.453800000000000000e+04
1.242600000000000000e+04
1.151400000000000000e+04
1.739900000000000000e+04
9.410000000000000000e+03
1.282200000000000000e+04
8.878000000000000000e+03
1.606900000000000000e+04
3.917000000000000000e+03
8.776000000000000000e+03
