3.821000000000000000e+03
7.881000000000000000e+03
6.881000000000000000e+03
7.050000000000000000e+03
9.419000000000000000e+03
6.530000000000000000e+03
7.834000000000000000e+03
7.036000000000000000e+03
1.430600000000000000e+04
1.929200000000000000e+04
6.435000000000000000e+03
1.235400000000000000e+04
5.010000000000000000e+03
2.045800000000000000e+04
3.633000000000000000e+03
2.486000000000000000e+03
7.473000000000000000e+03
1.367000000000000000e+04
1.690300000000000000e+04
5.832000000000000000e+03
1.033200000000000000e+04
9.339000000000000000e+03
7.290000000000000000e+03
2.009100000000000000e+04
4.222000000000000000e+03
1.655200000000000000e+04
9.350000000000000000e+02
1.571000000000000000e+03
1.071000000000000000e+04
8.103000000000000000e+03
7.113000000000000000e+03
7.281000000000000000e+03
4.024000000000000000e+03
1.178200000000000000e+04
7.554000000000000000e+03
5.974000000000000000e+03
4.013000000000000000e+03
1.068700000000000000e+04
5.688000000000000000e+03
5.183000000000000000e+03
1.910400000000000000e+04
9.883000000000000000e+03
1.002600000000000000e+04
1.510900000000000000e+04
2.652000000000000000e+03
7.987000000000000000e+03
2.429000000000000000e+03
1.755500000000000000e+04
1.334000000000000000e+03
1.947500000000000000e+04
