2.426600000000000000e+04
1.129200000000000000e+04
9.566000000000000000e+03
2.169100000000000000e+04
1.552500000000000000e+04
2.877000000000000000e+04
2.314200000000000000e+04
1.207200000000000000e+04
2.983500000000000000e+04
9.873000000000000000e+03
1.921000000000000000e+04
9.949000000000000000e+03
2.420400000000000000e+04
1.303600000000000000e+04
1.943000000000000000e+04
2.722900000000000000e+04
1.727100000000000000e+04
2.346000000000000000e+04
1.389800000000000000e+04
2.305500000000000000e+04
1.609400000000000000e+04
1.528700000000000000e+04
1.636000000000000000e+04
1.621000000000000000e+04
2.760500000000000000e+04
7.453000000000000000e+03
2.406000000000000000e+04
9.076000000000000000e+03
2.141200000000000000e+04
2.091100000000000000e+04
1.519000000000000000e+04
3.700900000000000000e+04
1.440100000000000000e+04
9.719000000000000000e+03
1.923200000000000000e+04
2.391500000000000000e+04
1.316600000000000000e+04
1.548100000000000000e+04
1.324900000000000000e+04
1.530300000000000000e+04
1.779200000000000000e+04
9.340000000000000000e+03
1.458700000000000000e+04
2.075900000000000000e+04
8.790000000000000000e+03
2.506100000000000000e+04
2.145400000000000000e+04
2.149200000000000000e+04
8.632000000000000000e+03
1.848700000000000000e+04
