7.993700000000000000e+04
6.868900000000000000e+04
8.912400000000000000e+04
6.760600000000000000e+04
1.013420000000000000e+05
9.039900000000000000e+04
8.899900000000000000e+04
9.326300000000000000e+04
7.336000000000000000e+04
8.384600000000000000e+04
7.089800000000000000e+04
6.381400000000000000e+04
7.155800000000000000e+04
7.704900000000000000e+04
6.788300000000000000e+04
5.290100000000000000e+04
7.905400000000000000e+04
6.947700000000000000e+04
6.752800000000000000e+04
6.673300000000000000e+04
9.861600000000000000e+04
8.511500000000000000e+04
7.820900000000000000e+04
7.384600000000000000e+04
7.091700000000000000e+04
9.202200000000000000e+04
9.318500000000000000e+04
9.501300000000000000e+04
7.596800000000000000e+04
7.926900000000000000e+04
8.410800000000000000e+04
8.731800000000000000e+04
7.584400000000000000e+04
7.083700000000000000e+04
5.452700000000000000e+04
8.526500000000000000e+04
6.817500000000000000e+04
6.556600000000000000e+04
7.496500000000000000e+04
6.929100000000000000e+04
8.326300000000000000e+04
8.089300000000000000e+04
6.935400000000000000e+04
1.004620000000000000e+05
1.012880000000000000e+05
5.476200000000000000e+04
6.950900000000000000e+04
8.616900000000000000e+04
8.608800000000000000e+04
4.957900000000000000e+04
