1.085700000000000000e+04
1.989000000000000000e+03
1.577500000000000000e+04
5.375000000000000000e+03
5.966000000000000000e+03
2.598000000000000000e+03
2.150000000000000000e+03
1.050200000000000000e+04
6.293000000000000000e+03
1.113100000000000000e+04
2.229000000000000000e+03
7.240000000000000000e+03
7.224000000000000000e+03
6.078000000000000000e+03
1.354900000000000000e+04
1.555000000000000000e+03
9.899000000000000000e+03
6.824000000000000000e+03
4.454000000000000000e+03
3.713000000000000000e+03
8.914000000000000000e+03
1.333500000000000000e+04
1.803900000000000000e+04
1.135300000000000000e+04
6.294000000000000000e+03
1.014100000000000000e+04
6.018000000000000000e+03
1.151200000000000000e+04
1.124800000000000000e+04
8.793000000000000000e+03
1.942800000000000000e+04
5.730000000000000000e+03
5.249000000000000000e+03
2.940000000000000000e+02
1.066000000000000000e+04
4.464000000000000000e+03
6.739000000000000000e+03
9.657000000000000000e+03
2.578000000000000000e+03
3.396000000000000000e+03
2.178000000000000000e+04
8.746000000000000000e+03
1.529900000000000000e+04
1.034400000000000000e+04
1.674000000000000000e+03
1.941100000000000000e+04
8.340000000000000000e+02
1.342700000000000000e+04
2.236000000000000000e+03
3.009000000000000000e+03
