4.773800000000000000e+04
4.484200000000000000e+04
5.650400000000000000e+04
5.310800000000000000e+04
5.811800000000000000e+04
4.875300000000000000e+04
5.367100000000000000e+04
5.181400000000000000e+04
8.121800000000000000e+04
5.796800000000000000e+04
4.526700000000000000e+04
3.912600000000000000e+04
5.986600000000000000e+04
3.186800000000000000e+04
5.555300000000000000e+04
4.342200000000000000e+04
3.246100000000000000e+04
4.885300000000000000e+04
4.228800000000000000e+04
7.742800000000000000e+04
5.776600000000000000e+04
4.648100000000000000e+04
4.342600000000000000e+04
4.807600000000000000e+04
4.585700000000000000e+04
4.005200000000000000e+04
3.761700000000000000e+04
7.229700000000000000e+04
6.169500000000000000e+04
5.539100000000000000e+04
2.779900000000000000e+04
4.386800000000000000e+04
5.335700000000000000e+04
5.774700000000000000e+04
5.202000000000000000e+04
7.632000000000000000e+04
4.620100000000000000e+04
5.432800000000000000e+04
6.308900000000000000e+04
2.571100000000000000e+04
2.355200000000000000e+04
4.160700000000000000e+04
5.248100000000000000e+04
3.982300000000000000e+04
5.442800000000000000e+04
3.415900000000000000e+04
5.300800000000000000e+04
2.614000000000000000e+04
4.934800000000000000e+04
5.437900000000000000e+04
