1.366200000000000000e+04
1.440000000000000000e+03
1.094400000000000000e+04
5.891000000000000000e+03
1.010900000000000000e+04
1.149600000000000000e+04
1.273300000000000000e+04
8.584000000000000000e+03
3.069000000000000000e+03
1.805400000000000000e+04
9.086000000000000000e+03
3.797000000000000000e+03
1.342000000000000000e+03
6.768000000000000000e+03
1.693700000000000000e+04
6.759000000000000000e+03
4.287000000000000000e+03
1.886600000000000000e+04
1.376200000000000000e+04
6.561000000000000000e+03
1.552700000000000000e+04
5.833000000000000000e+03
7.744000000000000000e+03
1.011400000000000000e+04
5.392000000000000000e+03
2.080000000000000000e+03
6.498000000000000000e+03
1.782400000000000000e+04
1.579300000000000000e+04
7.208000000000000000e+03
1.328000000000000000e+04
6.449000000000000000e+03
1.232600000000000000e+04
3.864000000000000000e+03
4.285000000000000000e+03
3.253000000000000000e+03
8.696000000000000000e+03
6.286000000000000000e+03
8.090000000000000000e+03
7.413000000000000000e+03
9.024000000000000000e+03
7.714000000000000000e+03
4.246000000000000000e+03
6.163000000000000000e+03
7.402000000000000000e+03
8.582000000000000000e+03
6.190000000000000000e+03
1.138300000000000000e+04
1.930000000000000000e+02
1.891000000000000000e+04
