4.165700000000000000e+04
1.896400000000000000e+04
8.517400000000000000e+04
5.169500000000000000e+04
2.180400000000000000e+04
4.010900000000000000e+04
1.027300000000000000e+04
1.587620000000000000e+05
6.964600000000000000e+04
1.538350000000000000e+05
4.949700000000000000e+04
6.736300000000000000e+04
3.527300000000000000e+04
6.320300000000000000e+04
1.355890000000000000e+05
3.649900000000000000e+04
7.564600000000000000e+04
7.838000000000000000e+04
2.058930000000000000e+05
6.178700000000000000e+04
4.966800000000000000e+04
1.170390000000000000e+05
1.634450000000000000e+05
5.123300000000000000e+04
6.819700000000000000e+04
1.030780000000000000e+05
4.520000000000000000e+02
5.851400000000000000e+04
8.789300000000000000e+04
8.978300000000000000e+04
2.468260000000000000e+05
2.120000000000000000e+04
7.067400000000000000e+04
3.900600000000000000e+04
3.893100000000000000e+04
7.174300000000000000e+04
9.583000000000000000e+03
4.279600000000000000e+04
4.017300000000000000e+04
4.315600000000000000e+04
1.933710000000000000e+05
2.668200000000000000e+04
4.988200000000000000e+04
1.585030000000000000e+05
1.292000000000000000e+03
3.236300000000000000e+04
2.137200000000000000e+04
7.536400000000000000e+04
1.039000000000000000e+03
1.546120000000000000e+05
