2.680140000000000000e+05
3.134130000000000000e+05
3.072810000000000000e+05
2.862490000000000000e+05
3.007580000000000000e+05
2.477000000000000000e+05
4.266610000000000000e+05
3.655640000000000000e+05
2.730080000000000000e+05
3.626470000000000000e+05
2.975540000000000000e+05
3.027510000000000000e+05
2.485480000000000000e+05
3.194950000000000000e+05
3.299430000000000000e+05
3.550840000000000000e+05
3.455000000000000000e+05
3.892810000000000000e+05
2.759850000000000000e+05
2.763970000000000000e+05
3.188370000000000000e+05
2.257360000000000000e+05
2.446440000000000000e+05
2.686400000000000000e+05
2.616690000000000000e+05
2.574190000000000000e+05
2.463730000000000000e+05
1.793240000000000000e+05
1.795700000000000000e+05
2.305940000000000000e+05
3.006940000000000000e+05
2.526530000000000000e+05
2.770300000000000000e+05
2.360730000000000000e+05
2.772260000000000000e+05
3.018380000000000000e+05
3.117080000000000000e+05
3.431050000000000000e+05
3.315180000000000000e+05
3.115790000000000000e+05
3.218810000000000000e+05
3.023590000000000000e+05
2.747680000000000000e+05
3.282400000000000000e+05
3.244770000000000000e+05
2.120830000000000000e+05
3.835090000000000000e+05
2.127950000000000000e+05
3.310450000000000000e+05
2.183900000000000000e+05
