4.047060000000000000e+05
4.479260000000000000e+05
4.664560000000000000e+05
4.932160000000000000e+05
3.965410000000000000e+05
4.076790000000000000e+05
4.640360000000000000e+05
4.085890000000000000e+05
4.850530000000000000e+05
5.007750000000000000e+05
4.551830000000000000e+05
4.697920000000000000e+05
4.516250000000000000e+05
3.884320000000000000e+05
4.583300000000000000e+05
4.258080000000000000e+05
4.212540000000000000e+05
4.721040000000000000e+05
3.869800000000000000e+05
4.760110000000000000e+05
4.721780000000000000e+05
4.233000000000000000e+05
4.515580000000000000e+05
3.995040000000000000e+05
4.316610000000000000e+05
3.724160000000000000e+05
4.535920000000000000e+05
4.144310000000000000e+05
4.503850000000000000e+05
4.340030000000000000e+05
4.038950000000000000e+05
4.155220000000000000e+05
4.160500000000000000e+05
4.789310000000000000e+05
3.844780000000000000e+05
3.984900000000000000e+05
4.449140000000000000e+05
4.768300000000000000e+05
4.490180000000000000e+05
4.116700000000000000e+05
4.210840000000000000e+05
4.412960000000000000e+05
4.486460000000000000e+05
3.949300000000000000e+05
4.560020000000000000e+05
4.628690000000000000e+05
4.229270000000000000e+05
4.375450000000000000e+05
4.047750000000000000e+05
3.918910000000000000e+05
