3.103230000000000000e+05
3.116350000000000000e+05
2.905850000000000000e+05
3.268640000000000000e+05
2.270930000000000000e+05
2.614670000000000000e+05
3.188160000000000000e+05
2.303790000000000000e+05
2.561330000000000000e+05
2.569200000000000000e+05
2.833200000000000000e+05
2.537380000000000000e+05
2.613250000000000000e+05
2.989670000000000000e+05
2.339010000000000000e+05
3.084140000000000000e+05
2.977890000000000000e+05
3.495290000000000000e+05
2.473160000000000000e+05
2.898920000000000000e+05
2.982550000000000000e+05
2.770090000000000000e+05
4.046830000000000000e+05
2.285720000000000000e+05
1.872260000000000000e+05
2.137980000000000000e+05
2.562830000000000000e+05
2.608650000000000000e+05
2.927250000000000000e+05
2.308900000000000000e+05
2.997470000000000000e+05
3.485570000000000000e+05
2.633540000000000000e+05
2.573550000000000000e+05
2.720620000000000000e+05
3.893960000000000000e+05
1.769940000000000000e+05
3.588740000000000000e+05
2.438370000000000000e+05
3.342560000000000000e+05
2.062300000000000000e+05
3.347110000000000000e+05
2.501270000000000000e+05
2.616200000000000000e+05
2.518040000000000000e+05
2.773600000000000000e+05
3.120090000000000000e+05
3.131560000000000000e+05
1.944820000000000000e+05
3.196510000000000000e+05
