3.129260000000000000e+05
3.782470000000000000e+05
3.138540000000000000e+05
3.294700000000000000e+05
3.198440000000000000e+05
2.750350000000000000e+05
3.811460000000000000e+05
2.442910000000000000e+05
2.840790000000000000e+05
3.172880000000000000e+05
3.200350000000000000e+05
3.124130000000000000e+05
3.163900000000000000e+05
3.757770000000000000e+05
3.539340000000000000e+05
3.533730000000000000e+05
3.053650000000000000e+05
3.358400000000000000e+05
2.711700000000000000e+05
3.815170000000000000e+05
3.037930000000000000e+05
3.640410000000000000e+05
3.138170000000000000e+05
3.129760000000000000e+05
2.989980000000000000e+05
2.588930000000000000e+05
3.511770000000000000e+05
2.642180000000000000e+05
3.253750000000000000e+05
3.784630000000000000e+05
2.952550000000000000e+05
3.343570000000000000e+05
3.378670000000000000e+05
2.840640000000000000e+05
3.649390000000000000e+05
3.125990000000000000e+05
3.448490000000000000e+05
3.517710000000000000e+05
3.095070000000000000e+05
2.993980000000000000e+05
3.271870000000000000e+05
3.272010000000000000e+05
3.425920000000000000e+05
3.514490000000000000e+05
3.599310000000000000e+05
3.095390000000000000e+05
3.557770000000000000e+05
3.473120000000000000e+05
3.198320000000000000e+05
3.868310000000000000e+05
