3.553290000000000000e+05
3.281630000000000000e+05
3.444780000000000000e+05
3.548510000000000000e+05
3.600890000000000000e+05
3.713580000000000000e+05
3.145830000000000000e+05
3.418800000000000000e+05
3.471650000000000000e+05
3.275000000000000000e+05
3.455610000000000000e+05
3.099750000000000000e+05
3.738790000000000000e+05
3.300530000000000000e+05
3.672200000000000000e+05
3.349790000000000000e+05
3.604210000000000000e+05
3.456270000000000000e+05
3.407610000000000000e+05
3.743300000000000000e+05
4.081290000000000000e+05
3.848520000000000000e+05
3.257630000000000000e+05
3.717320000000000000e+05
3.544480000000000000e+05
3.412460000000000000e+05
3.385350000000000000e+05
3.446440000000000000e+05
3.484240000000000000e+05
3.685960000000000000e+05
3.669270000000000000e+05
2.692730000000000000e+05
3.016910000000000000e+05
3.207600000000000000e+05
3.448190000000000000e+05
3.734290000000000000e+05
3.323000000000000000e+05
3.461050000000000000e+05
3.300950000000000000e+05
3.584550000000000000e+05
3.251200000000000000e+05
3.715070000000000000e+05
3.233190000000000000e+05
3.332970000000000000e+05
3.250680000000000000e+05
3.357420000000000000e+05
3.475600000000000000e+05
3.148780000000000000e+05
3.085330000000000000e+05
3.278520000000000000e+05
