2.725680000000000000e+05
2.427900000000000000e+05
3.275790000000000000e+05
2.946190000000000000e+05
2.545160000000000000e+05
2.671100000000000000e+05
2.998810000000000000e+05
2.348930000000000000e+05
2.635640000000000000e+05
2.724660000000000000e+05
3.119930000000000000e+05
2.639140000000000000e+05
2.756790000000000000e+05
2.196520000000000000e+05
2.574570000000000000e+05
3.220630000000000000e+05
3.260700000000000000e+05
2.487390000000000000e+05
2.167880000000000000e+05
2.878330000000000000e+05
3.015150000000000000e+05
2.107940000000000000e+05
2.711060000000000000e+05
3.324550000000000000e+05
2.607500000000000000e+05
3.285010000000000000e+05
2.980290000000000000e+05
3.349490000000000000e+05
3.489800000000000000e+05
3.264940000000000000e+05
1.582660000000000000e+05
1.931450000000000000e+05
3.026500000000000000e+05
1.934470000000000000e+05
2.603750000000000000e+05
2.933240000000000000e+05
2.472280000000000000e+05
3.291470000000000000e+05
3.618600000000000000e+05
1.821400000000000000e+05
2.629550000000000000e+05
2.857590000000000000e+05
2.806940000000000000e+05
2.422230000000000000e+05
2.549320000000000000e+05
2.510490000000000000e+05
2.932390000000000000e+05
2.691090000000000000e+05
2.590500000000000000e+05
3.357650000000000000e+05
