2.986590000000000000e+05
3.543930000000000000e+05
4.401610000000000000e+05
4.405350000000000000e+05
3.670150000000000000e+05
3.628850000000000000e+05
3.889930000000000000e+05
3.550340000000000000e+05
3.687480000000000000e+05
4.242010000000000000e+05
3.631990000000000000e+05
4.141060000000000000e+05
3.397510000000000000e+05
3.438170000000000000e+05
4.164530000000000000e+05
3.268630000000000000e+05
3.687090000000000000e+05
3.427090000000000000e+05
3.933700000000000000e+05
4.431250000000000000e+05
4.078540000000000000e+05
4.147880000000000000e+05
3.673860000000000000e+05
3.806620000000000000e+05
3.363460000000000000e+05
3.756130000000000000e+05
2.119420000000000000e+05
2.664180000000000000e+05
3.657740000000000000e+05
3.693070000000000000e+05
4.494510000000000000e+05
4.042140000000000000e+05
3.914110000000000000e+05
3.883280000000000000e+05
3.486510000000000000e+05
4.046940000000000000e+05
3.909840000000000000e+05
4.316230000000000000e+05
3.671840000000000000e+05
2.394680000000000000e+05
3.167160000000000000e+05
3.839820000000000000e+05
3.737300000000000000e+05
4.285500000000000000e+05
3.866790000000000000e+05
3.082540000000000000e+05
4.016900000000000000e+05
3.861530000000000000e+05
3.214280000000000000e+05
3.724530000000000000e+05
