1.075000000000000000e+05
3.302440000000000000e+05
8.885100000000000000e+04
2.134920000000000000e+05
1.564650000000000000e+05
8.843900000000000000e+04
1.627490000000000000e+05
1.298430000000000000e+05
6.407900000000000000e+04
2.125180000000000000e+05
1.340860000000000000e+05
3.011430000000000000e+05
3.108900000000000000e+05
2.116830000000000000e+05
1.005800000000000000e+04
1.617290000000000000e+05
2.621000000000000000e+05
1.590810000000000000e+05
2.231580000000000000e+05
1.241120000000000000e+05
8.246400000000000000e+04
2.669390000000000000e+05
2.153160000000000000e+05
1.829490000000000000e+05
1.750190000000000000e+05
2.441920000000000000e+05
1.720670000000000000e+05
1.535080000000000000e+05
1.967500000000000000e+05
5.282900000000000000e+04
3.227080000000000000e+05
1.088190000000000000e+05
2.145170000000000000e+05
2.943190000000000000e+05
1.190420000000000000e+05
1.381700000000000000e+05
2.374040000000000000e+05
2.144130000000000000e+05
2.581310000000000000e+05
2.031780000000000000e+05
2.683500000000000000e+05
3.126160000000000000e+05
1.414460000000000000e+05
1.173520000000000000e+05
3.556600000000000000e+04
8.081700000000000000e+04
2.835540000000000000e+05
1.055760000000000000e+05
2.039220000000000000e+05
1.360920000000000000e+05
