3.556350000000000000e+05
4.081800000000000000e+05
3.459680000000000000e+05
4.012740000000000000e+05
4.677780000000000000e+05
3.726330000000000000e+05
3.650330000000000000e+05
3.724670000000000000e+05
3.439610000000000000e+05
3.694770000000000000e+05
2.959910000000000000e+05
3.421000000000000000e+05
3.456670000000000000e+05
3.096590000000000000e+05
3.331010000000000000e+05
3.783080000000000000e+05
3.875340000000000000e+05
3.410140000000000000e+05
3.587900000000000000e+05
4.194110000000000000e+05
4.305560000000000000e+05
3.838790000000000000e+05
3.581700000000000000e+05
3.824360000000000000e+05
3.711140000000000000e+05
3.906790000000000000e+05
3.246940000000000000e+05
3.337950000000000000e+05
3.542550000000000000e+05
3.545450000000000000e+05
2.713330000000000000e+05
3.490410000000000000e+05
4.051310000000000000e+05
4.247440000000000000e+05
2.694640000000000000e+05
4.243470000000000000e+05
3.860000000000000000e+05
2.947160000000000000e+05
4.109070000000000000e+05
4.106030000000000000e+05
3.309280000000000000e+05
2.237720000000000000e+05
3.824220000000000000e+05
3.686970000000000000e+05
4.207540000000000000e+05
3.103870000000000000e+05
3.051430000000000000e+05
3.126750000000000000e+05
4.526800000000000000e+05
3.483250000000000000e+05
