2.716720000000000000e+05
4.042930000000000000e+05
8.768800000000000000e+04
4.108580000000000000e+05
3.333800000000000000e+05
1.851700000000000000e+05
2.536800000000000000e+05
2.724720000000000000e+05
3.589200000000000000e+05
3.124440000000000000e+05
2.085900000000000000e+05
1.859890000000000000e+05
3.006260000000000000e+05
2.298070000000000000e+05
3.214830000000000000e+05
3.308720000000000000e+05
3.168650000000000000e+05
2.393990000000000000e+05
3.454500000000000000e+05
3.180640000000000000e+05
3.616410000000000000e+05
3.561240000000000000e+05
3.099070000000000000e+05
3.313690000000000000e+05
3.691050000000000000e+05
3.245290000000000000e+05
1.911950000000000000e+05
2.984820000000000000e+05
3.884060000000000000e+05
3.266250000000000000e+05
2.010200000000000000e+05
2.683050000000000000e+05
3.792000000000000000e+05
1.384190000000000000e+05
3.488360000000000000e+05
1.718480000000000000e+05
2.170650000000000000e+05
2.340850000000000000e+05
3.285530000000000000e+05
2.407370000000000000e+05
2.870610000000000000e+05
3.348070000000000000e+05
3.385610000000000000e+05
2.729590000000000000e+05
3.703200000000000000e+05
3.727630000000000000e+05
3.947220000000000000e+05
2.730680000000000000e+05
2.940460000000000000e+05
2.632900000000000000e+05
