1.986480000000000000e+05
3.070660000000000000e+05
2.121090000000000000e+05
3.009880000000000000e+05
2.305270000000000000e+05
2.529540000000000000e+05
3.368220000000000000e+05
3.067640000000000000e+05
2.170070000000000000e+05
3.177060000000000000e+05
4.128440000000000000e+05
3.473250000000000000e+05
2.772620000000000000e+05
2.499950000000000000e+05
3.042880000000000000e+05
2.623980000000000000e+05
2.421930000000000000e+05
2.436710000000000000e+05
2.842240000000000000e+05
1.735840000000000000e+05
1.953020000000000000e+05
1.762280000000000000e+05
2.328520000000000000e+05
3.005720000000000000e+05
1.996690000000000000e+05
2.937720000000000000e+05
2.419430000000000000e+05
2.692090000000000000e+05
2.228830000000000000e+05
2.348810000000000000e+05
2.145350000000000000e+05
2.333210000000000000e+05
1.907450000000000000e+05
2.614730000000000000e+05
3.045230000000000000e+05
2.472120000000000000e+05
1.417660000000000000e+05
2.512670000000000000e+05
1.202880000000000000e+05
1.519420000000000000e+05
3.044590000000000000e+05
2.659030000000000000e+05
1.508660000000000000e+05
2.563660000000000000e+05
1.815930000000000000e+05
2.166510000000000000e+05
2.297810000000000000e+05
1.783440000000000000e+05
2.258910000000000000e+05
2.558690000000000000e+05
