9.485600000000000000e+04
8.653300000000000000e+04
1.004020000000000000e+05
1.110410000000000000e+05
8.205500000000000000e+04
8.436200000000000000e+04
9.232900000000000000e+04
8.392200000000000000e+04
1.119230000000000000e+05
8.759300000000000000e+04
8.762200000000000000e+04
7.886100000000000000e+04
1.137640000000000000e+05
1.085610000000000000e+05
8.761800000000000000e+04
1.012490000000000000e+05
9.092700000000000000e+04
1.117130000000000000e+05
8.305600000000000000e+04
8.728700000000000000e+04
9.821800000000000000e+04
1.059900000000000000e+05
9.717200000000000000e+04
1.069140000000000000e+05
1.025040000000000000e+05
9.920500000000000000e+04
8.502500000000000000e+04
8.105800000000000000e+04
9.747700000000000000e+04
9.861900000000000000e+04
1.352870000000000000e+05
1.038350000000000000e+05
8.695400000000000000e+04
8.837000000000000000e+04
8.753300000000000000e+04
1.010860000000000000e+05
1.167720000000000000e+05
8.414800000000000000e+04
8.485600000000000000e+04
8.502200000000000000e+04
9.478500000000000000e+04
1.054980000000000000e+05
1.015060000000000000e+05
8.719600000000000000e+04
8.751300000000000000e+04
9.186600000000000000e+04
9.600700000000000000e+04
9.215200000000000000e+04
1.010790000000000000e+05
9.477500000000000000e+04
