1.056100000000000000e+04
1.718400000000000000e+04
1.889100000000000000e+04
2.832500000000000000e+04
2.695800000000000000e+04
5.969000000000000000e+03
3.042000000000000000e+03
7.642000000000000000e+03
1.244800000000000000e+04
1.942200000000000000e+04
1.130400000000000000e+04
4.092000000000000000e+03
7.350000000000000000e+03
4.908000000000000000e+03
7.688000000000000000e+03
4.331000000000000000e+03
1.587100000000000000e+04
2.532200000000000000e+04
2.500100000000000000e+04
1.524000000000000000e+03
1.169100000000000000e+04
9.528000000000000000e+03
2.080300000000000000e+04
2.733300000000000000e+04
1.333800000000000000e+04
1.588200000000000000e+04
8.291000000000000000e+03
1.139800000000000000e+04
2.486200000000000000e+04
1.060600000000000000e+04
1.974800000000000000e+04
1.030500000000000000e+04
5.781000000000000000e+03
1.523200000000000000e+04
1.293500000000000000e+04
7.162000000000000000e+03
6.948000000000000000e+03
8.320000000000000000e+03
8.317000000000000000e+03
6.797000000000000000e+03
6.797000000000000000e+03
2.364200000000000000e+04
1.495300000000000000e+04
1.294200000000000000e+04
3.965000000000000000e+03
1.847000000000000000e+04
7.020000000000000000e+03
3.515800000000000000e+04
4.423000000000000000e+03
1.363400000000000000e+04
