9.211100000000000000e+04
9.326300000000000000e+04
9.678900000000000000e+04
1.118660000000000000e+05
1.173080000000000000e+05
6.046600000000000000e+04
1.064450000000000000e+05
8.161500000000000000e+04
8.144100000000000000e+04
9.515000000000000000e+04
1.007730000000000000e+05
1.160950000000000000e+05
8.737700000000000000e+04
9.935100000000000000e+04
1.325770000000000000e+05
1.173020000000000000e+05
1.019070000000000000e+05
1.075800000000000000e+05
8.897500000000000000e+04
1.180220000000000000e+05
1.082960000000000000e+05
1.289910000000000000e+05
8.683700000000000000e+04
8.140000000000000000e+04
1.073850000000000000e+05
9.503100000000000000e+04
1.047410000000000000e+05
1.019700000000000000e+05
1.160330000000000000e+05
1.464040000000000000e+05
7.168600000000000000e+04
1.269620000000000000e+05
1.207260000000000000e+05
9.435400000000000000e+04
1.184660000000000000e+05
7.828900000000000000e+04
1.577470000000000000e+05
1.143440000000000000e+05
1.079140000000000000e+05
1.057560000000000000e+05
1.119100000000000000e+05
8.344400000000000000e+04
1.207600000000000000e+05
8.777700000000000000e+04
9.081600000000000000e+04
8.091900000000000000e+04
1.334430000000000000e+05
1.215680000000000000e+05
8.230100000000000000e+04
1.119700000000000000e+05
