6.212700000000000000e+04
9.048900000000000000e+04
7.692400000000000000e+04
8.885900000000000000e+04
8.153600000000000000e+04
7.683000000000000000e+04
9.324200000000000000e+04
7.576200000000000000e+04
7.957400000000000000e+04
8.886500000000000000e+04
1.002500000000000000e+05
8.734400000000000000e+04
7.186500000000000000e+04
9.201200000000000000e+04
9.573600000000000000e+04
7.226500000000000000e+04
9.649200000000000000e+04
8.948700000000000000e+04
8.638700000000000000e+04
6.962500000000000000e+04
9.471500000000000000e+04
7.803600000000000000e+04
6.473700000000000000e+04
6.910900000000000000e+04
8.193000000000000000e+04
5.947700000000000000e+04
7.471700000000000000e+04
3.750300000000000000e+04
5.841600000000000000e+04
6.987800000000000000e+04
7.458300000000000000e+04
7.488600000000000000e+04
5.739400000000000000e+04
5.398600000000000000e+04
6.880700000000000000e+04
7.707100000000000000e+04
8.852700000000000000e+04
7.080800000000000000e+04
7.823200000000000000e+04
1.032140000000000000e+05
9.983100000000000000e+04
8.318000000000000000e+04
7.237200000000000000e+04
8.436600000000000000e+04
1.319800000000000000e+05
6.528000000000000000e+04
1.032210000000000000e+05
5.708700000000000000e+04
9.723200000000000000e+04
7.090500000000000000e+04
