1.251020000000000000e+05
1.052810000000000000e+05
9.688900000000000000e+04
1.006520000000000000e+05
1.075590000000000000e+05
9.006300000000000000e+04
9.968900000000000000e+04
7.671300000000000000e+04
8.600500000000000000e+04
1.021070000000000000e+05
1.079400000000000000e+05
7.285800000000000000e+04
7.012800000000000000e+04
1.045450000000000000e+05
1.122900000000000000e+05
6.233000000000000000e+04
1.074890000000000000e+05
1.000830000000000000e+05
8.934200000000000000e+04
8.742100000000000000e+04
9.812500000000000000e+04
8.662300000000000000e+04
8.290600000000000000e+04
1.017000000000000000e+05
8.971900000000000000e+04
1.366380000000000000e+05
1.032900000000000000e+05
7.295500000000000000e+04
9.692000000000000000e+04
9.796100000000000000e+04
9.507700000000000000e+04
1.020500000000000000e+05
8.713100000000000000e+04
9.537200000000000000e+04
1.368830000000000000e+05
8.931200000000000000e+04
8.445600000000000000e+04
5.380100000000000000e+04
7.496000000000000000e+04
9.951700000000000000e+04
8.698500000000000000e+04
9.171000000000000000e+04
8.873200000000000000e+04
1.002460000000000000e+05
1.123060000000000000e+05
7.796100000000000000e+04
7.832300000000000000e+04
8.258400000000000000e+04
1.006280000000000000e+05
7.558300000000000000e+04
