4.869000000000000000e+03
1.463800000000000000e+04
1.238000000000000000e+04
2.283000000000000000e+04
1.833400000000000000e+04
5.920000000000000000e+03
1.591000000000000000e+04
1.668200000000000000e+04
8.985000000000000000e+03
2.189100000000000000e+04
9.924000000000000000e+03
8.002000000000000000e+03
1.092300000000000000e+04
2.113200000000000000e+04
2.125000000000000000e+04
2.025300000000000000e+04
2.815300000000000000e+04
2.923000000000000000e+04
2.067900000000000000e+04
7.001000000000000000e+03
7.739000000000000000e+03
1.239000000000000000e+04
2.077800000000000000e+04
8.955000000000000000e+03
2.661400000000000000e+04
2.652000000000000000e+04
9.022000000000000000e+03
2.063300000000000000e+04
2.570500000000000000e+04
1.999000000000000000e+04
1.866800000000000000e+04
1.535500000000000000e+04
7.450000000000000000e+03
5.709000000000000000e+03
8.269000000000000000e+03
1.363700000000000000e+04
5.024000000000000000e+03
2.218000000000000000e+04
1.309000000000000000e+04
3.127600000000000000e+04
1.401500000000000000e+04
2.335600000000000000e+04
1.374400000000000000e+04
1.891500000000000000e+04
1.305100000000000000e+04
1.917400000000000000e+04
6.335000000000000000e+03
2.518900000000000000e+04
2.009000000000000000e+03
1.435400000000000000e+04
