1.934550000000000000e+05
1.934550000000000000e+05
1.934550000000000000e+05
1.934550000000000000e+05
1.934550000000000000e+05
1.934550000000000000e+05
1.934550000000000000e+05
1.934550000000000000e+05
1.934550000000000000e+05
1.934550000000000000e+05
1.934550000000000000e+05
1.934550000000000000e+05
1.934550000000000000e+05
1.934550000000000000e+05
1.934550000000000000e+05
1.934550000000000000e+05
1.934550000000000000e+05
1.934550000000000000e+05
1.934550000000000000e+05
1.934550000000000000e+05
1.934550000000000000e+05
1.934550000000000000e+05
1.934550000000000000e+05
1.934550000000000000e+05
1.934550000000000000e+05
1.934550000000000000e+05
1.934550000000000000e+05
1.934550000000000000e+05
1.934550000000000000e+05
1.934550000000000000e+05
1.934550000000000000e+05
1.934550000000000000e+05
1.934550000000000000e+05
1.934550000000000000e+05
1.934550000000000000e+05
1.934550000000000000e+05
1.934550000000000000e+05
1.934550000000000000e+05
1.934550000000000000e+05
1.934550000000000000e+05
1.934550000000000000e+05
1.934550000000000000e+05
1.934550000000000000e+05
1.934550000000000000e+05
1.934550000000000000e+05
1.934550000000000000e+05
1.934550000000000000e+05
1.934550000000000000e+05
1.934550000000000000e+05
1.934550000000000000e+05
