1.612360000000000000e+05
1.612360000000000000e+05
1.612360000000000000e+05
1.612360000000000000e+05
1.612360000000000000e+05
1.612360000000000000e+05
1.612360000000000000e+05
1.612360000000000000e+05
1.612360000000000000e+05
1.612360000000000000e+05
1.612360000000000000e+05
1.612360000000000000e+05
1.612360000000000000e+05
1.612360000000000000e+05
1.612360000000000000e+05
1.612360000000000000e+05
1.612360000000000000e+05
1.612360000000000000e+05
1.612360000000000000e+05
1.612360000000000000e+05
1.612360000000000000e+05
1.612360000000000000e+05
1.612360000000000000e+05
1.612360000000000000e+05
1.612360000000000000e+05
1.612360000000000000e+05
1.612360000000000000e+05
1.612360000000000000e+05
1.612360000000000000e+05
1.612360000000000000e+05
1.612360000000000000e+05
1.612360000000000000e+05
1.612360000000000000e+05
1.612360000000000000e+05
1.612360000000000000e+05
1.612360000000000000e+05
1.612360000000000000e+05
1.612360000000000000e+05
1.612360000000000000e+05
1.612360000000000000e+05
1.612360000000000000e+05
1.612360000000000000e+05
1.612360000000000000e+05
1.612360000000000000e+05
1.612360000000000000e+05
1.612360000000000000e+05
1.612360000000000000e+05
1.612360000000000000e+05
1.612360000000000000e+05
1.612360000000000000e+05
