1.277930000000000000e+05
1.277930000000000000e+05
1.277930000000000000e+05
1.277930000000000000e+05
1.277930000000000000e+05
1.277930000000000000e+05
1.277930000000000000e+05
1.277930000000000000e+05
1.277930000000000000e+05
1.277930000000000000e+05
1.277930000000000000e+05
1.277930000000000000e+05
1.277930000000000000e+05
1.277930000000000000e+05
1.277930000000000000e+05
1.277930000000000000e+05
1.277930000000000000e+05
1.277930000000000000e+05
1.277930000000000000e+05
1.277930000000000000e+05
1.277930000000000000e+05
1.277930000000000000e+05
1.277930000000000000e+05
1.277930000000000000e+05
1.277930000000000000e+05
1.277930000000000000e+05
1.277930000000000000e+05
1.277930000000000000e+05
1.277930000000000000e+05
1.277930000000000000e+05
1.277930000000000000e+05
1.277930000000000000e+05
1.277930000000000000e+05
1.277930000000000000e+05
1.277930000000000000e+05
1.277930000000000000e+05
1.277930000000000000e+05
1.277930000000000000e+05
1.277930000000000000e+05
1.277930000000000000e+05
1.277930000000000000e+05
1.277930000000000000e+05
1.277930000000000000e+05
1.277930000000000000e+05
1.277930000000000000e+05
1.277930000000000000e+05
1.277930000000000000e+05
1.277930000000000000e+05
1.277930000000000000e+05
1.277930000000000000e+05
