3.601940000000000000e+05
3.601940000000000000e+05
3.601940000000000000e+05
3.601940000000000000e+05
3.601940000000000000e+05
3.601940000000000000e+05
3.601940000000000000e+05
3.601940000000000000e+05
3.601940000000000000e+05
3.601940000000000000e+05
3.601940000000000000e+05
3.601940000000000000e+05
3.601940000000000000e+05
3.601940000000000000e+05
3.601940000000000000e+05
3.601940000000000000e+05
3.601940000000000000e+05
3.601940000000000000e+05
3.601940000000000000e+05
3.601940000000000000e+05
3.601940000000000000e+05
3.601940000000000000e+05
3.601940000000000000e+05
3.601940000000000000e+05
3.601940000000000000e+05
3.601940000000000000e+05
3.601940000000000000e+05
3.601940000000000000e+05
3.601940000000000000e+05
3.601940000000000000e+05
3.601940000000000000e+05
3.601940000000000000e+05
3.601940000000000000e+05
3.601940000000000000e+05
3.601940000000000000e+05
3.601940000000000000e+05
3.601940000000000000e+05
3.601940000000000000e+05
3.601940000000000000e+05
3.601940000000000000e+05
3.601940000000000000e+05
3.601940000000000000e+05
3.601940000000000000e+05
3.601940000000000000e+05
3.601940000000000000e+05
3.601940000000000000e+05
3.601940000000000000e+05
3.601940000000000000e+05
3.601940000000000000e+05
3.601940000000000000e+05
