3.402040000000000000e+05
3.402040000000000000e+05
3.402040000000000000e+05
3.402040000000000000e+05
3.402040000000000000e+05
3.402040000000000000e+05
3.402040000000000000e+05
3.402040000000000000e+05
3.402040000000000000e+05
3.402040000000000000e+05
3.402040000000000000e+05
3.402040000000000000e+05
3.402040000000000000e+05
3.402040000000000000e+05
3.402040000000000000e+05
3.402040000000000000e+05
3.402040000000000000e+05
3.402040000000000000e+05
3.402040000000000000e+05
3.402040000000000000e+05
3.402040000000000000e+05
3.402040000000000000e+05
3.402040000000000000e+05
3.402040000000000000e+05
3.402040000000000000e+05
3.402040000000000000e+05
3.402040000000000000e+05
3.402040000000000000e+05
3.402040000000000000e+05
3.402040000000000000e+05
3.402040000000000000e+05
3.402040000000000000e+05
3.402040000000000000e+05
3.402040000000000000e+05
3.402040000000000000e+05
3.402040000000000000e+05
3.402040000000000000e+05
3.402040000000000000e+05
3.402040000000000000e+05
3.402040000000000000e+05
3.402040000000000000e+05
3.402040000000000000e+05
3.402040000000000000e+05
3.402040000000000000e+05
3.402040000000000000e+05
3.402040000000000000e+05
3.402040000000000000e+05
3.402040000000000000e+05
3.402040000000000000e+05
3.402040000000000000e+05
