2.754530000000000000e+05
2.754530000000000000e+05
2.754530000000000000e+05
2.754530000000000000e+05
2.754530000000000000e+05
2.754530000000000000e+05
2.754530000000000000e+05
2.754530000000000000e+05
2.754530000000000000e+05
2.754530000000000000e+05
2.754530000000000000e+05
2.754530000000000000e+05
2.754530000000000000e+05
2.754530000000000000e+05
2.754530000000000000e+05
2.754530000000000000e+05
2.754530000000000000e+05
2.754530000000000000e+05
2.754530000000000000e+05
2.754530000000000000e+05
2.754530000000000000e+05
2.754530000000000000e+05
2.754530000000000000e+05
2.754530000000000000e+05
2.754530000000000000e+05
2.754530000000000000e+05
2.754530000000000000e+05
2.754530000000000000e+05
2.754530000000000000e+05
2.754530000000000000e+05
2.754530000000000000e+05
2.754530000000000000e+05
2.754530000000000000e+05
2.754530000000000000e+05
2.754530000000000000e+05
2.754530000000000000e+05
2.754530000000000000e+05
2.754530000000000000e+05
2.754530000000000000e+05
2.754530000000000000e+05
2.754530000000000000e+05
2.754530000000000000e+05
2.754530000000000000e+05
2.754530000000000000e+05
2.754530000000000000e+05
2.754530000000000000e+05
2.754530000000000000e+05
2.754530000000000000e+05
2.754530000000000000e+05
2.754530000000000000e+05
