1.281990000000000000e+05
1.873910000000000000e+05
1.380160000000000000e+05
1.610350000000000000e+05
1.733310000000000000e+05
1.429760000000000000e+05
1.470790000000000000e+05
1.752350000000000000e+05
1.279500000000000000e+05
1.712300000000000000e+05
1.550390000000000000e+05
1.515590000000000000e+05
1.245340000000000000e+05
1.762690000000000000e+05
1.437950000000000000e+05
1.660040000000000000e+05
1.639060000000000000e+05
1.457360000000000000e+05
1.239050000000000000e+05
1.426490000000000000e+05
1.376030000000000000e+05
1.446860000000000000e+05
1.667830000000000000e+05
1.324850000000000000e+05
1.559440000000000000e+05
1.414360000000000000e+05
1.584100000000000000e+05
1.449700000000000000e+05
1.346680000000000000e+05
1.633510000000000000e+05
1.499330000000000000e+05
1.572250000000000000e+05
1.647710000000000000e+05
1.458410000000000000e+05
1.525790000000000000e+05
1.315270000000000000e+05
1.505620000000000000e+05
1.299950000000000000e+05
1.448870000000000000e+05
1.479710000000000000e+05
1.339250000000000000e+05
1.627940000000000000e+05
1.362390000000000000e+05
1.377550000000000000e+05
1.709600000000000000e+05
1.390870000000000000e+05
1.410380000000000000e+05
1.508290000000000000e+05
1.505760000000000000e+05
1.421730000000000000e+05
