8.267400000000000000e+04
1.045320000000000000e+05
9.251800000000000000e+04
8.817000000000000000e+04
9.177000000000000000e+04
7.332500000000000000e+04
9.700400000000000000e+04
7.250800000000000000e+04
7.982900000000000000e+04
7.976700000000000000e+04
9.936600000000000000e+04
1.000420000000000000e+05
9.301100000000000000e+04
7.745400000000000000e+04
8.850700000000000000e+04
1.144560000000000000e+05
8.394200000000000000e+04
8.972300000000000000e+04
9.007900000000000000e+04
7.816400000000000000e+04
7.344100000000000000e+04
9.541500000000000000e+04
9.176700000000000000e+04
8.466600000000000000e+04
1.206230000000000000e+05
8.289400000000000000e+04
9.937600000000000000e+04
6.930400000000000000e+04
8.423900000000000000e+04
1.020760000000000000e+05
6.764800000000000000e+04
7.657200000000000000e+04
9.335300000000000000e+04
6.188600000000000000e+04
6.450000000000000000e+04
8.794100000000000000e+04
6.562400000000000000e+04
9.152000000000000000e+04
7.627800000000000000e+04
1.015850000000000000e+05
8.617600000000000000e+04
8.990600000000000000e+04
7.526400000000000000e+04
6.242600000000000000e+04
8.998900000000000000e+04
1.318640000000000000e+05
8.624400000000000000e+04
1.079200000000000000e+05
7.416100000000000000e+04
9.960400000000000000e+04
