1.004110000000000000e+05
6.601200000000000000e+04
1.103340000000000000e+05
9.099900000000000000e+04
7.066000000000000000e+04
8.051100000000000000e+04
5.176500000000000000e+04
5.147400000000000000e+04
8.708000000000000000e+04
7.389000000000000000e+04
8.823100000000000000e+04
6.898700000000000000e+04
8.790200000000000000e+04
7.123400000000000000e+04
6.259800000000000000e+04
1.132230000000000000e+05
7.514100000000000000e+04
7.374600000000000000e+04
6.682800000000000000e+04
8.719700000000000000e+04
9.414300000000000000e+04
7.502900000000000000e+04
8.545700000000000000e+04
6.999100000000000000e+04
9.298800000000000000e+04
1.048930000000000000e+05
8.967600000000000000e+04
7.335800000000000000e+04
7.755200000000000000e+04
6.547900000000000000e+04
8.299300000000000000e+04
7.051100000000000000e+04
9.512000000000000000e+04
5.013700000000000000e+04
9.012200000000000000e+04
5.094900000000000000e+04
6.018500000000000000e+04
1.085980000000000000e+05
7.973300000000000000e+04
8.762300000000000000e+04
7.764000000000000000e+04
1.051530000000000000e+05
6.305600000000000000e+04
6.653900000000000000e+04
7.984300000000000000e+04
1.050700000000000000e+05
7.859900000000000000e+04
7.807100000000000000e+04
6.948400000000000000e+04
9.917300000000000000e+04
