8.631200000000000000e+04
9.772400000000000000e+04
7.740700000000000000e+04
8.115900000000000000e+04
8.250900000000000000e+04
8.260300000000000000e+04
8.240400000000000000e+04
6.323300000000000000e+04
8.698700000000000000e+04
8.701600000000000000e+04
8.018900000000000000e+04
7.920400000000000000e+04
6.175600000000000000e+04
7.721000000000000000e+04
7.533400000000000000e+04
9.576100000000000000e+04
7.501100000000000000e+04
5.934300000000000000e+04
7.417900000000000000e+04
7.249000000000000000e+04
6.854900000000000000e+04
5.383400000000000000e+04
7.469300000000000000e+04
8.837100000000000000e+04
7.789100000000000000e+04
7.846200000000000000e+04
9.612600000000000000e+04
8.772700000000000000e+04
6.380400000000000000e+04
4.478400000000000000e+04
6.483900000000000000e+04
7.236700000000000000e+04
7.586300000000000000e+04
7.019300000000000000e+04
5.185600000000000000e+04
5.582700000000000000e+04
7.186400000000000000e+04
9.052900000000000000e+04
6.871300000000000000e+04
9.023600000000000000e+04
7.068200000000000000e+04
8.508200000000000000e+04
8.822100000000000000e+04
9.139000000000000000e+04
4.686700000000000000e+04
1.205800000000000000e+05
7.243500000000000000e+04
8.899700000000000000e+04
6.192500000000000000e+04
8.725200000000000000e+04
