4.169700000000000000e+04
5.404700000000000000e+04
5.492200000000000000e+04
4.181000000000000000e+04
4.600900000000000000e+04
3.627300000000000000e+04
4.258000000000000000e+04
3.395600000000000000e+04
5.247000000000000000e+04
4.573000000000000000e+04
4.493200000000000000e+04
2.960400000000000000e+04
4.402100000000000000e+04
2.900200000000000000e+04
3.674500000000000000e+04
4.696400000000000000e+04
6.182200000000000000e+04
5.316900000000000000e+04
3.061600000000000000e+04
4.626500000000000000e+04
2.901200000000000000e+04
3.289100000000000000e+04
3.531600000000000000e+04
8.472600000000000000e+04
3.699100000000000000e+04
5.255900000000000000e+04
4.620600000000000000e+04
5.889300000000000000e+04
2.500700000000000000e+04
3.267200000000000000e+04
3.999000000000000000e+04
4.328700000000000000e+04
3.246500000000000000e+04
3.146500000000000000e+04
1.499900000000000000e+04
1.565300000000000000e+04
2.880500000000000000e+04
6.539600000000000000e+04
2.707300000000000000e+04
5.520900000000000000e+04
3.588600000000000000e+04
3.323100000000000000e+04
5.466100000000000000e+04
5.053300000000000000e+04
3.620700000000000000e+04
5.508900000000000000e+04
2.238000000000000000e+04
4.659100000000000000e+04
1.789300000000000000e+04
2.952900000000000000e+04
