8.723100000000000000e+04
6.817300000000000000e+04
6.512900000000000000e+04
7.015700000000000000e+04
6.631200000000000000e+04
6.995300000000000000e+04
6.480000000000000000e+04
6.700400000000000000e+04
5.186500000000000000e+04
6.837800000000000000e+04
5.580100000000000000e+04
9.364300000000000000e+04
6.711400000000000000e+04
5.237100000000000000e+04
5.681100000000000000e+04
7.836700000000000000e+04
7.969000000000000000e+04
6.119400000000000000e+04
7.307600000000000000e+04
6.669800000000000000e+04
7.257300000000000000e+04
6.885700000000000000e+04
5.885200000000000000e+04
6.828300000000000000e+04
1.148020000000000000e+05
7.146600000000000000e+04
6.922700000000000000e+04
8.738800000000000000e+04
5.692600000000000000e+04
6.198800000000000000e+04
6.235400000000000000e+04
8.677600000000000000e+04
7.105600000000000000e+04
6.910700000000000000e+04
7.524300000000000000e+04
6.825100000000000000e+04
5.955100000000000000e+04
9.144800000000000000e+04
8.231600000000000000e+04
4.235400000000000000e+04
7.007100000000000000e+04
7.012000000000000000e+04
8.649700000000000000e+04
6.123400000000000000e+04
7.169700000000000000e+04
1.006470000000000000e+05
7.927300000000000000e+04
6.570900000000000000e+04
7.420800000000000000e+04
7.397000000000000000e+04
