1.043840000000000000e+05
9.905300000000000000e+04
1.193760000000000000e+05
9.180400000000000000e+04
8.194200000000000000e+04
9.889700000000000000e+04
6.276500000000000000e+04
8.853100000000000000e+04
1.105300000000000000e+05
1.037910000000000000e+05
8.747200000000000000e+04
8.404800000000000000e+04
1.091680000000000000e+05
9.239900000000000000e+04
1.035590000000000000e+05
1.123430000000000000e+05
1.036520000000000000e+05
1.013730000000000000e+05
1.038730000000000000e+05
1.084690000000000000e+05
9.501700000000000000e+04
7.237400000000000000e+04
1.015990000000000000e+05
1.034650000000000000e+05
9.669700000000000000e+04
1.228020000000000000e+05
9.366700000000000000e+04
8.081500000000000000e+04
1.042820000000000000e+05
9.923600000000000000e+04
1.035050000000000000e+05
1.262330000000000000e+05
1.317740000000000000e+05
1.091050000000000000e+05
1.057570000000000000e+05
1.143080000000000000e+05
7.935000000000000000e+04
1.029960000000000000e+05
1.155600000000000000e+05
1.246110000000000000e+05
6.348000000000000000e+04
1.112800000000000000e+05
9.109900000000000000e+04
1.221300000000000000e+05
1.060990000000000000e+05
1.035370000000000000e+05
1.208120000000000000e+05
8.963600000000000000e+04
8.479100000000000000e+04
1.113630000000000000e+05
