9.002500000000000000e+04
7.761100000000000000e+04
4.219200000000000000e+04
5.438100000000000000e+04
6.021500000000000000e+04
5.695800000000000000e+04
7.143200000000000000e+04
6.321400000000000000e+04
4.390600000000000000e+04
6.627400000000000000e+04
7.088300000000000000e+04
6.529500000000000000e+04
6.014500000000000000e+04
4.423500000000000000e+04
1.109700000000000000e+04
6.051000000000000000e+04
8.654200000000000000e+04
5.512300000000000000e+04
6.595800000000000000e+04
5.865000000000000000e+04
4.336900000000000000e+04
3.076900000000000000e+04
7.692400000000000000e+04
7.232100000000000000e+04
7.533100000000000000e+04
8.481000000000000000e+04
6.845500000000000000e+04
6.385900000000000000e+04
5.759300000000000000e+04
2.563000000000000000e+04
7.216400000000000000e+04
6.726300000000000000e+04
6.792100000000000000e+04
6.297100000000000000e+04
7.398700000000000000e+04
6.602300000000000000e+04
5.975700000000000000e+04
9.613500000000000000e+04
6.839700000000000000e+04
6.217200000000000000e+04
6.377800000000000000e+04
6.838900000000000000e+04
8.537500000000000000e+04
6.443600000000000000e+04
4.395200000000000000e+04
7.227900000000000000e+04
7.091000000000000000e+04
5.556900000000000000e+04
7.111800000000000000e+04
7.177100000000000000e+04
