4.638400000000000000e+04
4.330400000000000000e+04
4.592200000000000000e+04
2.568800000000000000e+04
4.705900000000000000e+04
4.574300000000000000e+04
3.282600000000000000e+04
5.665600000000000000e+04
6.340000000000000000e+04
2.746800000000000000e+04
4.602300000000000000e+04
3.622000000000000000e+04
4.441900000000000000e+04
5.002600000000000000e+04
4.367100000000000000e+04
6.348800000000000000e+04
4.936500000000000000e+04
6.427300000000000000e+04
2.119900000000000000e+04
4.962600000000000000e+04
4.190600000000000000e+04
3.982700000000000000e+04
3.914600000000000000e+04
4.623200000000000000e+04
5.122900000000000000e+04
2.029300000000000000e+04
6.394400000000000000e+04
4.373700000000000000e+04
6.768600000000000000e+04
4.253900000000000000e+04
5.390400000000000000e+04
6.063300000000000000e+04
3.784000000000000000e+04
3.284200000000000000e+04
4.658700000000000000e+04
7.544900000000000000e+04
2.659600000000000000e+04
4.563500000000000000e+04
3.596500000000000000e+04
2.814100000000000000e+04
7.119200000000000000e+04
3.576000000000000000e+04
4.962300000000000000e+04
3.432100000000000000e+04
4.157300000000000000e+04
5.309200000000000000e+04
5.757700000000000000e+04
5.181000000000000000e+04
3.139900000000000000e+04
2.975500000000000000e+04
