8.415000000000000000e+04
1.139400000000000000e+05
1.005320000000000000e+05
8.772600000000000000e+04
1.193330000000000000e+05
8.394600000000000000e+04
1.077790000000000000e+05
6.968600000000000000e+04
8.563200000000000000e+04
7.218200000000000000e+04
8.044600000000000000e+04
7.204100000000000000e+04
9.859700000000000000e+04
8.619400000000000000e+04
4.929100000000000000e+04
7.308100000000000000e+04
1.109780000000000000e+05
7.993700000000000000e+04
9.508500000000000000e+04
8.875200000000000000e+04
8.108200000000000000e+04
7.225200000000000000e+04
6.587500000000000000e+04
1.034820000000000000e+05
7.848900000000000000e+04
7.934600000000000000e+04
9.759100000000000000e+04
7.949100000000000000e+04
7.070300000000000000e+04
9.450700000000000000e+04
5.426900000000000000e+04
7.395500000000000000e+04
9.265900000000000000e+04
8.406300000000000000e+04
7.707500000000000000e+04
7.829100000000000000e+04
9.442400000000000000e+04
7.994500000000000000e+04
1.053110000000000000e+05
9.461100000000000000e+04
8.748600000000000000e+04
1.333750000000000000e+05
6.980400000000000000e+04
9.527000000000000000e+04
5.363100000000000000e+04
1.106720000000000000e+05
5.234400000000000000e+04
6.437100000000000000e+04
8.646900000000000000e+04
1.090250000000000000e+05
