2.870700000000000000e+04
1.463300000000000000e+04
5.429400000000000000e+04
1.093900000000000000e+04
2.647000000000000000e+03
2.905300000000000000e+04
1.714700000000000000e+04
4.025000000000000000e+03
2.280800000000000000e+04
3.902100000000000000e+04
2.400800000000000000e+04
2.232500000000000000e+04
3.550100000000000000e+04
3.014400000000000000e+04
8.092000000000000000e+03
1.025800000000000000e+04
2.562400000000000000e+04
8.132000000000000000e+03
2.484700000000000000e+04
1.343500000000000000e+04
1.604700000000000000e+04
2.078900000000000000e+04
3.864300000000000000e+04
4.590400000000000000e+04
1.792900000000000000e+04
2.695300000000000000e+04
3.552000000000000000e+04
3.379500000000000000e+04
2.692900000000000000e+04
1.366000000000000000e+04
1.741900000000000000e+04
3.752900000000000000e+04
1.389200000000000000e+04
4.774000000000000000e+03
1.519300000000000000e+04
1.111000000000000000e+03
2.895600000000000000e+04
3.283700000000000000e+04
1.986100000000000000e+04
2.787000000000000000e+04
3.937000000000000000e+04
1.506200000000000000e+04
3.057300000000000000e+04
3.067900000000000000e+04
1.504200000000000000e+04
5.450500000000000000e+04
9.915000000000000000e+03
8.630000000000000000e+03
7.229000000000000000e+03
1.172000000000000000e+03
