3.076600000000000000e+04
6.976700000000000000e+04
1.775100000000000000e+04
1.326940000000000000e+05
2.141730000000000000e+05
1.712550000000000000e+05
9.834100000000000000e+04
8.854500000000000000e+04
1.228920000000000000e+05
1.114990000000000000e+05
6.395600000000000000e+04
1.510960000000000000e+05
6.964600000000000000e+04
3.447600000000000000e+04
1.189800000000000000e+04
5.901500000000000000e+04
1.895290000000000000e+05
5.681000000000000000e+04
5.634800000000000000e+04
1.088460000000000000e+05
1.127550000000000000e+05
5.165600000000000000e+04
8.777300000000000000e+04
9.770200000000000000e+04
2.190610000000000000e+05
9.612800000000000000e+04
1.896050000000000000e+05
1.664260000000000000e+05
9.723700000000000000e+04
1.235830000000000000e+05
1.909410000000000000e+05
6.714500000000000000e+04
7.904300000000000000e+04
2.864600000000000000e+04
3.141700000000000000e+04
1.215870000000000000e+05
1.123640000000000000e+05
5.794000000000000000e+04
7.430600000000000000e+04
1.285580000000000000e+05
4.729000000000000000e+04
5.654200000000000000e+04
1.020850000000000000e+05
1.074060000000000000e+05
1.564200000000000000e+05
1.241750000000000000e+05
7.796800000000000000e+04
8.772000000000000000e+03
1.996550000000000000e+05
1.192020000000000000e+05
