8.375400000000000000e+04
7.847500000000000000e+04
9.164100000000000000e+04
1.077680000000000000e+05
1.658350000000000000e+05
1.205880000000000000e+05
2.010530000000000000e+05
3.600900000000000000e+04
6.075300000000000000e+04
2.105890000000000000e+05
3.450900000000000000e+04
1.465060000000000000e+05
1.700990000000000000e+05
1.180630000000000000e+05
5.044800000000000000e+04
1.745520000000000000e+05
1.219690000000000000e+05
1.334860000000000000e+05
4.226500000000000000e+04
5.239000000000000000e+04
1.738700000000000000e+05
1.395530000000000000e+05
3.711700000000000000e+04
7.169900000000000000e+04
8.454700000000000000e+04
6.742200000000000000e+04
8.915100000000000000e+04
1.038150000000000000e+05
1.102870000000000000e+05
9.900900000000000000e+04
1.789060000000000000e+05
1.008300000000000000e+05
1.479770000000000000e+05
1.978740000000000000e+05
1.180900000000000000e+05
1.257240000000000000e+05
1.351080000000000000e+05
5.435200000000000000e+04
5.834900000000000000e+04
1.431340000000000000e+05
7.802300000000000000e+04
2.123490000000000000e+05
3.766300000000000000e+04
8.461500000000000000e+04
1.069300000000000000e+05
1.577050000000000000e+05
6.064600000000000000e+04
2.181900000000000000e+04
1.284150000000000000e+05
9.167400000000000000e+04
