2.304500000000000000e+05
1.938300000000000000e+05
1.595850000000000000e+05
2.362290000000000000e+05
2.534480000000000000e+05
2.503360000000000000e+05
1.298640000000000000e+05
6.180600000000000000e+04
6.944700000000000000e+04
2.114410000000000000e+05
2.542170000000000000e+05
1.376640000000000000e+05
2.109430000000000000e+05
1.362810000000000000e+05
2.477140000000000000e+05
1.704760000000000000e+05
1.574070000000000000e+05
1.908790000000000000e+05
2.456360000000000000e+05
2.161730000000000000e+05
2.277740000000000000e+05
2.893280000000000000e+05
2.652240000000000000e+05
1.112190000000000000e+05
1.207520000000000000e+05
1.957250000000000000e+05
2.539470000000000000e+05
1.650740000000000000e+05
7.209900000000000000e+04
1.383210000000000000e+05
2.293410000000000000e+05
1.366960000000000000e+05
2.145420000000000000e+05
2.608390000000000000e+05
2.458690000000000000e+05
2.091220000000000000e+05
7.894200000000000000e+04
2.370960000000000000e+05
2.459520000000000000e+05
1.069780000000000000e+05
1.494970000000000000e+05
1.348160000000000000e+05
1.815560000000000000e+05
1.480230000000000000e+05
9.905400000000000000e+04
2.048890000000000000e+05
1.639530000000000000e+05
2.992320000000000000e+05
2.087510000000000000e+05
2.498440000000000000e+05
