6.962100000000000000e+04
5.672600000000000000e+04
9.093900000000000000e+04
9.930100000000000000e+04
1.035740000000000000e+05
8.696600000000000000e+04
9.350700000000000000e+04
1.134110000000000000e+05
4.035900000000000000e+04
1.420370000000000000e+05
6.391400000000000000e+04
7.571300000000000000e+04
9.164400000000000000e+04
5.975400000000000000e+04
7.450000000000000000e+02
6.144000000000000000e+04
1.354770000000000000e+05
1.327510000000000000e+05
9.932000000000000000e+04
5.577500000000000000e+04
1.500640000000000000e+05
8.131000000000000000e+04
8.576900000000000000e+04
6.042300000000000000e+04
1.187200000000000000e+05
6.275500000000000000e+04
1.754410000000000000e+05
3.850200000000000000e+04
6.263000000000000000e+04
1.330360000000000000e+05
1.584000000000000000e+05
3.305900000000000000e+04
1.128220000000000000e+05
1.180100000000000000e+05
4.648200000000000000e+04
5.455400000000000000e+04
5.900700000000000000e+04
1.158220000000000000e+05
1.348480000000000000e+05
6.722400000000000000e+04
4.927400000000000000e+04
2.516390000000000000e+05
8.211400000000000000e+04
1.302010000000000000e+05
1.727530000000000000e+05
1.647620000000000000e+05
9.401600000000000000e+04
5.783400000000000000e+04
5.094900000000000000e+04
6.095700000000000000e+04
