2.785730000000000000e+05
2.113760000000000000e+05
2.470910000000000000e+05
2.429450000000000000e+05
2.792150000000000000e+05
2.327530000000000000e+05
2.209400000000000000e+05
2.572150000000000000e+05
3.353940000000000000e+05
2.436610000000000000e+05
3.352830000000000000e+05
3.064880000000000000e+05
3.108290000000000000e+05
2.900900000000000000e+05
2.490100000000000000e+05
2.438130000000000000e+05
2.021300000000000000e+05
2.625610000000000000e+05
3.043920000000000000e+05
3.329630000000000000e+05
1.986490000000000000e+05
2.016300000000000000e+05
3.293800000000000000e+05
2.757030000000000000e+05
2.667810000000000000e+05
2.377900000000000000e+05
3.348420000000000000e+05
2.568430000000000000e+05
2.570500000000000000e+05
3.113700000000000000e+05
2.746210000000000000e+05
3.599600000000000000e+05
3.641510000000000000e+05
3.229410000000000000e+05
2.425570000000000000e+05
3.017340000000000000e+05
2.897050000000000000e+05
2.664170000000000000e+05
2.061280000000000000e+05
2.580850000000000000e+05
3.288830000000000000e+05
2.726250000000000000e+05
2.677140000000000000e+05
2.633610000000000000e+05
2.948140000000000000e+05
2.320840000000000000e+05
2.665530000000000000e+05
2.908320000000000000e+05
2.602010000000000000e+05
2.937550000000000000e+05
