1.774400000000000000e+05
7.282000000000000000e+04
1.784490000000000000e+05
2.334430000000000000e+05
6.084500000000000000e+04
2.224800000000000000e+05
1.711390000000000000e+05
1.529550000000000000e+05
4.149900000000000000e+04
1.935640000000000000e+05
1.452540000000000000e+05
2.256350000000000000e+05
1.955260000000000000e+05
2.448170000000000000e+05
1.012760000000000000e+05
1.888010000000000000e+05
1.545220000000000000e+05
1.022870000000000000e+05
1.685830000000000000e+05
2.000210000000000000e+05
1.064480000000000000e+05
1.458000000000000000e+05
1.260000000000000000e+05
6.066000000000000000e+04
7.261900000000000000e+04
1.566920000000000000e+05
1.770840000000000000e+05
2.122350000000000000e+05
1.368150000000000000e+05
8.746300000000000000e+04
1.970330000000000000e+05
1.128750000000000000e+05
1.990080000000000000e+05
9.569600000000000000e+04
1.011040000000000000e+05
9.551500000000000000e+04
8.978100000000000000e+04
7.580100000000000000e+04
9.252500000000000000e+04
1.714650000000000000e+05
1.567990000000000000e+05
7.067700000000000000e+04
1.505580000000000000e+05
1.776990000000000000e+05
2.064620000000000000e+05
1.947250000000000000e+05
1.776390000000000000e+05
2.057050000000000000e+05
9.118000000000000000e+04
6.937000000000000000e+04
