1.241100000000000000e+05
1.653160000000000000e+05
1.421130000000000000e+05
8.310800000000000000e+04
1.462420000000000000e+05
1.842090000000000000e+05
1.113980000000000000e+05
1.982260000000000000e+05
7.675800000000000000e+04
1.274420000000000000e+05
1.574490000000000000e+05
1.486150000000000000e+05
5.818400000000000000e+04
1.804760000000000000e+05
1.440580000000000000e+05
9.229800000000000000e+04
1.495680000000000000e+05
1.128280000000000000e+05
1.094380000000000000e+05
1.927970000000000000e+05
2.095620000000000000e+05
1.010950000000000000e+05
1.087990000000000000e+05
1.034880000000000000e+05
1.770710000000000000e+05
8.675200000000000000e+04
7.189900000000000000e+04
1.240410000000000000e+05
7.960500000000000000e+04
6.650800000000000000e+04
1.401910000000000000e+05
2.028100000000000000e+05
8.047500000000000000e+04
1.074890000000000000e+05
1.200180000000000000e+05
7.466900000000000000e+04
2.745100000000000000e+04
1.800080000000000000e+05
1.696160000000000000e+05
1.847370000000000000e+05
6.042300000000000000e+04
1.048340000000000000e+05
2.001270000000000000e+05
1.444810000000000000e+05
1.062690000000000000e+05
1.300730000000000000e+05
8.997900000000000000e+04
1.003260000000000000e+05
1.868110000000000000e+05
6.872200000000000000e+04
