1.657020000000000000e+05
2.916980000000000000e+05
1.851640000000000000e+05
2.229240000000000000e+05
1.912560000000000000e+05
2.775840000000000000e+05
1.250300000000000000e+05
3.116120000000000000e+05
2.566380000000000000e+05
1.533070000000000000e+05
1.830620000000000000e+05
1.154160000000000000e+05
1.323840000000000000e+05
1.113120000000000000e+05
1.463820000000000000e+05
1.899520000000000000e+05
1.013530000000000000e+05
1.533430000000000000e+05
1.066820000000000000e+05
8.889000000000000000e+04
1.354290000000000000e+05
1.929420000000000000e+05
1.293520000000000000e+05
1.865600000000000000e+05
1.072650000000000000e+05
1.287630000000000000e+05
2.232390000000000000e+05
1.686240000000000000e+05
2.178890000000000000e+05
1.414390000000000000e+05
1.027820000000000000e+05
1.042150000000000000e+05
1.601370000000000000e+05
2.155910000000000000e+05
1.593610000000000000e+05
1.731060000000000000e+05
1.869900000000000000e+05
1.006490000000000000e+05
1.708450000000000000e+05
1.753420000000000000e+05
1.969190000000000000e+05
1.392320000000000000e+05
2.222060000000000000e+05
1.668230000000000000e+05
1.863180000000000000e+05
1.218290000000000000e+05
2.465530000000000000e+05
1.062940000000000000e+05
1.828330000000000000e+05
4.056200000000000000e+04
