2.720890000000000000e+05
2.108510000000000000e+05
2.161040000000000000e+05
2.323560000000000000e+05
2.105500000000000000e+05
2.919330000000000000e+05
3.189240000000000000e+05
2.778800000000000000e+05
3.156540000000000000e+05
2.765870000000000000e+05
2.867900000000000000e+05
2.999740000000000000e+05
3.345460000000000000e+05
2.491700000000000000e+05
2.675160000000000000e+05
3.395300000000000000e+05
1.654010000000000000e+05
2.708170000000000000e+05
3.035820000000000000e+05
2.760710000000000000e+05
3.424450000000000000e+05
2.311890000000000000e+05
2.459270000000000000e+05
2.434460000000000000e+05
2.812290000000000000e+05
2.390290000000000000e+05
2.774500000000000000e+05
3.092710000000000000e+05
2.618190000000000000e+05
2.656990000000000000e+05
2.558030000000000000e+05
3.288030000000000000e+05
2.942320000000000000e+05
2.496760000000000000e+05
3.000500000000000000e+05
2.709860000000000000e+05
1.907640000000000000e+05
2.168650000000000000e+05
2.751020000000000000e+05
2.914580000000000000e+05
2.154600000000000000e+05
2.480870000000000000e+05
2.993290000000000000e+05
2.943360000000000000e+05
2.402450000000000000e+05
3.408610000000000000e+05
2.304630000000000000e+05
2.337390000000000000e+05
3.141960000000000000e+05
2.346550000000000000e+05
