3.847000000000000000e+04
3.539500000000000000e+04
4.526000000000000000e+03
1.692470000000000000e+05
2.793300000000000000e+04
7.648500000000000000e+04
7.709200000000000000e+04
7.773300000000000000e+04
1.213830000000000000e+05
6.667800000000000000e+04
3.255000000000000000e+04
1.449200000000000000e+04
7.632400000000000000e+04
3.606200000000000000e+04
8.608000000000000000e+03
9.994600000000000000e+04
4.285500000000000000e+04
9.350900000000000000e+04
4.733000000000000000e+04
5.428200000000000000e+04
5.863300000000000000e+04
1.220040000000000000e+05
5.705500000000000000e+04
3.353100000000000000e+04
9.289900000000000000e+04
5.896300000000000000e+04
5.233800000000000000e+04
3.142900000000000000e+04
3.316900000000000000e+04
6.765000000000000000e+03
1.070510000000000000e+05
5.604500000000000000e+04
2.079500000000000000e+04
2.585700000000000000e+04
1.683900000000000000e+04
4.194500000000000000e+04
5.825300000000000000e+04
7.154600000000000000e+04
7.203600000000000000e+04
7.290200000000000000e+04
5.421200000000000000e+04
3.365300000000000000e+04
1.054240000000000000e+05
3.136300000000000000e+04
8.226600000000000000e+04
8.807100000000000000e+04
1.064170000000000000e+05
3.690200000000000000e+04
8.325600000000000000e+04
4.729000000000000000e+04
