1.279690000000000000e+05
1.407940000000000000e+05
1.987350000000000000e+05
4.930700000000000000e+04
9.734900000000000000e+04
1.217380000000000000e+05
1.294430000000000000e+05
1.144280000000000000e+05
2.504210000000000000e+05
6.082600000000000000e+04
2.020360000000000000e+05
1.431880000000000000e+05
1.367250000000000000e+05
1.460610000000000000e+05
1.157930000000000000e+05
1.282660000000000000e+05
5.860500000000000000e+04
1.268840000000000000e+05
1.092080000000000000e+05
1.890930000000000000e+05
1.975420000000000000e+05
6.952700000000000000e+04
9.426500000000000000e+04
2.167590000000000000e+05
1.969910000000000000e+05
1.240520000000000000e+05
1.151160000000000000e+05
2.142960000000000000e+05
1.335110000000000000e+05
1.803750000000000000e+05
2.104710000000000000e+05
1.311620000000000000e+05
7.675800000000000000e+04
9.153400000000000000e+04
9.062300000000000000e+04
8.981900000000000000e+04
1.017480000000000000e+05
4.259700000000000000e+04
1.221590000000000000e+05
1.382100000000000000e+05
1.426520000000000000e+05
1.244000000000000000e+05
1.339460000000000000e+05
1.454790000000000000e+05
1.792640000000000000e+05
9.005400000000000000e+04
1.133610000000000000e+05
1.837400000000000000e+05
2.653690000000000000e+05
1.214000000000000000e+05
