5.840000000000000000e+03
6.980000000000000000e+03
6.671000000000000000e+03
1.217000000000000000e+04
2.417800000000000000e+04
2.284000000000000000e+04
9.007000000000000000e+03
1.180900000000000000e+04
1.757700000000000000e+04
9.608000000000000000e+03
1.532100000000000000e+04
1.129600000000000000e+04
1.115700000000000000e+04
7.224000000000000000e+03
4.303000000000000000e+03
3.190000000000000000e+03
2.392100000000000000e+04
8.695000000000000000e+03
7.193000000000000000e+03
1.430100000000000000e+04
9.866000000000000000e+03
1.111000000000000000e+04
7.030000000000000000e+03
1.063400000000000000e+04
1.590100000000000000e+04
1.016400000000000000e+04
1.467100000000000000e+04
2.702700000000000000e+04
1.092400000000000000e+04
1.143300000000000000e+04
1.577700000000000000e+04
1.599000000000000000e+04
1.181400000000000000e+04
8.160000000000000000e+03
1.053400000000000000e+04
9.581000000000000000e+03
1.703800000000000000e+04
8.586000000000000000e+03
9.064000000000000000e+03
9.521000000000000000e+03
1.083000000000000000e+04
7.300000000000000000e+03
7.851000000000000000e+03
1.038100000000000000e+04
1.299100000000000000e+04
1.952300000000000000e+04
1.081800000000000000e+04
1.078000000000000000e+04
1.643400000000000000e+04
1.563900000000000000e+04
