5.081100000000000000e+04
5.007400000000000000e+04
4.007900000000000000e+04
4.562700000000000000e+04
3.635400000000000000e+04
5.232100000000000000e+04
5.757400000000000000e+04
4.909000000000000000e+04
4.095600000000000000e+04
4.022600000000000000e+04
4.819700000000000000e+04
5.522000000000000000e+04
4.178500000000000000e+04
5.288400000000000000e+04
4.971600000000000000e+04
5.961300000000000000e+04
5.368100000000000000e+04
6.102300000000000000e+04
5.083200000000000000e+04
3.397600000000000000e+04
5.239500000000000000e+04
4.445500000000000000e+04
4.653500000000000000e+04
4.763900000000000000e+04
6.545400000000000000e+04
3.646700000000000000e+04
4.886200000000000000e+04
5.156700000000000000e+04
6.156900000000000000e+04
3.916500000000000000e+04
4.709100000000000000e+04
5.459800000000000000e+04
4.248800000000000000e+04
3.939400000000000000e+04
5.988200000000000000e+04
4.157900000000000000e+04
3.959600000000000000e+04
4.216300000000000000e+04
5.242600000000000000e+04
3.690600000000000000e+04
3.411000000000000000e+04
5.142000000000000000e+04
5.225100000000000000e+04
5.124000000000000000e+04
4.823600000000000000e+04
3.720800000000000000e+04
4.256900000000000000e+04
4.249500000000000000e+04
5.380400000000000000e+04
3.377400000000000000e+04
