5.692000000000000000e+03
4.573000000000000000e+03
3.101000000000000000e+03
1.855500000000000000e+04
2.270000000000000000e+03
6.173000000000000000e+03
7.292000000000000000e+03
4.965000000000000000e+03
8.381000000000000000e+03
7.132000000000000000e+03
3.731000000000000000e+03
6.870000000000000000e+02
1.053300000000000000e+04
3.096000000000000000e+03
3.559000000000000000e+03
1.778000000000000000e+03
2.880000000000000000e+03
8.613000000000000000e+03
4.485000000000000000e+03
1.003900000000000000e+04
5.574000000000000000e+03
1.009100000000000000e+04
6.126000000000000000e+03
8.298000000000000000e+03
4.499000000000000000e+03
6.488000000000000000e+03
1.297100000000000000e+04
6.506000000000000000e+03
1.126900000000000000e+04
1.137300000000000000e+04
1.146000000000000000e+04
3.519000000000000000e+03
3.800000000000000000e+03
2.415000000000000000e+03
8.999000000000000000e+03
1.245500000000000000e+04
7.342000000000000000e+03
1.173000000000000000e+04
3.950000000000000000e+02
2.363000000000000000e+03
4.873000000000000000e+03
1.000600000000000000e+04
4.323000000000000000e+03
9.046000000000000000e+03
5.186000000000000000e+03
1.757000000000000000e+03
1.173600000000000000e+04
3.492000000000000000e+03
7.242000000000000000e+03
1.383500000000000000e+04
