2.602800000000000000e+04
2.962300000000000000e+04
2.148800000000000000e+04
1.260500000000000000e+04
1.799300000000000000e+04
2.904100000000000000e+04
1.962500000000000000e+04
1.864800000000000000e+04
3.117100000000000000e+04
9.276000000000000000e+03
3.675700000000000000e+04
2.393500000000000000e+04
2.123400000000000000e+04
2.180500000000000000e+04
2.627900000000000000e+04
2.305800000000000000e+04
2.275800000000000000e+04
2.074000000000000000e+04
2.149700000000000000e+04
1.333500000000000000e+04
2.293100000000000000e+04
1.485900000000000000e+04
2.539700000000000000e+04
3.354300000000000000e+04
3.013500000000000000e+04
2.196300000000000000e+04
1.659800000000000000e+04
3.011200000000000000e+04
1.060800000000000000e+04
2.775300000000000000e+04
2.492000000000000000e+04
3.122000000000000000e+04
7.895000000000000000e+03
1.656900000000000000e+04
1.638500000000000000e+04
9.088000000000000000e+03
1.694000000000000000e+04
1.199300000000000000e+04
3.134500000000000000e+04
1.860100000000000000e+04
2.321900000000000000e+04
2.325600000000000000e+04
3.295900000000000000e+04
2.434300000000000000e+04
2.553600000000000000e+04
1.170900000000000000e+04
1.525600000000000000e+04
3.224500000000000000e+04
4.151000000000000000e+04
2.197900000000000000e+04
