2.112700000000000000e+04
4.045900000000000000e+04
3.227600000000000000e+04
1.381500000000000000e+04
2.111700000000000000e+04
2.032200000000000000e+04
1.731800000000000000e+04
1.942500000000000000e+04
1.700700000000000000e+04
1.805100000000000000e+04
2.139200000000000000e+04
1.631100000000000000e+04
1.060500000000000000e+04
2.625700000000000000e+04
2.155200000000000000e+04
1.281300000000000000e+04
2.246500000000000000e+04
1.720000000000000000e+04
1.905500000000000000e+04
2.250500000000000000e+04
2.022200000000000000e+04
2.171400000000000000e+04
4.319000000000000000e+03
2.336700000000000000e+04
1.551100000000000000e+04
1.385300000000000000e+04
1.389600000000000000e+04
1.782400000000000000e+04
1.878900000000000000e+04
2.663300000000000000e+04
2.554400000000000000e+04
2.438600000000000000e+04
2.607800000000000000e+04
2.294400000000000000e+04
2.392200000000000000e+04
6.217000000000000000e+03
1.967300000000000000e+04
1.868700000000000000e+04
2.034100000000000000e+04
1.831000000000000000e+04
1.553600000000000000e+04
9.440000000000000000e+03
1.040500000000000000e+04
2.978900000000000000e+04
1.736400000000000000e+04
2.674800000000000000e+04
2.052900000000000000e+04
1.611600000000000000e+04
2.506500000000000000e+04
9.762000000000000000e+03
