4.431000000000000000e+03
2.889000000000000000e+03
9.550000000000000000e+03
6.429000000000000000e+03
1.790000000000000000e+03
6.260000000000000000e+02
1.528000000000000000e+03
5.328000000000000000e+03
2.734000000000000000e+03
5.029000000000000000e+03
6.052000000000000000e+03
6.710000000000000000e+02
1.093000000000000000e+03
5.334000000000000000e+03
2.907000000000000000e+03
4.971000000000000000e+03
4.996000000000000000e+03
2.736000000000000000e+03
7.645000000000000000e+03
7.105000000000000000e+03
5.632000000000000000e+03
1.317000000000000000e+03
3.736000000000000000e+03
2.072000000000000000e+03
4.143000000000000000e+03
1.021800000000000000e+04
3.807000000000000000e+03
3.712000000000000000e+03
5.410000000000000000e+02
6.611000000000000000e+03
1.064000000000000000e+03
7.845000000000000000e+03
3.511000000000000000e+03
2.623000000000000000e+03
2.408000000000000000e+03
5.442000000000000000e+03
9.000000000000000000e+01
5.282000000000000000e+03
3.739000000000000000e+03
2.172000000000000000e+03
4.664000000000000000e+03
1.756000000000000000e+03
1.299000000000000000e+03
6.140000000000000000e+03
2.246000000000000000e+03
5.202000000000000000e+03
1.822000000000000000e+03
1.119000000000000000e+03
7.865000000000000000e+03
9.420000000000000000e+02
