1.093700000000000000e+04
2.122800000000000000e+04
2.214100000000000000e+04
3.200300000000000000e+04
2.350900000000000000e+04
3.574900000000000000e+04
1.954700000000000000e+04
2.672000000000000000e+04
2.553500000000000000e+04
1.704200000000000000e+04
1.277300000000000000e+04
1.528500000000000000e+04
2.266800000000000000e+04
8.980000000000000000e+03
1.376600000000000000e+04
1.714200000000000000e+04
1.258600000000000000e+04
3.195700000000000000e+04
1.395700000000000000e+04
1.014100000000000000e+04
1.260000000000000000e+04
2.714500000000000000e+04
1.677900000000000000e+04
2.947700000000000000e+04
1.598600000000000000e+04
1.988200000000000000e+04
2.431500000000000000e+04
1.636600000000000000e+04
3.375000000000000000e+04
2.380200000000000000e+04
1.869400000000000000e+04
1.495400000000000000e+04
1.904200000000000000e+04
2.575900000000000000e+04
1.514100000000000000e+04
1.204800000000000000e+04
2.133500000000000000e+04
1.449000000000000000e+04
1.843300000000000000e+04
2.285100000000000000e+04
2.650800000000000000e+04
2.526000000000000000e+04
1.657100000000000000e+04
2.231100000000000000e+04
2.351200000000000000e+04
1.739300000000000000e+04
3.476900000000000000e+04
2.041800000000000000e+04
2.175200000000000000e+04
1.499900000000000000e+04
