1.742360000000000000e+05
1.742360000000000000e+05
1.742360000000000000e+05
1.742360000000000000e+05
1.742360000000000000e+05
1.742360000000000000e+05
1.742360000000000000e+05
1.742360000000000000e+05
1.742360000000000000e+05
1.742360000000000000e+05
1.742360000000000000e+05
1.742360000000000000e+05
1.742360000000000000e+05
1.742360000000000000e+05
1.742360000000000000e+05
1.742360000000000000e+05
1.742360000000000000e+05
1.742360000000000000e+05
1.742360000000000000e+05
1.742360000000000000e+05
1.742360000000000000e+05
1.742360000000000000e+05
1.742360000000000000e+05
1.742360000000000000e+05
1.742360000000000000e+05
1.742360000000000000e+05
1.742360000000000000e+05
1.742360000000000000e+05
1.742360000000000000e+05
1.742360000000000000e+05
1.742360000000000000e+05
1.742360000000000000e+05
1.742360000000000000e+05
1.742360000000000000e+05
1.742360000000000000e+05
1.742360000000000000e+05
1.742360000000000000e+05
1.742360000000000000e+05
1.742360000000000000e+05
1.742360000000000000e+05
1.742360000000000000e+05
1.742360000000000000e+05
1.742360000000000000e+05
1.742360000000000000e+05
1.742360000000000000e+05
1.742360000000000000e+05
1.742360000000000000e+05
1.742360000000000000e+05
1.742360000000000000e+05
1.742360000000000000e+05
