2.554920000000000000e+05
2.554920000000000000e+05
2.554920000000000000e+05
2.554920000000000000e+05
2.554920000000000000e+05
2.554920000000000000e+05
2.554920000000000000e+05
2.554920000000000000e+05
2.554920000000000000e+05
2.554920000000000000e+05
2.554920000000000000e+05
2.554920000000000000e+05
2.554920000000000000e+05
2.554920000000000000e+05
2.554920000000000000e+05
2.554920000000000000e+05
2.554920000000000000e+05
2.554920000000000000e+05
2.554920000000000000e+05
2.554920000000000000e+05
2.554920000000000000e+05
2.554920000000000000e+05
2.554920000000000000e+05
2.554920000000000000e+05
2.554920000000000000e+05
2.554920000000000000e+05
2.554920000000000000e+05
2.554920000000000000e+05
2.554920000000000000e+05
2.554920000000000000e+05
2.554920000000000000e+05
2.554920000000000000e+05
2.554920000000000000e+05
2.554920000000000000e+05
2.554920000000000000e+05
2.554920000000000000e+05
2.554920000000000000e+05
2.554920000000000000e+05
2.554920000000000000e+05
2.554920000000000000e+05
2.554920000000000000e+05
2.554920000000000000e+05
2.554920000000000000e+05
2.554920000000000000e+05
2.554920000000000000e+05
2.554920000000000000e+05
2.554920000000000000e+05
2.554920000000000000e+05
2.554920000000000000e+05
2.554920000000000000e+05
