3.203190000000000000e+05
3.203190000000000000e+05
3.203190000000000000e+05
3.203190000000000000e+05
3.203190000000000000e+05
3.203190000000000000e+05
3.203190000000000000e+05
3.203190000000000000e+05
3.203190000000000000e+05
3.203190000000000000e+05
3.203190000000000000e+05
3.203190000000000000e+05
3.203190000000000000e+05
3.203190000000000000e+05
3.203190000000000000e+05
3.203190000000000000e+05
3.203190000000000000e+05
3.203190000000000000e+05
3.203190000000000000e+05
3.203190000000000000e+05
3.203190000000000000e+05
3.203190000000000000e+05
3.203190000000000000e+05
3.203190000000000000e+05
3.203190000000000000e+05
3.203190000000000000e+05
3.203190000000000000e+05
3.203190000000000000e+05
3.203190000000000000e+05
3.203190000000000000e+05
3.203190000000000000e+05
3.203190000000000000e+05
3.203190000000000000e+05
3.203190000000000000e+05
3.203190000000000000e+05
3.203190000000000000e+05
3.203190000000000000e+05
3.203190000000000000e+05
3.203190000000000000e+05
3.203190000000000000e+05
3.203190000000000000e+05
3.203190000000000000e+05
3.203190000000000000e+05
3.203190000000000000e+05
3.203190000000000000e+05
3.203190000000000000e+05
3.203190000000000000e+05
3.203190000000000000e+05
3.203190000000000000e+05
3.203190000000000000e+05
