8.863400000000000000e+04
5.189400000000000000e+04
4.784500000000000000e+04
6.100300000000000000e+04
6.156400000000000000e+04
3.056400000000000000e+04
6.362600000000000000e+04
6.618100000000000000e+04
5.199600000000000000e+04
6.578800000000000000e+04
5.810800000000000000e+04
8.133700000000000000e+04
6.217300000000000000e+04
5.122700000000000000e+04
5.790200000000000000e+04
4.793300000000000000e+04
8.896800000000000000e+04
5.462800000000000000e+04
7.238600000000000000e+04
5.676200000000000000e+04
5.623100000000000000e+04
6.450900000000000000e+04
8.633000000000000000e+04
8.155100000000000000e+04
8.357200000000000000e+04
5.777000000000000000e+04
6.081400000000000000e+04
8.834200000000000000e+04
6.055900000000000000e+04
4.018000000000000000e+04
6.174300000000000000e+04
8.884600000000000000e+04
7.361900000000000000e+04
8.233500000000000000e+04
7.203600000000000000e+04
6.997200000000000000e+04
5.999000000000000000e+04
8.437000000000000000e+04
8.227500000000000000e+04
5.057500000000000000e+04
7.689300000000000000e+04
5.789800000000000000e+04
9.414400000000000000e+04
6.502300000000000000e+04
6.469900000000000000e+04
6.476800000000000000e+04
7.038600000000000000e+04
6.446100000000000000e+04
6.287700000000000000e+04
8.254700000000000000e+04
