5.388700000000000000e+04
7.754200000000000000e+04
4.858800000000000000e+04
6.611400000000000000e+04
6.720100000000000000e+04
6.153800000000000000e+04
4.356500000000000000e+04
6.553100000000000000e+04
6.340300000000000000e+04
4.500800000000000000e+04
4.999800000000000000e+04
4.614600000000000000e+04
7.020200000000000000e+04
5.863200000000000000e+04
8.063300000000000000e+04
5.648000000000000000e+04
5.839700000000000000e+04
6.228300000000000000e+04
7.892900000000000000e+04
7.719000000000000000e+04
5.992800000000000000e+04
5.663300000000000000e+04
6.498200000000000000e+04
6.969200000000000000e+04
1.093170000000000000e+05
7.535500000000000000e+04
7.435000000000000000e+04
8.316300000000000000e+04
5.935900000000000000e+04
6.286300000000000000e+04
6.944700000000000000e+04
7.869700000000000000e+04
6.088700000000000000e+04
5.638300000000000000e+04
5.658100000000000000e+04
6.907000000000000000e+04
6.402200000000000000e+04
7.791800000000000000e+04
1.021850000000000000e+05
4.349000000000000000e+04
6.585500000000000000e+04
7.490100000000000000e+04
8.251100000000000000e+04
7.183300000000000000e+04
5.694200000000000000e+04
6.360400000000000000e+04
8.356900000000000000e+04
4.206300000000000000e+04
4.171400000000000000e+04
5.704300000000000000e+04
