7.178600000000000000e+04
7.516200000000000000e+04
6.974000000000000000e+04
9.078600000000000000e+04
8.021100000000000000e+04
8.745700000000000000e+04
8.382900000000000000e+04
8.134400000000000000e+04
1.339030000000000000e+05
8.688400000000000000e+04
1.018800000000000000e+05
9.636900000000000000e+04
9.042200000000000000e+04
8.567500000000000000e+04
6.611300000000000000e+04
9.057300000000000000e+04
8.777600000000000000e+04
8.686200000000000000e+04
5.998800000000000000e+04
9.138800000000000000e+04
7.933300000000000000e+04
1.025200000000000000e+05
8.335200000000000000e+04
9.499600000000000000e+04
6.327400000000000000e+04
6.081700000000000000e+04
1.404530000000000000e+05
8.630600000000000000e+04
8.234400000000000000e+04
9.144200000000000000e+04
1.183470000000000000e+05
9.117500000000000000e+04
5.844300000000000000e+04
9.135700000000000000e+04
1.305080000000000000e+05
1.077660000000000000e+05
6.993000000000000000e+04
8.679300000000000000e+04
6.370800000000000000e+04
1.043360000000000000e+05
1.105450000000000000e+05
8.937900000000000000e+04
7.604600000000000000e+04
8.673100000000000000e+04
8.899200000000000000e+04
8.570700000000000000e+04
8.405300000000000000e+04
8.742600000000000000e+04
7.925700000000000000e+04
1.078220000000000000e+05
