9.661500000000000000e+04
7.771600000000000000e+04
9.840100000000000000e+04
9.121100000000000000e+04
1.168940000000000000e+05
1.315210000000000000e+05
6.815900000000000000e+04
9.478100000000000000e+04
7.947100000000000000e+04
8.423700000000000000e+04
9.377700000000000000e+04
7.365700000000000000e+04
1.067370000000000000e+05
7.714600000000000000e+04
8.392000000000000000e+04
9.036300000000000000e+04
8.700400000000000000e+04
1.058640000000000000e+05
1.207880000000000000e+05
6.399400000000000000e+04
1.032700000000000000e+05
6.225600000000000000e+04
9.706700000000000000e+04
1.062310000000000000e+05
9.922700000000000000e+04
8.920800000000000000e+04
8.754600000000000000e+04
7.570700000000000000e+04
9.395800000000000000e+04
6.909900000000000000e+04
8.971400000000000000e+04
1.296120000000000000e+05
8.277800000000000000e+04
1.185320000000000000e+05
9.010400000000000000e+04
1.009940000000000000e+05
6.855800000000000000e+04
1.014650000000000000e+05
1.298540000000000000e+05
9.442100000000000000e+04
7.468900000000000000e+04
6.038300000000000000e+04
7.257900000000000000e+04
8.320000000000000000e+04
1.129190000000000000e+05
9.469400000000000000e+04
8.826600000000000000e+04
9.181500000000000000e+04
1.203590000000000000e+05
1.059880000000000000e+05
