8.319700000000000000e+04
7.382300000000000000e+04
7.515400000000000000e+04
5.431200000000000000e+04
8.329300000000000000e+04
7.304500000000000000e+04
7.934100000000000000e+04
8.341300000000000000e+04
7.652600000000000000e+04
5.728200000000000000e+04
8.711100000000000000e+04
5.194300000000000000e+04
5.481500000000000000e+04
6.829200000000000000e+04
5.408900000000000000e+04
6.248200000000000000e+04
8.159600000000000000e+04
5.691000000000000000e+04
6.703500000000000000e+04
6.730100000000000000e+04
6.943000000000000000e+04
6.805300000000000000e+04
6.340700000000000000e+04
6.855400000000000000e+04
9.025100000000000000e+04
9.168500000000000000e+04
6.195600000000000000e+04
6.803700000000000000e+04
5.480800000000000000e+04
6.837400000000000000e+04
4.119100000000000000e+04
6.632200000000000000e+04
8.449100000000000000e+04
5.821800000000000000e+04
4.007200000000000000e+04
5.836700000000000000e+04
6.305000000000000000e+04
6.657700000000000000e+04
8.936200000000000000e+04
6.557200000000000000e+04
7.598100000000000000e+04
1.047580000000000000e+05
7.964100000000000000e+04
5.002800000000000000e+04
7.145800000000000000e+04
9.645800000000000000e+04
6.666800000000000000e+04
6.183200000000000000e+04
8.134400000000000000e+04
5.379600000000000000e+04
