9.038300000000000000e+04
3.707400000000000000e+04
5.624400000000000000e+04
3.457000000000000000e+04
1.996300000000000000e+04
8.114800000000000000e+04
6.077400000000000000e+04
3.980400000000000000e+04
7.156500000000000000e+04
7.934200000000000000e+04
8.311100000000000000e+04
5.828400000000000000e+04
8.271200000000000000e+04
5.435000000000000000e+04
5.159100000000000000e+04
7.937500000000000000e+04
5.858800000000000000e+04
6.698000000000000000e+04
2.096200000000000000e+04
3.165300000000000000e+04
8.258700000000000000e+04
7.232600000000000000e+04
7.756600000000000000e+04
5.541200000000000000e+04
2.912900000000000000e+04
5.127700000000000000e+04
1.095940000000000000e+05
4.818100000000000000e+04
6.874700000000000000e+04
7.935800000000000000e+04
8.902700000000000000e+04
8.454500000000000000e+04
6.726200000000000000e+04
6.333600000000000000e+04
8.441100000000000000e+04
7.574100000000000000e+04
4.153000000000000000e+04
6.174900000000000000e+04
3.707900000000000000e+04
8.956000000000000000e+04
5.304400000000000000e+04
6.202000000000000000e+04
3.138500000000000000e+04
7.009600000000000000e+04
7.291900000000000000e+04
6.033900000000000000e+04
7.855600000000000000e+04
5.464300000000000000e+04
5.629400000000000000e+04
4.795800000000000000e+04
