6.997800000000000000e+04
5.168500000000000000e+04
7.496400000000000000e+04
6.573600000000000000e+04
5.668300000000000000e+04
9.093600000000000000e+04
6.507700000000000000e+04
8.259700000000000000e+04
6.036300000000000000e+04
7.339800000000000000e+04
8.771200000000000000e+04
7.456400000000000000e+04
9.732900000000000000e+04
6.168600000000000000e+04
7.158300000000000000e+04
4.306000000000000000e+04
4.684600000000000000e+04
7.893300000000000000e+04
8.026300000000000000e+04
7.535300000000000000e+04
8.454300000000000000e+04
6.950800000000000000e+04
7.558200000000000000e+04
4.895800000000000000e+04
9.022400000000000000e+04
6.937000000000000000e+04
8.195400000000000000e+04
6.659700000000000000e+04
5.434900000000000000e+04
7.725900000000000000e+04
6.647300000000000000e+04
5.430700000000000000e+04
4.029600000000000000e+04
5.260700000000000000e+04
9.014100000000000000e+04
7.213400000000000000e+04
6.624200000000000000e+04
8.362900000000000000e+04
6.219800000000000000e+04
6.454500000000000000e+04
6.460200000000000000e+04
6.501500000000000000e+04
6.501500000000000000e+04
8.853500000000000000e+04
4.824400000000000000e+04
3.967100000000000000e+04
6.290600000000000000e+04
6.236600000000000000e+04
4.979000000000000000e+04
4.749000000000000000e+04
