3.878600000000000000e+04
8.377600000000000000e+04
4.163300000000000000e+04
5.612400000000000000e+04
9.420300000000000000e+04
1.023440000000000000e+05
7.121800000000000000e+04
5.812300000000000000e+04
6.107500000000000000e+04
7.376400000000000000e+04
7.463600000000000000e+04
6.618400000000000000e+04
4.607500000000000000e+04
5.253500000000000000e+04
6.685100000000000000e+04
8.438300000000000000e+04
7.809100000000000000e+04
5.309700000000000000e+04
6.593600000000000000e+04
6.495900000000000000e+04
8.359500000000000000e+04
7.349200000000000000e+04
8.113700000000000000e+04
6.844500000000000000e+04
7.651600000000000000e+04
7.756800000000000000e+04
3.182000000000000000e+04
9.513300000000000000e+04
7.213900000000000000e+04
7.725200000000000000e+04
5.486200000000000000e+04
5.904300000000000000e+04
5.922500000000000000e+04
4.852700000000000000e+04
1.080870000000000000e+05
7.394900000000000000e+04
5.007700000000000000e+04
6.207100000000000000e+04
4.305000000000000000e+04
5.359600000000000000e+04
7.485700000000000000e+04
8.036100000000000000e+04
6.392600000000000000e+04
8.484100000000000000e+04
1.013730000000000000e+05
7.665400000000000000e+04
8.109400000000000000e+04
5.407500000000000000e+04
5.495100000000000000e+04
7.480700000000000000e+04
