7.239800000000000000e+04
6.450600000000000000e+04
4.270000000000000000e+04
7.064700000000000000e+04
7.316000000000000000e+04
9.894700000000000000e+04
1.015720000000000000e+05
7.364200000000000000e+04
9.359100000000000000e+04
8.609500000000000000e+04
8.802400000000000000e+04
9.426100000000000000e+04
1.084390000000000000e+05
4.465800000000000000e+04
1.017670000000000000e+05
1.112560000000000000e+05
1.112560000000000000e+05
8.027400000000000000e+04
6.126800000000000000e+04
9.829300000000000000e+04
7.820300000000000000e+04
6.401200000000000000e+04
6.057400000000000000e+04
1.019060000000000000e+05
9.144200000000000000e+04
7.887600000000000000e+04
1.037550000000000000e+05
7.247200000000000000e+04
6.375200000000000000e+04
8.974200000000000000e+04
8.833300000000000000e+04
7.282200000000000000e+04
9.448900000000000000e+04
6.709700000000000000e+04
1.008070000000000000e+05
5.619000000000000000e+04
6.987800000000000000e+04
7.542000000000000000e+04
7.553800000000000000e+04
1.038600000000000000e+05
7.906100000000000000e+04
5.452900000000000000e+04
9.030900000000000000e+04
9.568000000000000000e+04
7.966400000000000000e+04
6.445400000000000000e+04
9.650600000000000000e+04
1.008230000000000000e+05
1.084290000000000000e+05
7.731500000000000000e+04
