7.516700000000000000e+04
6.756800000000000000e+04
5.873800000000000000e+04
9.222400000000000000e+04
7.320500000000000000e+04
7.982500000000000000e+04
9.579500000000000000e+04
5.891900000000000000e+04
4.903100000000000000e+04
7.093700000000000000e+04
8.175400000000000000e+04
1.160780000000000000e+05
6.962000000000000000e+04
7.883300000000000000e+04
7.697500000000000000e+04
7.026100000000000000e+04
7.275500000000000000e+04
7.217300000000000000e+04
7.619800000000000000e+04
7.397900000000000000e+04
7.848700000000000000e+04
6.528900000000000000e+04
6.959000000000000000e+04
9.638300000000000000e+04
8.766900000000000000e+04
7.497000000000000000e+04
4.984800000000000000e+04
9.738600000000000000e+04
6.734400000000000000e+04
8.809900000000000000e+04
7.668500000000000000e+04
8.298300000000000000e+04
6.407200000000000000e+04
7.715300000000000000e+04
7.363300000000000000e+04
6.753700000000000000e+04
9.005100000000000000e+04
1.008170000000000000e+05
7.090800000000000000e+04
7.264400000000000000e+04
8.438100000000000000e+04
6.216000000000000000e+04
7.322100000000000000e+04
1.025970000000000000e+05
6.854900000000000000e+04
4.751900000000000000e+04
7.314100000000000000e+04
7.578300000000000000e+04
8.034700000000000000e+04
6.452300000000000000e+04
