7.327700000000000000e+04
7.718800000000000000e+04
6.654300000000000000e+04
7.304300000000000000e+04
8.133800000000000000e+04
7.877600000000000000e+04
7.844800000000000000e+04
7.376500000000000000e+04
1.024090000000000000e+05
5.037100000000000000e+04
7.401700000000000000e+04
6.539400000000000000e+04
7.332100000000000000e+04
5.675300000000000000e+04
7.410500000000000000e+04
9.129900000000000000e+04
8.134900000000000000e+04
6.993800000000000000e+04
6.888500000000000000e+04
7.506800000000000000e+04
9.742900000000000000e+04
6.780000000000000000e+04
7.853200000000000000e+04
7.656400000000000000e+04
7.392800000000000000e+04
7.891700000000000000e+04
8.778400000000000000e+04
8.131200000000000000e+04
7.687600000000000000e+04
5.111100000000000000e+04
8.445700000000000000e+04
8.967700000000000000e+04
6.255700000000000000e+04
6.670500000000000000e+04
8.081500000000000000e+04
1.072190000000000000e+05
6.878900000000000000e+04
8.141600000000000000e+04
9.071900000000000000e+04
6.516100000000000000e+04
7.985400000000000000e+04
7.330500000000000000e+04
8.223700000000000000e+04
8.799700000000000000e+04
8.973400000000000000e+04
8.543200000000000000e+04
6.171800000000000000e+04
5.657400000000000000e+04
7.543300000000000000e+04
9.066900000000000000e+04
