2.184000000000000000e+03
2.284800000000000000e+04
2.590000000000000000e+02
3.628200000000000000e+04
9.604000000000000000e+03
1.863700000000000000e+04
2.288700000000000000e+04
1.725900000000000000e+04
2.156200000000000000e+04
1.480500000000000000e+04
1.851600000000000000e+04
1.357900000000000000e+04
5.060800000000000000e+04
1.896600000000000000e+04
3.068100000000000000e+04
4.711000000000000000e+04
6.616000000000000000e+03
1.299300000000000000e+04
1.987300000000000000e+04
1.493000000000000000e+04
3.441900000000000000e+04
9.274000000000000000e+03
3.721100000000000000e+04
1.237300000000000000e+04
1.674000000000000000e+04
2.321100000000000000e+04
1.492100000000000000e+04
3.919500000000000000e+04
1.747100000000000000e+04
9.742000000000000000e+03
1.613200000000000000e+04
1.548500000000000000e+04
2.591300000000000000e+04
1.473500000000000000e+04
2.351400000000000000e+04
3.645000000000000000e+03
8.135000000000000000e+03
2.229200000000000000e+04
1.200000000000000000e+01
8.094000000000000000e+03
1.111100000000000000e+04
3.138500000000000000e+04
8.553000000000000000e+03
1.986100000000000000e+04
3.203400000000000000e+04
3.471600000000000000e+04
1.947200000000000000e+04
2.271700000000000000e+04
0.000000000000000000e+00
4.530600000000000000e+04
