1.055000000000000000e+05
9.467300000000000000e+04
9.550600000000000000e+04
1.129680000000000000e+05
1.170550000000000000e+05
8.702600000000000000e+04
8.488600000000000000e+04
1.136840000000000000e+05
8.648600000000000000e+04
8.311600000000000000e+04
8.234300000000000000e+04
9.678200000000000000e+04
8.241800000000000000e+04
9.732700000000000000e+04
6.881500000000000000e+04
1.004440000000000000e+05
1.059640000000000000e+05
8.453800000000000000e+04
9.350700000000000000e+04
9.055900000000000000e+04
1.040250000000000000e+05
5.702400000000000000e+04
9.348300000000000000e+04
6.292900000000000000e+04
6.292900000000000000e+04
1.057940000000000000e+05
8.580300000000000000e+04
6.062800000000000000e+04
6.398800000000000000e+04
9.096900000000000000e+04
8.412600000000000000e+04
9.423600000000000000e+04
1.223530000000000000e+05
7.503100000000000000e+04
9.552700000000000000e+04
1.079470000000000000e+05
8.563200000000000000e+04
9.060700000000000000e+04
1.118020000000000000e+05
8.242300000000000000e+04
9.614400000000000000e+04
9.334600000000000000e+04
1.064620000000000000e+05
9.462900000000000000e+04
9.760700000000000000e+04
1.296690000000000000e+05
1.183680000000000000e+05
8.751900000000000000e+04
6.304000000000000000e+04
1.099300000000000000e+05
