5.234000000000000000e+04
5.582800000000000000e+04
6.274700000000000000e+04
6.746300000000000000e+04
9.282600000000000000e+04
6.902900000000000000e+04
5.451500000000000000e+04
6.681800000000000000e+04
6.825900000000000000e+04
8.042200000000000000e+04
8.741200000000000000e+04
8.869700000000000000e+04
8.826200000000000000e+04
4.943100000000000000e+04
5.152400000000000000e+04
9.360100000000000000e+04
6.453400000000000000e+04
6.841800000000000000e+04
6.721500000000000000e+04
6.519600000000000000e+04
1.036510000000000000e+05
4.239800000000000000e+04
1.078250000000000000e+05
6.631700000000000000e+04
7.788100000000000000e+04
6.764200000000000000e+04
7.295600000000000000e+04
8.084300000000000000e+04
6.639500000000000000e+04
4.987500000000000000e+04
8.685400000000000000e+04
7.862900000000000000e+04
7.754300000000000000e+04
5.050800000000000000e+04
4.927800000000000000e+04
9.691800000000000000e+04
9.140900000000000000e+04
7.018000000000000000e+04
8.738100000000000000e+04
7.738200000000000000e+04
7.667200000000000000e+04
9.078600000000000000e+04
9.530800000000000000e+04
9.824900000000000000e+04
9.562000000000000000e+04
7.110400000000000000e+04
7.786000000000000000e+04
5.779100000000000000e+04
8.105400000000000000e+04
1.027820000000000000e+05
