5.386600000000000000e+04
6.777000000000000000e+04
5.485500000000000000e+04
7.120200000000000000e+04
9.420600000000000000e+04
5.387500000000000000e+04
6.284900000000000000e+04
5.263500000000000000e+04
6.227900000000000000e+04
8.617200000000000000e+04
7.684400000000000000e+04
8.195600000000000000e+04
3.626600000000000000e+04
7.078300000000000000e+04
5.986100000000000000e+04
9.208200000000000000e+04
8.368800000000000000e+04
6.084700000000000000e+04
7.600300000000000000e+04
9.598000000000000000e+04
9.688100000000000000e+04
5.871000000000000000e+04
6.262100000000000000e+04
6.069400000000000000e+04
8.178600000000000000e+04
3.711200000000000000e+04
5.921600000000000000e+04
1.022870000000000000e+05
6.981400000000000000e+04
8.287500000000000000e+04
7.524700000000000000e+04
5.812100000000000000e+04
3.377900000000000000e+04
4.999600000000000000e+04
7.919600000000000000e+04
5.995500000000000000e+04
7.400500000000000000e+04
5.035800000000000000e+04
4.463000000000000000e+04
5.509200000000000000e+04
5.753700000000000000e+04
8.719600000000000000e+04
7.288600000000000000e+04
7.180400000000000000e+04
5.911100000000000000e+04
5.037700000000000000e+04
4.436500000000000000e+04
6.288800000000000000e+04
6.250700000000000000e+04
6.413700000000000000e+04
