6.636400000000000000e+04
7.009000000000000000e+04
7.011400000000000000e+04
6.729100000000000000e+04
8.827100000000000000e+04
7.427200000000000000e+04
6.347800000000000000e+04
5.905600000000000000e+04
5.580000000000000000e+04
6.473400000000000000e+04
5.624000000000000000e+04
8.309400000000000000e+04
6.369700000000000000e+04
7.987800000000000000e+04
8.385400000000000000e+04
7.633700000000000000e+04
7.734000000000000000e+04
6.469700000000000000e+04
7.106400000000000000e+04
1.011560000000000000e+05
6.710200000000000000e+04
6.994300000000000000e+04
5.235000000000000000e+04
6.031700000000000000e+04
7.192400000000000000e+04
6.691800000000000000e+04
6.594400000000000000e+04
7.927200000000000000e+04
7.002600000000000000e+04
9.888300000000000000e+04
8.160300000000000000e+04
6.183800000000000000e+04
7.402400000000000000e+04
4.095400000000000000e+04
8.777700000000000000e+04
8.574600000000000000e+04
5.937300000000000000e+04
5.910400000000000000e+04
5.141000000000000000e+04
5.943900000000000000e+04
8.793700000000000000e+04
8.750400000000000000e+04
8.456500000000000000e+04
8.570200000000000000e+04
7.652400000000000000e+04
9.004300000000000000e+04
6.602800000000000000e+04
7.483700000000000000e+04
5.446300000000000000e+04
8.633500000000000000e+04
