4.323900000000000000e+04
8.789700000000000000e+04
5.875500000000000000e+04
6.357200000000000000e+04
5.195000000000000000e+04
5.245700000000000000e+04
4.663000000000000000e+04
2.516900000000000000e+04
3.787900000000000000e+04
6.019700000000000000e+04
6.522400000000000000e+04
7.236500000000000000e+04
2.962200000000000000e+04
5.219100000000000000e+04
7.494800000000000000e+04
6.768200000000000000e+04
6.363700000000000000e+04
6.828000000000000000e+04
8.432100000000000000e+04
5.451900000000000000e+04
7.142400000000000000e+04
4.260400000000000000e+04
4.510200000000000000e+04
6.732500000000000000e+04
7.099300000000000000e+04
4.804200000000000000e+04
4.238600000000000000e+04
6.619700000000000000e+04
5.507900000000000000e+04
5.958200000000000000e+04
5.603600000000000000e+04
6.327700000000000000e+04
7.204500000000000000e+04
8.365800000000000000e+04
5.822800000000000000e+04
3.832600000000000000e+04
4.045700000000000000e+04
7.640500000000000000e+04
6.562800000000000000e+04
5.846500000000000000e+04
4.998200000000000000e+04
5.753500000000000000e+04
5.988100000000000000e+04
5.463400000000000000e+04
3.429200000000000000e+04
5.504300000000000000e+04
5.368600000000000000e+04
7.480300000000000000e+04
4.483500000000000000e+04
6.284500000000000000e+04
