1.861800000000000000e+04
5.170400000000000000e+04
2.885600000000000000e+04
4.062600000000000000e+04
3.099900000000000000e+04
3.969400000000000000e+04
7.434800000000000000e+04
6.285000000000000000e+03
3.129900000000000000e+04
3.339900000000000000e+04
5.462200000000000000e+04
2.769800000000000000e+04
6.254800000000000000e+04
2.565400000000000000e+04
4.069800000000000000e+04
5.529900000000000000e+04
1.833100000000000000e+04
4.293900000000000000e+04
4.721400000000000000e+04
4.216000000000000000e+04
1.448800000000000000e+04
3.159000000000000000e+04
4.395500000000000000e+04
1.948200000000000000e+04
2.856700000000000000e+04
3.125500000000000000e+04
4.349200000000000000e+04
5.302400000000000000e+04
2.204600000000000000e+04
4.327400000000000000e+04
2.217000000000000000e+04
1.837300000000000000e+04
9.023000000000000000e+03
3.448600000000000000e+04
3.323200000000000000e+04
4.467700000000000000e+04
4.117900000000000000e+04
1.814100000000000000e+04
1.637000000000000000e+03
4.037300000000000000e+04
4.122000000000000000e+04
3.397000000000000000e+04
3.239800000000000000e+04
3.823200000000000000e+04
3.958500000000000000e+04
4.728300000000000000e+04
2.996700000000000000e+04
2.291900000000000000e+04
5.659500000000000000e+04
3.893000000000000000e+04
