8.180300000000000000e+04
6.109600000000000000e+04
4.040100000000000000e+04
3.929500000000000000e+04
6.649600000000000000e+04
6.784900000000000000e+04
5.798000000000000000e+04
4.423100000000000000e+04
5.335000000000000000e+04
4.190100000000000000e+04
4.915400000000000000e+04
4.265300000000000000e+04
1.805400000000000000e+04
3.955600000000000000e+04
6.211100000000000000e+04
7.227300000000000000e+04
5.441600000000000000e+04
6.479200000000000000e+04
5.427000000000000000e+04
1.850300000000000000e+04
4.420700000000000000e+04
1.802100000000000000e+04
5.523500000000000000e+04
6.446900000000000000e+04
6.414300000000000000e+04
2.790500000000000000e+04
3.280700000000000000e+04
4.761900000000000000e+04
2.254800000000000000e+04
4.553300000000000000e+04
5.523400000000000000e+04
4.880600000000000000e+04
6.313700000000000000e+04
7.473400000000000000e+04
6.239000000000000000e+04
6.111000000000000000e+04
5.061000000000000000e+04
6.549600000000000000e+04
4.644000000000000000e+04
5.855200000000000000e+04
2.270700000000000000e+04
5.426400000000000000e+04
5.183300000000000000e+04
4.121300000000000000e+04
3.694500000000000000e+04
3.121300000000000000e+04
4.454800000000000000e+04
6.274700000000000000e+04
2.318100000000000000e+04
7.398000000000000000e+04
