7.085100000000000000e+04
6.563700000000000000e+04
6.110000000000000000e+04
8.857600000000000000e+04
9.995400000000000000e+04
7.049600000000000000e+04
5.473800000000000000e+04
6.482900000000000000e+04
8.444700000000000000e+04
6.659800000000000000e+04
7.003000000000000000e+04
7.631400000000000000e+04
9.495900000000000000e+04
5.634300000000000000e+04
6.521200000000000000e+04
9.650800000000000000e+04
9.272800000000000000e+04
7.154700000000000000e+04
6.787800000000000000e+04
6.317900000000000000e+04
1.012490000000000000e+05
6.449700000000000000e+04
1.016090000000000000e+05
8.255300000000000000e+04
8.635100000000000000e+04
6.641400000000000000e+04
7.006200000000000000e+04
9.774000000000000000e+04
8.491900000000000000e+04
5.662900000000000000e+04
1.041960000000000000e+05
7.651000000000000000e+04
6.373100000000000000e+04
5.000500000000000000e+04
5.589600000000000000e+04
1.068870000000000000e+05
9.685900000000000000e+04
7.605800000000000000e+04
9.626400000000000000e+04
6.559600000000000000e+04
8.080700000000000000e+04
7.644500000000000000e+04
9.930500000000000000e+04
8.183500000000000000e+04
9.468100000000000000e+04
6.985400000000000000e+04
7.245500000000000000e+04
6.275500000000000000e+04
8.016700000000000000e+04
9.756200000000000000e+04
