5.036000000000000000e+04
5.113800000000000000e+04
7.424600000000000000e+04
5.967000000000000000e+04
3.706800000000000000e+04
8.344600000000000000e+04
5.024900000000000000e+04
5.697800000000000000e+04
4.300800000000000000e+04
5.494700000000000000e+04
5.575100000000000000e+04
6.245500000000000000e+04
8.636200000000000000e+04
5.379300000000000000e+04
5.674400000000000000e+04
5.962800000000000000e+04
2.513700000000000000e+04
6.403500000000000000e+04
7.837200000000000000e+04
5.918600000000000000e+04
6.657700000000000000e+04
3.759800000000000000e+04
4.466000000000000000e+04
5.225100000000000000e+04
8.401100000000000000e+04
5.886700000000000000e+04
8.818100000000000000e+04
6.315200000000000000e+04
4.636200000000000000e+04
6.932900000000000000e+04
6.358800000000000000e+04
4.856700000000000000e+04
6.109300000000000000e+04
5.698700000000000000e+04
8.359300000000000000e+04
5.172000000000000000e+04
6.602500000000000000e+04
6.388200000000000000e+04
5.775500000000000000e+04
5.324900000000000000e+04
8.870300000000000000e+04
5.244100000000000000e+04
6.901200000000000000e+04
6.525700000000000000e+04
4.510700000000000000e+04
5.700300000000000000e+04
3.849900000000000000e+04
5.818400000000000000e+04
6.870800000000000000e+04
5.588500000000000000e+04
