1.485750000000000000e+05
8.341800000000000000e+04
1.523290000000000000e+05
2.134470000000000000e+05
1.649320000000000000e+05
5.742600000000000000e+04
1.077270000000000000e+05
2.094530000000000000e+05
9.826500000000000000e+04
1.986680000000000000e+05
7.570700000000000000e+04
5.163200000000000000e+04
1.301250000000000000e+05
1.057020000000000000e+05
4.047800000000000000e+04
6.591800000000000000e+04
1.721540000000000000e+05
1.696270000000000000e+05
1.031590000000000000e+05
2.144270000000000000e+05
8.768100000000000000e+04
1.000160000000000000e+05
7.452100000000000000e+04
1.055810000000000000e+05
3.259300000000000000e+04
2.215900000000000000e+04
4.489900000000000000e+04
1.025090000000000000e+05
7.570500000000000000e+04
5.674000000000000000e+04
1.004980000000000000e+05
6.290700000000000000e+04
6.246500000000000000e+04
1.033300000000000000e+05
2.305910000000000000e+05
2.353400000000000000e+04
8.937900000000000000e+04
8.410700000000000000e+04
8.145000000000000000e+04
1.927140000000000000e+05
8.934400000000000000e+04
1.233890000000000000e+05
5.094500000000000000e+04
9.550600000000000000e+04
1.676280000000000000e+05
1.467160000000000000e+05
1.378640000000000000e+05
1.644970000000000000e+05
1.742590000000000000e+05
8.609600000000000000e+04
