3.072350000000000000e+05
2.990370000000000000e+05
3.050940000000000000e+05
2.833300000000000000e+05
2.136480000000000000e+05
2.198320000000000000e+05
3.076380000000000000e+05
3.209070000000000000e+05
3.209030000000000000e+05
2.367760000000000000e+05
3.143860000000000000e+05
2.762560000000000000e+05
2.836510000000000000e+05
3.100300000000000000e+05
2.824830000000000000e+05
3.253350000000000000e+05
2.635290000000000000e+05
3.210760000000000000e+05
2.482450000000000000e+05
2.167560000000000000e+05
3.410310000000000000e+05
2.600430000000000000e+05
2.714830000000000000e+05
2.879310000000000000e+05
3.009440000000000000e+05
3.539050000000000000e+05
3.319210000000000000e+05
3.317490000000000000e+05
2.864150000000000000e+05
2.428830000000000000e+05
3.145120000000000000e+05
2.827520000000000000e+05
3.247680000000000000e+05
2.727200000000000000e+05
2.707640000000000000e+05
3.622570000000000000e+05
4.078490000000000000e+05
3.208090000000000000e+05
3.620550000000000000e+05
4.055950000000000000e+05
2.671020000000000000e+05
2.842000000000000000e+05
2.017740000000000000e+05
2.233440000000000000e+05
2.823480000000000000e+05
2.394450000000000000e+05
3.304780000000000000e+05
2.726550000000000000e+05
3.157340000000000000e+05
3.234710000000000000e+05
