7.023800000000000000e+04
2.121800000000000000e+04
2.164200000000000000e+04
2.190000000000000000e+04
7.213600000000000000e+04
2.951800000000000000e+04
7.730000000000000000e+02
1.286200000000000000e+04
5.246300000000000000e+04
3.375500000000000000e+04
3.274500000000000000e+04
1.794300000000000000e+04
4.273300000000000000e+04
1.417400000000000000e+04
2.755800000000000000e+04
5.220000000000000000e+02
1.855100000000000000e+04
3.527700000000000000e+04
4.331200000000000000e+04
1.846200000000000000e+04
1.022350000000000000e+05
0.000000000000000000e+00
3.954800000000000000e+04
2.565900000000000000e+04
6.530500000000000000e+04
6.214000000000000000e+04
0.000000000000000000e+00
3.303300000000000000e+04
4.654700000000000000e+04
1.848200000000000000e+04
3.071000000000000000e+03
3.446400000000000000e+04
4.348400000000000000e+04
1.199000000000000000e+04
1.918200000000000000e+04
3.849100000000000000e+04
1.562800000000000000e+04
3.155500000000000000e+04
1.023200000000000000e+04
5.309000000000000000e+04
2.631000000000000000e+04
2.696000000000000000e+03
8.892800000000000000e+04
3.480000000000000000e+03
2.978800000000000000e+04
3.254000000000000000e+04
3.690800000000000000e+04
5.798000000000000000e+03
2.562700000000000000e+04
1.155100000000000000e+04
