1.232940000000000000e+05
1.148110000000000000e+05
8.888300000000000000e+04
2.238320000000000000e+05
2.280750000000000000e+05
1.965210000000000000e+05
1.437940000000000000e+05
2.211570000000000000e+05
1.567020000000000000e+05
1.660330000000000000e+05
6.147800000000000000e+04
2.501240000000000000e+05
2.261760000000000000e+05
1.435010000000000000e+05
1.501390000000000000e+05
1.040440000000000000e+05
2.191000000000000000e+05
1.413430000000000000e+05
2.554440000000000000e+05
3.337570000000000000e+05
1.886680000000000000e+05
2.589980000000000000e+05
1.780460000000000000e+05
2.128760000000000000e+05
1.249970000000000000e+05
2.059350000000000000e+05
2.077400000000000000e+05
1.949600000000000000e+05
2.464850000000000000e+05
2.729800000000000000e+05
1.958240000000000000e+05
2.166210000000000000e+05
2.431120000000000000e+05
2.859080000000000000e+05
1.660830000000000000e+05
1.030590000000000000e+05
3.364670000000000000e+05
2.760070000000000000e+05
1.157020000000000000e+05
2.431960000000000000e+05
2.604830000000000000e+05
1.064310000000000000e+05
2.575580000000000000e+05
2.255950000000000000e+05
1.948690000000000000e+05
1.793040000000000000e+05
1.968940000000000000e+05
2.209700000000000000e+05
1.168640000000000000e+05
2.424020000000000000e+05
