2.265560000000000000e+05
1.606490000000000000e+05
2.148950000000000000e+05
2.050260000000000000e+05
1.468550000000000000e+05
2.378240000000000000e+05
1.031120000000000000e+05
2.636800000000000000e+05
8.914400000000000000e+04
1.075080000000000000e+05
1.047320000000000000e+05
1.036000000000000000e+05
1.316460000000000000e+05
7.411100000000000000e+04
2.012390000000000000e+05
1.099090000000000000e+05
1.431960000000000000e+05
1.427210000000000000e+05
9.601300000000000000e+04
1.075390000000000000e+05
7.856500000000000000e+04
2.074030000000000000e+05
9.234000000000000000e+04
1.812220000000000000e+05
1.541690000000000000e+05
2.122240000000000000e+05
1.322250000000000000e+05
1.433720000000000000e+05
7.491200000000000000e+04
1.713260000000000000e+05
1.493040000000000000e+05
2.461250000000000000e+05
8.906500000000000000e+04
7.771100000000000000e+04
5.105700000000000000e+04
1.316690000000000000e+05
1.658110000000000000e+05
1.750890000000000000e+05
1.228210000000000000e+05
1.855410000000000000e+05
1.142640000000000000e+05
9.238300000000000000e+04
1.541360000000000000e+05
1.789670000000000000e+05
9.035800000000000000e+04
1.156650000000000000e+05
2.043260000000000000e+05
1.141920000000000000e+05
1.354750000000000000e+05
1.161120000000000000e+05
