2.649200000000000000e+04
3.992800000000000000e+04
1.405400000000000000e+04
1.827400000000000000e+04
5.681000000000000000e+04
3.420500000000000000e+04
2.509700000000000000e+04
1.929600000000000000e+04
4.978800000000000000e+04
5.250000000000000000e+02
9.034000000000000000e+04
4.520000000000000000e+03
2.108700000000000000e+04
4.390700000000000000e+04
4.915500000000000000e+04
2.190600000000000000e+04
1.670300000000000000e+04
9.687000000000000000e+04
5.174600000000000000e+04
1.324300000000000000e+04
7.937100000000000000e+04
4.332600000000000000e+04
3.287700000000000000e+04
1.812600000000000000e+04
6.720800000000000000e+04
8.700100000000000000e+04
6.098400000000000000e+04
5.879800000000000000e+04
7.372800000000000000e+04
2.676400000000000000e+04
1.822200000000000000e+04
5.449000000000000000e+04
6.781700000000000000e+04
4.650300000000000000e+04
3.087800000000000000e+04
1.011000000000000000e+03
5.152300000000000000e+04
1.248800000000000000e+04
3.155800000000000000e+04
1.636000000000000000e+03
1.869700000000000000e+04
9.029000000000000000e+03
4.718100000000000000e+04
2.560000000000000000e+02
6.736000000000000000e+03
6.736000000000000000e+03
3.094000000000000000e+03
1.100500000000000000e+04
5.727700000000000000e+04
3.548100000000000000e+04
