1.874090000000000000e+05
2.850770000000000000e+05
2.896430000000000000e+05
2.228410000000000000e+05
1.384680000000000000e+05
1.773970000000000000e+05
1.895260000000000000e+05
2.170540000000000000e+05
2.283750000000000000e+05
2.733110000000000000e+05
2.642290000000000000e+05
1.985160000000000000e+05
1.960760000000000000e+05
2.594470000000000000e+05
2.962510000000000000e+05
2.242360000000000000e+05
3.148990000000000000e+05
1.414280000000000000e+05
2.173890000000000000e+05
2.144940000000000000e+05
2.286080000000000000e+05
2.312970000000000000e+05
2.041640000000000000e+05
2.690070000000000000e+05
2.535490000000000000e+05
2.085990000000000000e+05
1.503250000000000000e+05
1.534790000000000000e+05
2.730870000000000000e+05
3.064390000000000000e+05
1.954280000000000000e+05
2.447470000000000000e+05
1.518860000000000000e+05
1.919970000000000000e+05
2.417850000000000000e+05
2.053570000000000000e+05
3.165430000000000000e+05
1.576820000000000000e+05
2.121470000000000000e+05
3.365760000000000000e+05
2.577390000000000000e+05
1.522890000000000000e+05
1.821930000000000000e+05
3.024900000000000000e+05
2.209590000000000000e+05
2.665650000000000000e+05
1.451350000000000000e+05
2.211630000000000000e+05
2.840460000000000000e+05
2.691530000000000000e+05
