2.913690000000000000e+05
3.155980000000000000e+05
3.111370000000000000e+05
2.911760000000000000e+05
2.333740000000000000e+05
3.023520000000000000e+05
3.569020000000000000e+05
2.539100000000000000e+05
2.223060000000000000e+05
3.163890000000000000e+05
2.122480000000000000e+05
3.014900000000000000e+05
2.918870000000000000e+05
3.049010000000000000e+05
3.185300000000000000e+05
2.838150000000000000e+05
2.502070000000000000e+05
3.265510000000000000e+05
2.730340000000000000e+05
3.501360000000000000e+05
1.923800000000000000e+05
3.558560000000000000e+05
3.586290000000000000e+05
2.788490000000000000e+05
2.552520000000000000e+05
3.474290000000000000e+05
3.452180000000000000e+05
2.042610000000000000e+05
3.178320000000000000e+05
2.851110000000000000e+05
2.502540000000000000e+05
2.270690000000000000e+05
3.504930000000000000e+05
2.991210000000000000e+05
3.684990000000000000e+05
3.037530000000000000e+05
2.960260000000000000e+05
2.471920000000000000e+05
3.418700000000000000e+05
3.669410000000000000e+05
2.473130000000000000e+05
3.562630000000000000e+05
2.906300000000000000e+05
2.209460000000000000e+05
2.613760000000000000e+05
2.333850000000000000e+05
3.049950000000000000e+05
2.717930000000000000e+05
3.135680000000000000e+05
2.899850000000000000e+05
