2.693530000000000000e+05
2.547130000000000000e+05
3.109800000000000000e+05
1.903210000000000000e+05
2.317590000000000000e+05
2.776040000000000000e+05
2.849770000000000000e+05
2.625770000000000000e+05
1.849940000000000000e+05
2.308500000000000000e+05
2.481540000000000000e+05
2.762330000000000000e+05
2.533410000000000000e+05
2.372140000000000000e+05
2.994420000000000000e+05
2.395240000000000000e+05
1.021170000000000000e+05
2.364110000000000000e+05
2.043630000000000000e+05
2.161080000000000000e+05
2.493050000000000000e+05
2.615400000000000000e+05
1.770770000000000000e+05
1.885010000000000000e+05
3.340780000000000000e+05
1.900310000000000000e+05
3.335550000000000000e+05
2.627180000000000000e+05
1.515920000000000000e+05
2.408580000000000000e+05
2.070330000000000000e+05
2.044010000000000000e+05
2.661780000000000000e+05
1.974300000000000000e+05
2.766630000000000000e+05
3.280670000000000000e+05
2.847360000000000000e+05
2.349270000000000000e+05
1.924580000000000000e+05
2.867150000000000000e+05
2.700630000000000000e+05
2.689730000000000000e+05
3.156030000000000000e+05
2.771330000000000000e+05
2.211480000000000000e+05
2.022170000000000000e+05
1.892520000000000000e+05
2.549480000000000000e+05
2.915930000000000000e+05
3.133440000000000000e+05
