1.893140000000000000e+05
1.993240000000000000e+05
2.436720000000000000e+05
2.190870000000000000e+05
2.765280000000000000e+05
1.627370000000000000e+05
2.666030000000000000e+05
1.914740000000000000e+05
2.118830000000000000e+05
1.965840000000000000e+05
2.161880000000000000e+05
2.996970000000000000e+05
2.903940000000000000e+05
2.556020000000000000e+05
2.743550000000000000e+05
1.726680000000000000e+05
1.445110000000000000e+05
2.714120000000000000e+05
2.734490000000000000e+05
2.706310000000000000e+05
2.046210000000000000e+05
2.543060000000000000e+05
3.232870000000000000e+05
2.556760000000000000e+05
2.547520000000000000e+05
2.917380000000000000e+05
2.411350000000000000e+05
2.253170000000000000e+05
2.435720000000000000e+05
1.833410000000000000e+05
2.802680000000000000e+05
2.022300000000000000e+05
1.880290000000000000e+05
2.100930000000000000e+05
4.027340000000000000e+05
2.120050000000000000e+05
2.617170000000000000e+05
1.967330000000000000e+05
1.461560000000000000e+05
1.623350000000000000e+05
1.556770000000000000e+05
2.961290000000000000e+05
2.073170000000000000e+05
1.865930000000000000e+05
1.802580000000000000e+05
1.984070000000000000e+05
2.016190000000000000e+05
2.344200000000000000e+05
2.450290000000000000e+05
2.992910000000000000e+05
