6.963700000000000000e+04
1.076720000000000000e+05
7.828500000000000000e+04
1.074130000000000000e+05
8.421200000000000000e+04
7.988100000000000000e+04
1.154910000000000000e+05
8.057600000000000000e+04
1.000310000000000000e+05
8.573500000000000000e+04
9.761500000000000000e+04
6.330900000000000000e+04
1.201430000000000000e+05
8.893400000000000000e+04
1.110280000000000000e+05
5.973500000000000000e+04
1.039660000000000000e+05
7.967500000000000000e+04
9.106300000000000000e+04
9.820800000000000000e+04
9.871500000000000000e+04
9.386100000000000000e+04
9.087200000000000000e+04
7.971000000000000000e+04
9.456100000000000000e+04
1.136600000000000000e+05
1.047920000000000000e+05
7.689800000000000000e+04
1.029270000000000000e+05
8.322400000000000000e+04
7.824000000000000000e+04
1.098690000000000000e+05
8.311100000000000000e+04
7.497100000000000000e+04
9.696300000000000000e+04
1.038300000000000000e+05
1.164080000000000000e+05
6.760500000000000000e+04
7.574600000000000000e+04
8.295000000000000000e+04
5.564800000000000000e+04
8.703200000000000000e+04
8.811300000000000000e+04
9.501300000000000000e+04
1.151940000000000000e+05
1.089520000000000000e+05
1.108620000000000000e+05
1.123500000000000000e+05
8.194200000000000000e+04
1.012530000000000000e+05
