3.430000000000000000e+04
3.718700000000000000e+04
3.027900000000000000e+04
3.290700000000000000e+04
3.957900000000000000e+04
5.353300000000000000e+04
2.118400000000000000e+04
4.660800000000000000e+04
3.579500000000000000e+04
4.880200000000000000e+04
4.843500000000000000e+04
5.737300000000000000e+04
4.024600000000000000e+04
4.022100000000000000e+04
2.503900000000000000e+04
5.617500000000000000e+04
5.480400000000000000e+04
4.495300000000000000e+04
3.010400000000000000e+04
3.223000000000000000e+04
3.495000000000000000e+04
4.472900000000000000e+04
3.038300000000000000e+04
4.300100000000000000e+04
4.204500000000000000e+04
4.823000000000000000e+04
2.739700000000000000e+04
3.734900000000000000e+04
4.577500000000000000e+04
4.541300000000000000e+04
3.759200000000000000e+04
7.000800000000000000e+04
5.969600000000000000e+04
5.539200000000000000e+04
3.583800000000000000e+04
6.539200000000000000e+04
5.098200000000000000e+04
3.567200000000000000e+04
4.418000000000000000e+04
4.883700000000000000e+04
2.692800000000000000e+04
5.684200000000000000e+04
5.158000000000000000e+04
3.938300000000000000e+04
2.311700000000000000e+04
1.168500000000000000e+04
2.359400000000000000e+04
3.151600000000000000e+04
5.432400000000000000e+04
3.265600000000000000e+04
