8.584000000000000000e+03
7.375000000000000000e+03
4.422000000000000000e+03
1.767900000000000000e+04
1.013800000000000000e+04
1.081600000000000000e+04
6.598000000000000000e+03
7.776000000000000000e+03
1.125000000000000000e+04
1.125000000000000000e+04
2.055300000000000000e+04
1.944000000000000000e+03
5.374000000000000000e+03
1.930000000000000000e+02
5.056000000000000000e+03
2.040000000000000000e+03
6.219000000000000000e+03
1.966300000000000000e+04
4.999000000000000000e+03
7.563000000000000000e+03
8.235000000000000000e+03
1.954000000000000000e+03
2.056000000000000000e+03
8.956000000000000000e+03
6.369000000000000000e+03
2.210800000000000000e+04
1.362200000000000000e+04
3.885000000000000000e+03
1.266000000000000000e+04
1.210700000000000000e+04
9.280000000000000000e+02
1.819100000000000000e+04
9.257000000000000000e+03
4.180000000000000000e+03
1.506000000000000000e+03
3.297000000000000000e+03
2.815000000000000000e+03
7.884000000000000000e+03
3.501000000000000000e+03
1.267800000000000000e+04
7.501000000000000000e+03
2.543000000000000000e+03
2.638000000000000000e+03
3.080000000000000000e+03
4.453000000000000000e+03
5.734000000000000000e+03
1.254100000000000000e+04
1.343100000000000000e+04
9.159000000000000000e+03
8.323000000000000000e+03
