2.870100000000000000e+04
1.438800000000000000e+04
2.451300000000000000e+04
2.297900000000000000e+04
1.799100000000000000e+04
2.420000000000000000e+04
2.464200000000000000e+04
4.163000000000000000e+03
2.311500000000000000e+04
7.644000000000000000e+03
1.272500000000000000e+04
2.240300000000000000e+04
9.414000000000000000e+03
1.555700000000000000e+04
2.568500000000000000e+04
6.284000000000000000e+03
2.614700000000000000e+04
1.718400000000000000e+04
2.404700000000000000e+04
9.945000000000000000e+03
1.363600000000000000e+04
2.448600000000000000e+04
1.541300000000000000e+04
2.421700000000000000e+04
2.582600000000000000e+04
1.051900000000000000e+04
1.803700000000000000e+04
1.486400000000000000e+04
1.041000000000000000e+04
1.371100000000000000e+04
1.173800000000000000e+04
2.752900000000000000e+04
1.457200000000000000e+04
2.903000000000000000e+03
1.455500000000000000e+04
7.408000000000000000e+03
1.940000000000000000e+04
1.210600000000000000e+04
2.268500000000000000e+04
1.894800000000000000e+04
1.155000000000000000e+04
1.952900000000000000e+04
8.815000000000000000e+03
1.916200000000000000e+04
1.187200000000000000e+04
8.222000000000000000e+03
9.455000000000000000e+03
3.338900000000000000e+04
2.305300000000000000e+04
1.984700000000000000e+04
