2.837000000000000000e+04
3.636000000000000000e+04
2.829000000000000000e+04
1.460000000000000000e+04
3.595900000000000000e+04
2.250600000000000000e+04
2.304800000000000000e+04
2.263200000000000000e+04
3.243500000000000000e+04
4.563400000000000000e+04
4.403000000000000000e+04
1.875900000000000000e+04
4.385100000000000000e+04
5.648200000000000000e+04
5.214600000000000000e+04
1.466400000000000000e+04
6.468600000000000000e+04
3.600600000000000000e+04
1.381200000000000000e+04
3.266400000000000000e+04
5.054500000000000000e+04
3.534300000000000000e+04
4.443100000000000000e+04
1.763500000000000000e+04
2.199800000000000000e+04
7.216700000000000000e+04
1.683300000000000000e+04
1.723700000000000000e+04
2.358600000000000000e+04
3.342300000000000000e+04
2.156900000000000000e+04
3.550900000000000000e+04
1.821500000000000000e+04
4.283000000000000000e+04
2.883600000000000000e+04
5.812600000000000000e+04
4.083200000000000000e+04
3.375700000000000000e+04
2.351800000000000000e+04
2.869500000000000000e+04
4.556400000000000000e+04
3.177000000000000000e+04
4.804100000000000000e+04
1.874500000000000000e+04
1.810000000000000000e+04
2.816400000000000000e+04
2.773200000000000000e+04
4.655200000000000000e+04
4.969700000000000000e+04
2.883200000000000000e+04
