3.029500000000000000e+04
4.864200000000000000e+04
4.179400000000000000e+04
2.736700000000000000e+04
6.323600000000000000e+04
5.549500000000000000e+04
4.725800000000000000e+04
5.971300000000000000e+04
7.644100000000000000e+04
7.863100000000000000e+04
3.579000000000000000e+04
4.570400000000000000e+04
5.860300000000000000e+04
5.569000000000000000e+04
5.912900000000000000e+04
2.046500000000000000e+04
4.187700000000000000e+04
5.960900000000000000e+04
2.274600000000000000e+04
3.969400000000000000e+04
6.003300000000000000e+04
4.907000000000000000e+04
1.646900000000000000e+04
4.838400000000000000e+04
3.617200000000000000e+04
2.858600000000000000e+04
5.703500000000000000e+04
5.199900000000000000e+04
4.680900000000000000e+04
3.267100000000000000e+04
2.805000000000000000e+04
4.380100000000000000e+04
4.325800000000000000e+04
7.211800000000000000e+04
2.096700000000000000e+04
6.470400000000000000e+04
4.911900000000000000e+04
6.579400000000000000e+04
5.841200000000000000e+04
4.325700000000000000e+04
5.369800000000000000e+04
3.400700000000000000e+04
8.205700000000000000e+04
2.778800000000000000e+04
3.640700000000000000e+04
6.145700000000000000e+04
2.205900000000000000e+04
6.591800000000000000e+04
4.112600000000000000e+04
5.287100000000000000e+04
