4.369000000000000000e+04
6.117800000000000000e+04
6.421400000000000000e+04
7.100300000000000000e+04
7.766900000000000000e+04
5.660800000000000000e+04
7.967000000000000000e+04
2.929800000000000000e+04
3.035600000000000000e+04
5.279800000000000000e+04
6.083200000000000000e+04
6.291400000000000000e+04
5.900600000000000000e+04
6.280400000000000000e+04
5.487000000000000000e+04
7.372400000000000000e+04
6.245300000000000000e+04
6.743000000000000000e+04
5.980400000000000000e+04
5.707000000000000000e+04
6.319600000000000000e+04
6.102400000000000000e+04
5.681800000000000000e+04
4.750400000000000000e+04
8.926600000000000000e+04
6.175100000000000000e+04
5.278200000000000000e+04
6.849200000000000000e+04
5.893300000000000000e+04
5.698100000000000000e+04
4.896400000000000000e+04
3.643800000000000000e+04
2.097900000000000000e+04
5.507700000000000000e+04
4.176600000000000000e+04
4.960600000000000000e+04
6.131700000000000000e+04
5.019000000000000000e+04
5.216000000000000000e+04
4.746800000000000000e+04
7.263300000000000000e+04
5.641600000000000000e+04
5.499500000000000000e+04
7.228900000000000000e+04
6.636800000000000000e+04
4.674800000000000000e+04
5.018800000000000000e+04
7.122400000000000000e+04
8.729300000000000000e+04
5.929300000000000000e+04
