6.225600000000000000e+04
6.966100000000000000e+04
6.195700000000000000e+04
6.753500000000000000e+04
7.067100000000000000e+04
7.235100000000000000e+04
5.898000000000000000e+04
7.192900000000000000e+04
6.401700000000000000e+04
6.565100000000000000e+04
9.635200000000000000e+04
5.177600000000000000e+04
5.584100000000000000e+04
8.280600000000000000e+04
8.515900000000000000e+04
7.163200000000000000e+04
6.596600000000000000e+04
7.830300000000000000e+04
6.437500000000000000e+04
6.643700000000000000e+04
5.981800000000000000e+04
9.862400000000000000e+04
2.663200000000000000e+04
7.827100000000000000e+04
7.724400000000000000e+04
6.581600000000000000e+04
6.070300000000000000e+04
5.603200000000000000e+04
7.983400000000000000e+04
5.649300000000000000e+04
4.854500000000000000e+04
9.419100000000000000e+04
5.753600000000000000e+04
6.167800000000000000e+04
5.833000000000000000e+04
9.708100000000000000e+04
6.877700000000000000e+04
6.100900000000000000e+04
9.205100000000000000e+04
7.205300000000000000e+04
7.209000000000000000e+04
7.663500000000000000e+04
1.058460000000000000e+05
8.073300000000000000e+04
6.026500000000000000e+04
7.372400000000000000e+04
7.860700000000000000e+04
8.486000000000000000e+04
7.546600000000000000e+04
8.786900000000000000e+04
