2.103300000000000000e+04
5.070300000000000000e+04
5.215500000000000000e+04
4.378000000000000000e+04
1.841500000000000000e+04
4.597900000000000000e+04
5.285500000000000000e+04
3.236000000000000000e+04
1.082100000000000000e+04
3.987500000000000000e+04
1.572700000000000000e+04
5.009000000000000000e+04
2.368000000000000000e+04
4.016800000000000000e+04
2.710600000000000000e+04
4.131900000000000000e+04
4.532800000000000000e+04
2.754600000000000000e+04
4.055800000000000000e+04
5.170800000000000000e+04
3.348200000000000000e+04
1.529400000000000000e+04
2.624300000000000000e+04
3.320100000000000000e+04
3.434300000000000000e+04
3.404600000000000000e+04
4.554500000000000000e+04
3.430800000000000000e+04
2.618300000000000000e+04
3.366100000000000000e+04
9.222000000000000000e+03
2.553600000000000000e+04
4.067200000000000000e+04
1.338700000000000000e+04
3.747200000000000000e+04
4.377000000000000000e+04
5.296800000000000000e+04
3.309200000000000000e+04
4.618800000000000000e+04
3.291500000000000000e+04
2.471500000000000000e+04
2.656400000000000000e+04
2.874000000000000000e+04
3.064800000000000000e+04
4.894000000000000000e+04
5.649000000000000000e+04
5.819400000000000000e+04
2.352100000000000000e+04
3.702600000000000000e+04
2.014800000000000000e+04
