9.147500000000000000e+04
9.215000000000000000e+04
7.894200000000000000e+04
1.193980000000000000e+05
8.877600000000000000e+04
1.169130000000000000e+05
8.848800000000000000e+04
9.701000000000000000e+04
8.894800000000000000e+04
9.970300000000000000e+04
7.291800000000000000e+04
8.238600000000000000e+04
1.089920000000000000e+05
1.014060000000000000e+05
7.660200000000000000e+04
9.956900000000000000e+04
9.590700000000000000e+04
9.159500000000000000e+04
1.146690000000000000e+05
7.308100000000000000e+04
9.641800000000000000e+04
1.246250000000000000e+05
9.274000000000000000e+04
9.648500000000000000e+04
1.296420000000000000e+05
1.103030000000000000e+05
9.705500000000000000e+04
1.148410000000000000e+05
8.374200000000000000e+04
9.342900000000000000e+04
1.081400000000000000e+05
8.775000000000000000e+04
1.061230000000000000e+05
9.265500000000000000e+04
1.167600000000000000e+05
1.078380000000000000e+05
1.254870000000000000e+05
1.118690000000000000e+05
9.298500000000000000e+04
1.153080000000000000e+05
9.428100000000000000e+04
1.094180000000000000e+05
9.494600000000000000e+04
1.131520000000000000e+05
9.239300000000000000e+04
6.059100000000000000e+04
8.493100000000000000e+04
8.607700000000000000e+04
9.870500000000000000e+04
9.880000000000000000e+04
