5.900000000000000000e+04
5.250500000000000000e+04
8.821800000000000000e+04
4.629900000000000000e+04
6.004300000000000000e+04
5.482900000000000000e+04
7.070200000000000000e+04
2.497700000000000000e+04
6.099800000000000000e+04
7.079800000000000000e+04
8.642000000000000000e+04
5.852300000000000000e+04
7.002500000000000000e+04
5.714300000000000000e+04
5.755000000000000000e+04
6.783200000000000000e+04
6.553700000000000000e+04
5.528700000000000000e+04
8.852700000000000000e+04
7.334500000000000000e+04
4.956600000000000000e+04
6.891200000000000000e+04
4.594900000000000000e+04
3.869200000000000000e+04
6.778600000000000000e+04
7.269200000000000000e+04
5.210100000000000000e+04
5.794700000000000000e+04
6.576000000000000000e+04
7.148500000000000000e+04
5.192600000000000000e+04
7.194600000000000000e+04
4.711700000000000000e+04
1.019140000000000000e+05
8.277700000000000000e+04
9.209500000000000000e+04
4.330900000000000000e+04
5.834300000000000000e+04
9.100900000000000000e+04
5.692700000000000000e+04
6.034700000000000000e+04
8.225300000000000000e+04
3.362800000000000000e+04
3.877500000000000000e+04
6.165500000000000000e+04
7.809600000000000000e+04
6.791800000000000000e+04
9.133300000000000000e+04
7.207500000000000000e+04
9.207400000000000000e+04
