4.609400000000000000e+05
4.609400000000000000e+05
4.609400000000000000e+05
4.609400000000000000e+05
4.609400000000000000e+05
4.609400000000000000e+05
4.609400000000000000e+05
4.609400000000000000e+05
4.609400000000000000e+05
4.609400000000000000e+05
4.609400000000000000e+05
4.609400000000000000e+05
4.609400000000000000e+05
4.609400000000000000e+05
4.609400000000000000e+05
4.609400000000000000e+05
4.609400000000000000e+05
4.609400000000000000e+05
4.609400000000000000e+05
4.609400000000000000e+05
4.609400000000000000e+05
4.609400000000000000e+05
4.609400000000000000e+05
4.609400000000000000e+05
4.609400000000000000e+05
4.609400000000000000e+05
4.609400000000000000e+05
4.609400000000000000e+05
4.609400000000000000e+05
4.609400000000000000e+05
4.609400000000000000e+05
4.609400000000000000e+05
4.609400000000000000e+05
4.609400000000000000e+05
4.609400000000000000e+05
4.609400000000000000e+05
4.609400000000000000e+05
4.609400000000000000e+05
4.609400000000000000e+05
4.609400000000000000e+05
4.609400000000000000e+05
4.609400000000000000e+05
4.609400000000000000e+05
4.609400000000000000e+05
4.609400000000000000e+05
4.609400000000000000e+05
4.609400000000000000e+05
4.609400000000000000e+05
4.609400000000000000e+05
4.609400000000000000e+05
