5.000940000000000000e+05
4.907630000000000000e+05
5.293680000000000000e+05
4.752930000000000000e+05
5.424450000000000000e+05
5.252230000000000000e+05
5.426940000000000000e+05
5.198150000000000000e+05
4.659580000000000000e+05
5.185660000000000000e+05
5.206130000000000000e+05
4.991710000000000000e+05
5.752670000000000000e+05
4.777340000000000000e+05
5.082400000000000000e+05
4.961050000000000000e+05
5.232230000000000000e+05
5.002170000000000000e+05
4.415260000000000000e+05
5.520350000000000000e+05
4.755110000000000000e+05
4.678020000000000000e+05
5.154060000000000000e+05
4.813490000000000000e+05
5.199150000000000000e+05
4.951960000000000000e+05
5.125380000000000000e+05
5.079270000000000000e+05
5.085990000000000000e+05
4.843330000000000000e+05
5.074210000000000000e+05
4.700930000000000000e+05
5.009020000000000000e+05
5.685050000000000000e+05
4.567860000000000000e+05
4.998860000000000000e+05
5.089270000000000000e+05
4.496160000000000000e+05
5.629140000000000000e+05
5.111740000000000000e+05
5.246390000000000000e+05
5.186300000000000000e+05
5.457080000000000000e+05
5.205060000000000000e+05
4.872430000000000000e+05
5.428620000000000000e+05
5.146080000000000000e+05
5.122740000000000000e+05
5.094830000000000000e+05
5.768360000000000000e+05
