8.350270000000000000e+05
8.350270000000000000e+05
8.350270000000000000e+05
8.350270000000000000e+05
8.350270000000000000e+05
8.350270000000000000e+05
8.350270000000000000e+05
8.350270000000000000e+05
8.350270000000000000e+05
8.350270000000000000e+05
8.350270000000000000e+05
8.350270000000000000e+05
8.350270000000000000e+05
8.350270000000000000e+05
8.350270000000000000e+05
8.350270000000000000e+05
8.350270000000000000e+05
8.350270000000000000e+05
8.350270000000000000e+05
8.350270000000000000e+05
8.350270000000000000e+05
8.350270000000000000e+05
8.350270000000000000e+05
8.350270000000000000e+05
8.350270000000000000e+05
8.350270000000000000e+05
8.350270000000000000e+05
8.350270000000000000e+05
8.350270000000000000e+05
8.350270000000000000e+05
8.350270000000000000e+05
8.350270000000000000e+05
8.350270000000000000e+05
8.350270000000000000e+05
8.350270000000000000e+05
8.350270000000000000e+05
8.350270000000000000e+05
8.350270000000000000e+05
8.350270000000000000e+05
8.350270000000000000e+05
8.350270000000000000e+05
8.350270000000000000e+05
8.350270000000000000e+05
8.350270000000000000e+05
8.350270000000000000e+05
8.350270000000000000e+05
8.350270000000000000e+05
8.350270000000000000e+05
8.350270000000000000e+05
8.350270000000000000e+05
