9.532150000000000000e+05
9.532150000000000000e+05
9.532150000000000000e+05
9.532150000000000000e+05
9.532150000000000000e+05
9.532150000000000000e+05
9.532150000000000000e+05
9.532150000000000000e+05
9.532150000000000000e+05
9.532150000000000000e+05
9.532150000000000000e+05
9.532150000000000000e+05
9.532150000000000000e+05
9.532150000000000000e+05
9.532150000000000000e+05
9.532150000000000000e+05
9.532150000000000000e+05
9.532150000000000000e+05
9.532150000000000000e+05
9.532150000000000000e+05
9.532150000000000000e+05
9.532150000000000000e+05
9.532150000000000000e+05
9.532150000000000000e+05
9.532150000000000000e+05
9.532150000000000000e+05
9.532150000000000000e+05
9.532150000000000000e+05
9.532150000000000000e+05
9.532150000000000000e+05
9.532150000000000000e+05
9.532150000000000000e+05
9.532150000000000000e+05
9.532150000000000000e+05
9.532150000000000000e+05
9.532150000000000000e+05
9.532150000000000000e+05
9.532150000000000000e+05
9.532150000000000000e+05
9.532150000000000000e+05
9.532150000000000000e+05
9.532150000000000000e+05
9.532150000000000000e+05
9.532150000000000000e+05
9.532150000000000000e+05
9.532150000000000000e+05
9.532150000000000000e+05
9.532150000000000000e+05
9.532150000000000000e+05
9.532150000000000000e+05
