6.461120000000000000e+05
6.461120000000000000e+05
6.461120000000000000e+05
6.461120000000000000e+05
6.461120000000000000e+05
6.461120000000000000e+05
6.461120000000000000e+05
6.461120000000000000e+05
6.461120000000000000e+05
6.461120000000000000e+05
6.461120000000000000e+05
6.461120000000000000e+05
6.461120000000000000e+05
6.461120000000000000e+05
6.461120000000000000e+05
6.461120000000000000e+05
6.461120000000000000e+05
6.461120000000000000e+05
6.461120000000000000e+05
6.461120000000000000e+05
6.461120000000000000e+05
6.461120000000000000e+05
6.461120000000000000e+05
6.461120000000000000e+05
6.461120000000000000e+05
6.461120000000000000e+05
6.461120000000000000e+05
6.461120000000000000e+05
6.461120000000000000e+05
6.461120000000000000e+05
6.461120000000000000e+05
6.461120000000000000e+05
6.461120000000000000e+05
6.461120000000000000e+05
6.461120000000000000e+05
6.461120000000000000e+05
6.461120000000000000e+05
6.461120000000000000e+05
6.461120000000000000e+05
6.461120000000000000e+05
6.461120000000000000e+05
6.461120000000000000e+05
6.461120000000000000e+05
6.461120000000000000e+05
6.461120000000000000e+05
6.461120000000000000e+05
6.461120000000000000e+05
6.461120000000000000e+05
6.461120000000000000e+05
6.461120000000000000e+05
