4.721690000000000000e+05
4.783250000000000000e+05
5.488240000000000000e+05
4.762520000000000000e+05
5.271530000000000000e+05
4.756690000000000000e+05
5.351770000000000000e+05
5.199850000000000000e+05
4.775360000000000000e+05
5.277700000000000000e+05
5.620810000000000000e+05
4.955130000000000000e+05
4.448790000000000000e+05
4.512220000000000000e+05
4.717610000000000000e+05
5.626590000000000000e+05
4.507440000000000000e+05
5.012410000000000000e+05
5.005750000000000000e+05
4.632310000000000000e+05
5.606430000000000000e+05
4.650840000000000000e+05
4.805760000000000000e+05
5.360450000000000000e+05
4.981430000000000000e+05
4.571750000000000000e+05
4.720960000000000000e+05
4.740270000000000000e+05
4.710760000000000000e+05
4.566550000000000000e+05
4.331270000000000000e+05
5.236950000000000000e+05
5.370080000000000000e+05
4.349410000000000000e+05
4.517390000000000000e+05
4.975800000000000000e+05
4.832370000000000000e+05
4.620960000000000000e+05
5.653890000000000000e+05
4.692490000000000000e+05
5.100670000000000000e+05
4.718880000000000000e+05
4.810200000000000000e+05
5.473100000000000000e+05
4.591710000000000000e+05
4.908240000000000000e+05
5.514310000000000000e+05
4.644000000000000000e+05
5.046410000000000000e+05
4.644160000000000000e+05
