4.377280000000000000e+05
4.637280000000000000e+05
4.118850000000000000e+05
4.324700000000000000e+05
3.999080000000000000e+05
4.203200000000000000e+05
4.165620000000000000e+05
4.687690000000000000e+05
4.028490000000000000e+05
3.766560000000000000e+05
4.333720000000000000e+05
4.582690000000000000e+05
4.163600000000000000e+05
4.392890000000000000e+05
4.007920000000000000e+05
3.848090000000000000e+05
4.084510000000000000e+05
4.682430000000000000e+05
4.347440000000000000e+05
4.274260000000000000e+05
3.729740000000000000e+05
4.558230000000000000e+05
4.420630000000000000e+05
4.359710000000000000e+05
4.147340000000000000e+05
3.977400000000000000e+05
4.249480000000000000e+05
4.436910000000000000e+05
4.141700000000000000e+05
4.433360000000000000e+05
4.020350000000000000e+05
4.425410000000000000e+05
3.814760000000000000e+05
4.165030000000000000e+05
4.603650000000000000e+05
4.107560000000000000e+05
4.145920000000000000e+05
4.582550000000000000e+05
3.890880000000000000e+05
4.203690000000000000e+05
4.257590000000000000e+05
4.160910000000000000e+05
4.120410000000000000e+05
4.162010000000000000e+05
4.380130000000000000e+05
3.910720000000000000e+05
4.306970000000000000e+05
3.664800000000000000e+05
3.893020000000000000e+05
4.407870000000000000e+05
