5.315280000000000000e+05
5.851520000000000000e+05
6.160870000000000000e+05
5.410270000000000000e+05
5.725450000000000000e+05
5.733380000000000000e+05
6.019170000000000000e+05
6.332650000000000000e+05
5.815470000000000000e+05
5.691750000000000000e+05
5.954630000000000000e+05
6.129180000000000000e+05
5.198400000000000000e+05
6.052800000000000000e+05
5.992740000000000000e+05
5.945680000000000000e+05
6.130820000000000000e+05
6.086960000000000000e+05
6.669810000000000000e+05
6.340170000000000000e+05
5.849100000000000000e+05
5.726170000000000000e+05
6.075400000000000000e+05
6.055980000000000000e+05
5.985070000000000000e+05
5.166760000000000000e+05
6.537740000000000000e+05
5.618430000000000000e+05
6.124690000000000000e+05
6.334990000000000000e+05
6.609970000000000000e+05
6.387280000000000000e+05
6.371100000000000000e+05
5.883160000000000000e+05
5.966680000000000000e+05
6.172510000000000000e+05
5.707530000000000000e+05
5.338770000000000000e+05
6.151360000000000000e+05
6.335780000000000000e+05
6.415210000000000000e+05
5.746780000000000000e+05
5.710640000000000000e+05
6.337790000000000000e+05
6.251370000000000000e+05
6.289300000000000000e+05
6.293340000000000000e+05
5.547480000000000000e+05
5.951900000000000000e+05
5.697830000000000000e+05
