1.692117000000000000e+06
1.692117000000000000e+06
1.692117000000000000e+06
1.692117000000000000e+06
1.692117000000000000e+06
1.692117000000000000e+06
1.692117000000000000e+06
1.692117000000000000e+06
1.692117000000000000e+06
1.692117000000000000e+06
1.692117000000000000e+06
1.692117000000000000e+06
1.692117000000000000e+06
1.692117000000000000e+06
1.692117000000000000e+06
1.692117000000000000e+06
1.692117000000000000e+06
1.692117000000000000e+06
1.692117000000000000e+06
1.692117000000000000e+06
1.692117000000000000e+06
1.692117000000000000e+06
1.692117000000000000e+06
1.692117000000000000e+06
1.692117000000000000e+06
1.692117000000000000e+06
1.692117000000000000e+06
1.692117000000000000e+06
1.692117000000000000e+06
1.692117000000000000e+06
1.692117000000000000e+06
1.692117000000000000e+06
1.692117000000000000e+06
1.692117000000000000e+06
1.692117000000000000e+06
1.692117000000000000e+06
1.692117000000000000e+06
1.692117000000000000e+06
1.692117000000000000e+06
1.692117000000000000e+06
1.692117000000000000e+06
1.692117000000000000e+06
1.692117000000000000e+06
1.692117000000000000e+06
1.692117000000000000e+06
1.692117000000000000e+06
1.692117000000000000e+06
1.692117000000000000e+06
1.692117000000000000e+06
1.692117000000000000e+06
