6.955760000000000000e+05
6.955760000000000000e+05
6.955760000000000000e+05
6.955760000000000000e+05
6.955760000000000000e+05
6.955760000000000000e+05
6.955760000000000000e+05
6.955760000000000000e+05
6.955760000000000000e+05
6.955760000000000000e+05
6.955760000000000000e+05
6.955760000000000000e+05
6.955760000000000000e+05
6.955760000000000000e+05
6.955760000000000000e+05
6.955760000000000000e+05
6.955760000000000000e+05
6.955760000000000000e+05
6.955760000000000000e+05
6.955760000000000000e+05
6.955760000000000000e+05
6.955760000000000000e+05
6.955760000000000000e+05
6.955760000000000000e+05
6.955760000000000000e+05
6.955760000000000000e+05
6.955760000000000000e+05
6.955760000000000000e+05
6.955760000000000000e+05
6.955760000000000000e+05
6.955760000000000000e+05
6.955760000000000000e+05
6.955760000000000000e+05
6.955760000000000000e+05
6.955760000000000000e+05
6.955760000000000000e+05
6.955760000000000000e+05
6.955760000000000000e+05
6.955760000000000000e+05
6.955760000000000000e+05
6.955760000000000000e+05
6.955760000000000000e+05
6.955760000000000000e+05
6.955760000000000000e+05
6.955760000000000000e+05
6.955760000000000000e+05
6.955760000000000000e+05
6.955760000000000000e+05
6.955760000000000000e+05
6.955760000000000000e+05
