1.775895000000000000e+06
1.775895000000000000e+06
1.775895000000000000e+06
1.775895000000000000e+06
1.775895000000000000e+06
1.775895000000000000e+06
1.775895000000000000e+06
1.775895000000000000e+06
1.775895000000000000e+06
1.775895000000000000e+06
1.775895000000000000e+06
1.775895000000000000e+06
1.775895000000000000e+06
1.775895000000000000e+06
1.775895000000000000e+06
1.775895000000000000e+06
1.775895000000000000e+06
1.775895000000000000e+06
1.775895000000000000e+06
1.775895000000000000e+06
1.775895000000000000e+06
1.775895000000000000e+06
1.775895000000000000e+06
1.775895000000000000e+06
1.775895000000000000e+06
1.775895000000000000e+06
1.775895000000000000e+06
1.775895000000000000e+06
1.775895000000000000e+06
1.775895000000000000e+06
1.775895000000000000e+06
1.775895000000000000e+06
1.775895000000000000e+06
1.775895000000000000e+06
1.775895000000000000e+06
1.775895000000000000e+06
1.775895000000000000e+06
1.775895000000000000e+06
1.775895000000000000e+06
1.775895000000000000e+06
1.775895000000000000e+06
1.775895000000000000e+06
1.775895000000000000e+06
1.775895000000000000e+06
1.775895000000000000e+06
1.775895000000000000e+06
1.775895000000000000e+06
1.775895000000000000e+06
1.775895000000000000e+06
1.775895000000000000e+06
