5.670740000000000000e+05
4.758470000000000000e+05
6.173940000000000000e+05
5.737240000000000000e+05
5.461620000000000000e+05
5.614240000000000000e+05
5.209050000000000000e+05
5.224000000000000000e+05
5.827790000000000000e+05
5.476330000000000000e+05
6.253910000000000000e+05
5.702400000000000000e+05
5.825500000000000000e+05
5.407520000000000000e+05
5.290920000000000000e+05
5.242280000000000000e+05
5.467140000000000000e+05
5.191220000000000000e+05
5.623890000000000000e+05
6.072870000000000000e+05
5.846020000000000000e+05
5.670470000000000000e+05
5.599970000000000000e+05
6.081180000000000000e+05
5.513780000000000000e+05
5.461390000000000000e+05
5.703870000000000000e+05
5.997310000000000000e+05
5.098000000000000000e+05
5.788270000000000000e+05
4.961070000000000000e+05
5.331710000000000000e+05
5.992000000000000000e+05
5.517560000000000000e+05
5.915520000000000000e+05
5.250960000000000000e+05
5.583910000000000000e+05
5.466590000000000000e+05
5.401520000000000000e+05
4.768290000000000000e+05
5.818180000000000000e+05
5.986410000000000000e+05
5.892710000000000000e+05
5.827030000000000000e+05
5.633570000000000000e+05
5.661480000000000000e+05
5.286170000000000000e+05
5.451300000000000000e+05
5.486780000000000000e+05
4.881340000000000000e+05
