5.641550000000000000e+05
6.185070000000000000e+05
5.569290000000000000e+05
5.243140000000000000e+05
6.216780000000000000e+05
6.316400000000000000e+05
6.431650000000000000e+05
5.803370000000000000e+05
6.312270000000000000e+05
5.824560000000000000e+05
5.663250000000000000e+05
6.393970000000000000e+05
6.318250000000000000e+05
6.028360000000000000e+05
5.067640000000000000e+05
6.207810000000000000e+05
5.063490000000000000e+05
6.117830000000000000e+05
6.131190000000000000e+05
4.931510000000000000e+05
5.851750000000000000e+05
5.958170000000000000e+05
5.330550000000000000e+05
6.177470000000000000e+05
5.685740000000000000e+05
5.719280000000000000e+05
5.964450000000000000e+05
4.935300000000000000e+05
5.500690000000000000e+05
5.276200000000000000e+05
6.075500000000000000e+05
5.974700000000000000e+05
6.366470000000000000e+05
5.185310000000000000e+05
4.540030000000000000e+05
5.623120000000000000e+05
6.373020000000000000e+05
6.009300000000000000e+05
6.396080000000000000e+05
5.327020000000000000e+05
6.516890000000000000e+05
5.861980000000000000e+05
6.035080000000000000e+05
5.801750000000000000e+05
5.866530000000000000e+05
5.088180000000000000e+05
5.550060000000000000e+05
5.556100000000000000e+05
5.303820000000000000e+05
5.748130000000000000e+05
