7.041300000000000000e+04
6.162700000000000000e+04
7.146400000000000000e+04
7.762500000000000000e+04
8.133000000000000000e+04
6.484900000000000000e+04
6.602400000000000000e+04
6.790300000000000000e+04
8.266700000000000000e+04
5.626900000000000000e+04
6.466000000000000000e+04
6.476000000000000000e+04
7.039000000000000000e+04
6.897900000000000000e+04
7.291300000000000000e+04
8.285300000000000000e+04
8.459000000000000000e+04
6.767200000000000000e+04
6.594600000000000000e+04
6.781300000000000000e+04
6.656600000000000000e+04
7.198500000000000000e+04
7.216100000000000000e+04
7.428800000000000000e+04
7.972900000000000000e+04
6.830000000000000000e+04
5.161700000000000000e+04
6.588000000000000000e+04
8.576800000000000000e+04
5.795600000000000000e+04
7.424800000000000000e+04
8.322000000000000000e+04
7.895800000000000000e+04
7.621900000000000000e+04
7.268800000000000000e+04
7.409000000000000000e+04
6.148400000000000000e+04
7.404600000000000000e+04
7.343900000000000000e+04
8.349000000000000000e+04
8.118200000000000000e+04
5.995900000000000000e+04
6.991400000000000000e+04
6.943000000000000000e+04
6.947800000000000000e+04
6.214400000000000000e+04
6.402500000000000000e+04
6.267000000000000000e+04
5.865900000000000000e+04
6.403600000000000000e+04
