7.581300000000000000e+04
7.231000000000000000e+04
7.762600000000000000e+04
6.383900000000000000e+04
6.287100000000000000e+04
6.740900000000000000e+04
6.666000000000000000e+04
5.389800000000000000e+04
6.859900000000000000e+04
6.144500000000000000e+04
6.960300000000000000e+04
7.170000000000000000e+04
8.741100000000000000e+04
5.833600000000000000e+04
7.480900000000000000e+04
7.597800000000000000e+04
6.858600000000000000e+04
8.471000000000000000e+04
8.007700000000000000e+04
7.867100000000000000e+04
8.186900000000000000e+04
6.619300000000000000e+04
6.987900000000000000e+04
8.989100000000000000e+04
7.067300000000000000e+04
6.973700000000000000e+04
7.503200000000000000e+04
6.555700000000000000e+04
6.946300000000000000e+04
6.553300000000000000e+04
7.236700000000000000e+04
6.622100000000000000e+04
7.312300000000000000e+04
8.140000000000000000e+04
6.647600000000000000e+04
7.733800000000000000e+04
7.374700000000000000e+04
9.119100000000000000e+04
6.684000000000000000e+04
7.201200000000000000e+04
1.037690000000000000e+05
7.491500000000000000e+04
8.221300000000000000e+04
8.177900000000000000e+04
6.627900000000000000e+04
7.171900000000000000e+04
6.586800000000000000e+04
6.917700000000000000e+04
7.537000000000000000e+04
7.339700000000000000e+04
