5.095870000000000000e+05
4.287860000000000000e+05
3.140860000000000000e+05
4.710480000000000000e+05
4.935040000000000000e+05
4.638230000000000000e+05
4.080740000000000000e+05
4.726720000000000000e+05
4.612150000000000000e+05
4.764260000000000000e+05
4.028600000000000000e+05
3.840920000000000000e+05
4.970860000000000000e+05
4.376830000000000000e+05
3.978390000000000000e+05
4.645470000000000000e+05
4.608270000000000000e+05
3.974460000000000000e+05
3.824340000000000000e+05
5.051560000000000000e+05
4.549630000000000000e+05
3.699460000000000000e+05
4.758300000000000000e+05
3.998430000000000000e+05
6.303100000000000000e+04
3.757300000000000000e+05
4.989640000000000000e+05
4.392400000000000000e+05
4.608730000000000000e+05
4.812570000000000000e+05
4.578750000000000000e+05
4.035080000000000000e+05
4.429610000000000000e+05
4.346080000000000000e+05
3.897030000000000000e+05
4.932400000000000000e+05
4.006360000000000000e+05
4.473490000000000000e+05
5.156440000000000000e+05
4.457640000000000000e+05
4.348970000000000000e+05
4.898780000000000000e+05
4.281160000000000000e+05
4.391910000000000000e+05
4.837780000000000000e+05
4.537490000000000000e+05
4.558670000000000000e+05
3.790790000000000000e+05
5.084260000000000000e+05
3.895650000000000000e+05
