4.033220000000000000e+05
2.631970000000000000e+05
2.456440000000000000e+05
3.353610000000000000e+05
3.422630000000000000e+05
2.739970000000000000e+05
2.863170000000000000e+05
3.667240000000000000e+05
3.452170000000000000e+05
2.332330000000000000e+05
3.741670000000000000e+05
2.580920000000000000e+05
3.464680000000000000e+05
3.874180000000000000e+05
3.769970000000000000e+05
3.928360000000000000e+05
3.604610000000000000e+05
1.297290000000000000e+05
3.298590000000000000e+05
3.685980000000000000e+05
3.226260000000000000e+05
4.533050000000000000e+05
2.689010000000000000e+05
2.831170000000000000e+05
4.132800000000000000e+05
3.171420000000000000e+05
4.114880000000000000e+05
3.799530000000000000e+05
4.822340000000000000e+05
3.791990000000000000e+05
3.195800000000000000e+05
2.361790000000000000e+05
1.051210000000000000e+05
4.122260000000000000e+05
1.964750000000000000e+05
2.751180000000000000e+05
3.299800000000000000e+05
3.251090000000000000e+05
3.503470000000000000e+05
2.975820000000000000e+05
3.760050000000000000e+05
3.190320000000000000e+05
2.175870000000000000e+05
3.384330000000000000e+05
3.029520000000000000e+05
3.519350000000000000e+05
4.127510000000000000e+05
3.446590000000000000e+05
3.290550000000000000e+05
4.111030000000000000e+05
