4.270360000000000000e+05
3.765860000000000000e+05
3.771500000000000000e+05
4.011900000000000000e+05
3.670360000000000000e+05
3.980750000000000000e+05
4.258200000000000000e+05
3.830280000000000000e+05
4.466980000000000000e+05
4.623070000000000000e+05
3.907850000000000000e+05
4.058030000000000000e+05
5.345280000000000000e+05
4.141220000000000000e+05
3.961280000000000000e+05
4.231450000000000000e+05
4.714360000000000000e+05
3.295930000000000000e+05
3.394470000000000000e+05
4.781000000000000000e+05
3.767770000000000000e+05
3.903240000000000000e+05
4.047640000000000000e+05
4.294390000000000000e+05
4.111360000000000000e+05
4.283300000000000000e+05
4.174670000000000000e+05
4.054940000000000000e+05
4.217430000000000000e+05
4.076440000000000000e+05
4.191920000000000000e+05
4.026830000000000000e+05
3.319270000000000000e+05
4.565730000000000000e+05
4.565920000000000000e+05
4.665220000000000000e+05
4.276370000000000000e+05
4.420310000000000000e+05
5.238490000000000000e+05
4.653140000000000000e+05
4.074320000000000000e+05
4.866110000000000000e+05
3.581970000000000000e+05
4.461640000000000000e+05
4.434520000000000000e+05
3.061910000000000000e+05
4.835280000000000000e+05
4.019850000000000000e+05
4.270010000000000000e+05
4.620760000000000000e+05
