5.132710000000000000e+05
5.362540000000000000e+05
4.497090000000000000e+05
5.460820000000000000e+05
5.316600000000000000e+05
4.928690000000000000e+05
5.538380000000000000e+05
5.452590000000000000e+05
5.605290000000000000e+05
5.149810000000000000e+05
4.917410000000000000e+05
5.357600000000000000e+05
5.904060000000000000e+05
4.830960000000000000e+05
5.471470000000000000e+05
5.076700000000000000e+05
5.140150000000000000e+05
5.250390000000000000e+05
4.795320000000000000e+05
5.124570000000000000e+05
5.360510000000000000e+05
5.987850000000000000e+05
5.799160000000000000e+05
4.943760000000000000e+05
5.407950000000000000e+05
4.716680000000000000e+05
6.000500000000000000e+05
5.180270000000000000e+05
4.894450000000000000e+05
5.402920000000000000e+05
5.287530000000000000e+05
5.878010000000000000e+05
5.258840000000000000e+05
4.782860000000000000e+05
5.102310000000000000e+05
4.805660000000000000e+05
5.526910000000000000e+05
5.424540000000000000e+05
5.838820000000000000e+05
5.286840000000000000e+05
6.403710000000000000e+05
5.549510000000000000e+05
5.622440000000000000e+05
5.281500000000000000e+05
5.330840000000000000e+05
5.469700000000000000e+05
5.453920000000000000e+05
4.656370000000000000e+05
5.590470000000000000e+05
4.787400000000000000e+05
