1.579140000000000000e+05
3.246150000000000000e+05
2.741820000000000000e+05
2.462860000000000000e+05
2.365130000000000000e+05
2.383410000000000000e+05
4.319710000000000000e+05
9.573500000000000000e+04
1.883700000000000000e+05
3.222180000000000000e+05
3.507810000000000000e+05
3.095900000000000000e+05
1.613260000000000000e+05
3.686230000000000000e+05
3.360780000000000000e+05
4.861100000000000000e+05
4.015330000000000000e+05
3.681370000000000000e+05
3.577420000000000000e+05
3.512750000000000000e+05
3.161240000000000000e+05
2.739910000000000000e+05
3.262880000000000000e+05
4.152120000000000000e+05
3.577230000000000000e+05
2.724100000000000000e+05
3.031930000000000000e+05
4.284720000000000000e+05
2.747070000000000000e+05
3.664700000000000000e+05
4.070330000000000000e+05
3.380150000000000000e+05
4.366370000000000000e+05
3.824140000000000000e+05
3.782390000000000000e+05
2.412170000000000000e+05
1.227120000000000000e+05
3.847050000000000000e+05
3.962460000000000000e+05
2.820560000000000000e+05
3.003000000000000000e+05
3.810240000000000000e+05
1.321570000000000000e+05
2.643860000000000000e+05
2.155640000000000000e+05
3.838680000000000000e+05
4.548210000000000000e+05
3.102990000000000000e+05
4.112400000000000000e+05
2.922430000000000000e+05
