2.156250000000000000e+05
2.316150000000000000e+05
3.859320000000000000e+05
3.257430000000000000e+05
1.028560000000000000e+05
2.852100000000000000e+05
3.837040000000000000e+05
2.979420000000000000e+05
1.162210000000000000e+05
2.807620000000000000e+05
3.310010000000000000e+05
3.730750000000000000e+05
2.966610000000000000e+05
2.557760000000000000e+05
2.682880000000000000e+05
4.152940000000000000e+05
2.486140000000000000e+05
1.178040000000000000e+05
3.081710000000000000e+05
1.499060000000000000e+05
2.856240000000000000e+05
1.472930000000000000e+05
1.429270000000000000e+05
4.242830000000000000e+05
2.904040000000000000e+05
2.718190000000000000e+05
2.725330000000000000e+05
1.902030000000000000e+05
3.293870000000000000e+05
2.734190000000000000e+05
4.359620000000000000e+05
3.721940000000000000e+05
3.896340000000000000e+05
2.976900000000000000e+05
3.791990000000000000e+05
1.827100000000000000e+05
3.668490000000000000e+05
4.281650000000000000e+05
3.738060000000000000e+05
1.219280000000000000e+05
3.325080000000000000e+05
2.784080000000000000e+05
3.315390000000000000e+05
1.983530000000000000e+05
3.316540000000000000e+05
3.191890000000000000e+05
1.051030000000000000e+05
3.890720000000000000e+05
3.210420000000000000e+05
3.573920000000000000e+05
