4.813220000000000000e+05
4.494360000000000000e+05
4.944640000000000000e+05
4.325050000000000000e+05
4.615930000000000000e+05
4.516300000000000000e+05
4.516300000000000000e+05
3.581680000000000000e+05
4.362950000000000000e+05
4.667410000000000000e+05
2.928410000000000000e+05
4.396480000000000000e+05
4.572980000000000000e+05
4.244700000000000000e+05
4.240590000000000000e+05
4.580210000000000000e+05
5.054090000000000000e+05
4.443400000000000000e+05
4.710320000000000000e+05
4.844990000000000000e+05
4.412830000000000000e+05
4.789080000000000000e+05
4.571660000000000000e+05
4.229400000000000000e+05
4.493360000000000000e+05
5.757760000000000000e+05
3.678190000000000000e+05
4.327900000000000000e+05
4.327900000000000000e+05
4.296340000000000000e+05
4.267740000000000000e+05
4.348470000000000000e+05
4.400460000000000000e+05
4.695520000000000000e+05
4.355780000000000000e+05
4.364800000000000000e+05
4.827750000000000000e+05
4.634380000000000000e+05
4.678580000000000000e+05
4.178200000000000000e+05
4.915880000000000000e+05
3.546130000000000000e+05
4.579890000000000000e+05
3.894330000000000000e+05
4.381940000000000000e+05
4.338510000000000000e+05
4.066540000000000000e+05
3.051250000000000000e+05
4.505630000000000000e+05
4.908480000000000000e+05
