3.963600000000000000e+04
4.924000000000000000e+03
4.034900000000000000e+04
7.552500000000000000e+04
2.362300000000000000e+04
1.458300000000000000e+04
5.912600000000000000e+04
1.191960000000000000e+05
1.231500000000000000e+04
4.289400000000000000e+04
3.689800000000000000e+04
1.047960000000000000e+05
7.915300000000000000e+04
3.468300000000000000e+04
4.125800000000000000e+04
7.947400000000000000e+04
2.089400000000000000e+04
4.151900000000000000e+04
5.506900000000000000e+04
2.160400000000000000e+04
1.975600000000000000e+04
2.182200000000000000e+04
5.526700000000000000e+04
5.365600000000000000e+04
1.626720000000000000e+05
8.058800000000000000e+04
4.261000000000000000e+04
5.592000000000000000e+04
5.020700000000000000e+04
7.550700000000000000e+04
8.630400000000000000e+04
6.303100000000000000e+04
1.071000000000000000e+03
1.182600000000000000e+05
1.844870000000000000e+05
2.220000000000000000e+04
1.425970000000000000e+05
5.942000000000000000e+03
6.551600000000000000e+04
6.456200000000000000e+04
5.124700000000000000e+04
4.043700000000000000e+04
3.957000000000000000e+03
8.900600000000000000e+04
6.507300000000000000e+04
1.011700000000000000e+04
5.564700000000000000e+04
4.025200000000000000e+04
3.845200000000000000e+04
2.735600000000000000e+04
