4.990590000000000000e+05
5.564510000000000000e+05
5.148420000000000000e+05
4.597800000000000000e+05
5.647480000000000000e+05
6.225210000000000000e+05
5.753090000000000000e+05
6.489110000000000000e+05
5.891280000000000000e+05
5.394870000000000000e+05
6.503900000000000000e+05
4.275370000000000000e+05
4.640080000000000000e+05
5.316500000000000000e+05
4.456930000000000000e+05
3.706120000000000000e+05
5.277910000000000000e+05
5.395080000000000000e+05
4.741790000000000000e+05
4.301660000000000000e+05
5.346030000000000000e+05
3.704420000000000000e+05
3.659010000000000000e+05
7.046700000000000000e+05
5.195970000000000000e+05
5.028030000000000000e+05
5.308400000000000000e+05
4.874680000000000000e+05
3.649040000000000000e+05
6.697910000000000000e+05
5.601190000000000000e+05
4.483510000000000000e+05
4.414740000000000000e+05
4.820780000000000000e+05
4.903260000000000000e+05
4.150410000000000000e+05
5.573970000000000000e+05
6.311410000000000000e+05
4.021450000000000000e+05
5.984990000000000000e+05
4.625830000000000000e+05
5.008800000000000000e+05
5.451010000000000000e+05
4.708290000000000000e+05
6.508070000000000000e+05
5.553880000000000000e+05
5.505790000000000000e+05
6.497480000000000000e+05
4.969170000000000000e+05
5.341130000000000000e+05
