2.706700000000000000e+04
1.213500000000000000e+04
8.032500000000000000e+04
1.661400000000000000e+04
1.873070000000000000e+05
5.326000000000000000e+04
1.032640000000000000e+05
4.012000000000000000e+03
8.200300000000000000e+04
2.887800000000000000e+04
1.347030000000000000e+05
5.359700000000000000e+04
9.166800000000000000e+04
5.775700000000000000e+04
3.624800000000000000e+04
4.698200000000000000e+04
1.534410000000000000e+05
1.941700000000000000e+04
3.123400000000000000e+04
6.942700000000000000e+04
5.438900000000000000e+04
4.370800000000000000e+04
8.101800000000000000e+04
3.273000000000000000e+04
3.671200000000000000e+04
4.521200000000000000e+04
1.303950000000000000e+05
7.704200000000000000e+04
6.685600000000000000e+04
7.684200000000000000e+04
1.081300000000000000e+04
2.730800000000000000e+04
1.386100000000000000e+04
1.453090000000000000e+05
8.495000000000000000e+04
8.175400000000000000e+04
9.167200000000000000e+04
1.320850000000000000e+05
2.972300000000000000e+04
1.993200000000000000e+04
3.004800000000000000e+04
4.192700000000000000e+04
6.202000000000000000e+03
1.054320000000000000e+05
4.117800000000000000e+04
7.351600000000000000e+04
5.331600000000000000e+04
4.983000000000000000e+03
1.407850000000000000e+05
2.450400000000000000e+04
