3.610980000000000000e+05
3.825150000000000000e+05
2.319790000000000000e+05
3.022100000000000000e+05
5.211530000000000000e+05
3.792700000000000000e+05
3.056120000000000000e+05
4.536130000000000000e+05
3.687220000000000000e+05
2.831370000000000000e+05
3.830660000000000000e+05
2.747490000000000000e+05
4.383950000000000000e+05
4.063030000000000000e+05
4.185060000000000000e+05
4.765540000000000000e+05
4.094650000000000000e+05
1.181730000000000000e+05
3.120440000000000000e+05
3.827360000000000000e+05
3.542290000000000000e+05
3.741810000000000000e+05
3.444380000000000000e+05
3.053400000000000000e+05
6.207200000000000000e+05
4.129870000000000000e+05
4.262760000000000000e+05
4.385920000000000000e+05
4.920620000000000000e+05
4.569440000000000000e+05
3.841820000000000000e+05
2.295540000000000000e+05
1.231580000000000000e+05
3.965880000000000000e+05
3.215860000000000000e+05
2.629320000000000000e+05
2.876390000000000000e+05
2.515220000000000000e+05
3.335990000000000000e+05
3.962000000000000000e+05
2.963960000000000000e+05
3.827920000000000000e+05
2.679150000000000000e+05
3.808640000000000000e+05
3.248740000000000000e+05
2.318760000000000000e+05
3.636340000000000000e+05
4.599860000000000000e+05
3.284020000000000000e+05
3.390330000000000000e+05
