2.224670000000000000e+05
2.593300000000000000e+05
2.324840000000000000e+05
2.249630000000000000e+05
1.490740000000000000e+05
1.643270000000000000e+05
5.904000000000000000e+04
3.284780000000000000e+05
3.129660000000000000e+05
2.676410000000000000e+05
2.626980000000000000e+05
2.696210000000000000e+05
2.609670000000000000e+05
2.341530000000000000e+05
2.401130000000000000e+05
2.721850000000000000e+05
1.983010000000000000e+05
2.219340000000000000e+05
2.870220000000000000e+05
2.734380000000000000e+05
3.043610000000000000e+05
3.107090000000000000e+05
3.812000000000000000e+05
2.141450000000000000e+05
3.283150000000000000e+05
2.812610000000000000e+05
2.805610000000000000e+05
2.293630000000000000e+05
2.730800000000000000e+04
2.730800000000000000e+04
3.999820000000000000e+05
3.158200000000000000e+05
2.730800000000000000e+04
2.048700000000000000e+05
2.992240000000000000e+05
2.081730000000000000e+05
3.069060000000000000e+05
1.647100000000000000e+05
2.913340000000000000e+05
3.040990000000000000e+05
3.871710000000000000e+05
3.211830000000000000e+05
2.413740000000000000e+05
2.166450000000000000e+05
2.391750000000000000e+05
2.222910000000000000e+05
3.594120000000000000e+05
1.950550000000000000e+05
2.836100000000000000e+05
2.628400000000000000e+05
