5.237800000000000000e+05
5.237800000000000000e+05
5.237800000000000000e+05
5.237800000000000000e+05
5.237800000000000000e+05
5.237800000000000000e+05
5.237800000000000000e+05
5.237800000000000000e+05
5.237800000000000000e+05
5.237800000000000000e+05
5.237800000000000000e+05
5.237800000000000000e+05
5.237800000000000000e+05
5.237800000000000000e+05
5.237800000000000000e+05
5.237800000000000000e+05
5.237800000000000000e+05
5.237800000000000000e+05
5.237800000000000000e+05
5.237800000000000000e+05
5.237800000000000000e+05
5.237800000000000000e+05
5.237800000000000000e+05
5.237800000000000000e+05
5.237800000000000000e+05
5.237800000000000000e+05
5.237800000000000000e+05
5.237800000000000000e+05
5.237800000000000000e+05
5.237800000000000000e+05
5.237800000000000000e+05
5.237800000000000000e+05
5.237800000000000000e+05
5.237800000000000000e+05
5.237800000000000000e+05
5.237800000000000000e+05
5.237800000000000000e+05
5.237800000000000000e+05
5.237800000000000000e+05
5.237800000000000000e+05
5.237800000000000000e+05
5.237800000000000000e+05
5.237800000000000000e+05
5.237800000000000000e+05
5.237800000000000000e+05
5.237800000000000000e+05
5.237800000000000000e+05
5.237800000000000000e+05
5.237800000000000000e+05
5.237800000000000000e+05
