5.727810000000000000e+05
5.727810000000000000e+05
5.727810000000000000e+05
5.727810000000000000e+05
5.727810000000000000e+05
5.727810000000000000e+05
5.727810000000000000e+05
5.727810000000000000e+05
5.727810000000000000e+05
5.727810000000000000e+05
5.727810000000000000e+05
5.727810000000000000e+05
5.727810000000000000e+05
5.727810000000000000e+05
5.727810000000000000e+05
5.727810000000000000e+05
5.727810000000000000e+05
5.727810000000000000e+05
5.727810000000000000e+05
5.727810000000000000e+05
5.727810000000000000e+05
5.727810000000000000e+05
5.727810000000000000e+05
5.727810000000000000e+05
5.727810000000000000e+05
5.727810000000000000e+05
5.727810000000000000e+05
5.727810000000000000e+05
5.727810000000000000e+05
5.727810000000000000e+05
5.727810000000000000e+05
5.727810000000000000e+05
5.727810000000000000e+05
5.727810000000000000e+05
5.727810000000000000e+05
5.727810000000000000e+05
5.727810000000000000e+05
5.727810000000000000e+05
5.727810000000000000e+05
5.727810000000000000e+05
5.727810000000000000e+05
5.727810000000000000e+05
5.727810000000000000e+05
5.727810000000000000e+05
5.727810000000000000e+05
5.727810000000000000e+05
5.727810000000000000e+05
5.727810000000000000e+05
5.727810000000000000e+05
5.727810000000000000e+05
