3.101600000000000000e+05
2.801370000000000000e+05
2.936070000000000000e+05
2.802330000000000000e+05
3.042410000000000000e+05
2.765390000000000000e+05
2.975890000000000000e+05
2.940050000000000000e+05
2.956940000000000000e+05
2.722190000000000000e+05
2.697750000000000000e+05
3.029230000000000000e+05
2.635790000000000000e+05
2.666720000000000000e+05
3.274040000000000000e+05
2.611320000000000000e+05
2.775010000000000000e+05
2.883770000000000000e+05
3.217500000000000000e+05
2.680230000000000000e+05
2.885430000000000000e+05
2.974990000000000000e+05
2.717390000000000000e+05
3.093570000000000000e+05
2.579910000000000000e+05
2.895720000000000000e+05
2.590220000000000000e+05
2.943610000000000000e+05
2.639710000000000000e+05
2.840540000000000000e+05
2.932840000000000000e+05
2.861240000000000000e+05
2.575520000000000000e+05
2.990500000000000000e+05
2.759880000000000000e+05
2.765740000000000000e+05
2.853260000000000000e+05
2.789150000000000000e+05
2.712190000000000000e+05
2.986110000000000000e+05
3.170850000000000000e+05
2.720930000000000000e+05
3.047860000000000000e+05
2.863700000000000000e+05
2.792370000000000000e+05
2.927160000000000000e+05
2.868780000000000000e+05
3.023510000000000000e+05
3.154720000000000000e+05
2.585330000000000000e+05
