83.27765760464239
74.68834500534393
57.75933747758341
50.89478391839767
81.41244620836788
69.75484746303049
58.6017143927907
0
70.32827830852314
60.58332962139488
75.23679541477948
74.84996624641801
63.09491937975052
77.45079983654513
66.41438830576577
61.64260195441094
48.45669521841843
56.78062870939377
75.96136341712671
74.25373357624794
62.03315973576327
32.60348999723796
54.4932877313825
58.58028706309953
63.13808677765323
65.97885105193376
75.90111397372139
72.60674530808799
98.04286096396822
71.28299161518558
60.6098184769202
75.92183939172909
87.55301538443872
56.63108479339347
83.23716266783251
47.65439195283615
67.66834809218501
67.00504834320265
59.72285286954911
64.22007155886548
94.67827533755002
65.43379705832905
37.22103670422624
68.3410933464348
74.51741208652776
63.58663716072181
48.54249419955875
32.60348999723796
67.77209150783868
57.79491967787553
70.48745525848582
88.3773183492801
0
70.87153755489001
57.26586097497081
62.98425920292222
71.28299161518558
46.90195776678945
66.3175834920151
69.0986472702232
72.52208177438017
56.03330363489478
82.43105520336029
59.00276618616672
86.53292854795338
54.89668417122638
92.77323070391512
67.09958207310716
57.6540822941153
62.08180447968714
76.63063358308582
32.60348999723796
81.06921995166988
69.65149672799693
46.74949659310198
64.88962342679542
30.14146193243948
62.33846845098299
80.32805926602356
63.95962386316094
92.25193981797784
60.2916481699549
71.07370811265631
64.2201239266218
63.09386901053396
101.4437453025075
71.50978864030928
36.99096031464985
101.4437453025075
51.80693428490044
70.60325863223953
87.94034506413995
53.40236935754817
62.33846845098299
69.40664735582091
94.39745479222265
51.02073433077064
76.23149015994284
79.61626722541826
75.86224392848295
