65.3103128194962
81.08805639841093
68.31071099802348
71.38201275881752
76.83677376100589
59.09964577782724
64.29774848231249
55.5981342127219
60.95463284177266
86.255545363762
56.64019744674336
64.36278138259372
69.13401900113298
58.61690012745142
53.23377144215892
66.40612606027466
45.75468550331962
66.49528723902164
64.89719214354119
79.20130230131539
72.60890688478999
69.8415304375438
66.25995326261075
66.81769642335732
104.2460110555795
69.0681443160563
70.67326110295846
48.96729609414206
104.7973179714538
0
67.75274893218949
77.87215101163697
75.60618821184813
64.51049985818617
81.1193170334566
42.54169359227433
84.12685076873774
78.97469704642872
93.66421145077719
59.99841617872073
66.11577968519188
82.14334197791317
61.76900250768939
88.22895890843691
60.63370159992252
70.17539641388647
72.37748548409238
78.94367941094809
73.77096241040755
0
63.93510057687228
41.71740946664748
95.48675341661982
71.87423033971758
83.73692325026721
40.45777836965872
50.85205428384329
69.21216409227151
65.3684585880043
51.57945415847371
66.71187366283048
75.11507520970565
61.65399974698693
97.9032961570299
82.63112541470795
83.14059948063878
95.24630626314502
72.13593750996527
81.50722434238578
58.3283805201383
74.03474903458745
73.49655588488278
71.92788997640324
82.03075712057266
80.27322104963741
87.76251822098645
73.06837961557402
64.01374336199142
63.92805479699143
62.25226072725389
72.25583691776713
85.79271321038873
59.49102022639236
84.93603653833063
63.94801684610004
86.68581515862246
56.23901441705186
80.27322104963741
74.30428170188189
96.67202999834022
68.75682675264005
53.60740777243529
72.13593750996527
43.7320083535054
77.25868036501902
58.56705474669027
59.3110203191821
68.32362359389326
94.04850354706304
81.34990696514154
