73.85152808700164
69.05286206016132
53.57740302063723
66.37970436109728
87.39813870371162
54.82723257141472
79.89713692170466
49.03319245948388
72.27247988176788
75.43005922473374
73.90933588992664
58.38321608120102
75.34349582092922
66.55759914090403
72.2347109442222
66.10219493636977
66.53042886529447
70.03893176897208
70.90519976304745
75.19870054600452
67.79770483858087
67.81650926965894
57.57567924621394
81.56375931806137
53.19833538818018
54.08954909641737
70.17529438678264
84.90515384239053
68.92020378918863
66.53824339524269
80.83197385194853
61.59520518281877
48.98948553011371
77.44144575735881
75.03979969852232
104.2167717788265
49.63456912719536
50.52682081558268
66.10140184557325
48.70447752322264
49.80805964348519
72.3299808739612
59.64202850598802
54.93497766149317
58.26399422250419
44.17257576453619
82.46447344310781
57.92299892212236
49.98912936303779
56.43308569704473
61.83565082953429
69.47410031777018
57.61245893085786
72.57453553176832
48.05252407046232
84.75091828943295
67.95638201542809
102.7590283576095
52.24830861585326
66.11905070743138
60.90400799166267
76.85964166618268
62.12492042984568
62.11403625579311
66.16842784911714
94.29597915517604
91.04362098582192
78.861739584715
72.92960707573948
59.69968885059153
48.74547290774807
67.98610011727004
43.11882298189604
44.28035441095739
88.25165163975285
59.49879328977699
81.89314788941387
75.90707479640058
106.3933664520491
57.23838390878484
62.55436983512046
83.03213186357432
72.38714701802317
71.86083512101374
95.85550743023396
49.8367226536507
85.20498260078455
48.31520774420399
0
57.43174935470075
67.32947427119815
20.83242974307128
84.37312642187607
74.95280808335187
58.34278327221764
77.41408746230157
57.0573977430147
87.44110151873659
55.31563802152147
61.19776796367209
