54.51413180164872
71.6570722449987
85.6047097825998
63.44305129640093
34.8819244211284
66.8801436595664
77.04331525119851
38.02447936579804
95.79605849271016
73.96000992104902
77.31465632352443
84.10590241841574
70.18063476520167
91.07273424332631
53.87181479215268
71.39930859814245
69.38513482308133
59.34099078005878
82.99509889320898
91.31952444576132
73.80387939887137
51.30047902815885
72.0440883257906
71.58133582187301
83.20986472768716
64.1266523463038
46.36731696781654
50.55395334199827
85.25410159172412
79.0403678814688
57.33807190460991
65.84384478771987
84.86454230767907
70.36899339370858
76.86659296793574
67.78343902062758
77.01205718385719
79.10902964456632
85.72123302494124
79.05063122521854
83.24538045474218
55.17495381964535
59.8338830761715
49.94430489669687
88.82918032471085
65.82558371953257
66.78064843255075
74.48449260780417
62.94274262375289
70.71744331238723
72.84003542989362
62.51110632471423
73.61594628585131
53.71533306230842
67.04533536516774
86.5699844394118
71.80123613758497
94.21907009730037
68.94863807129975
55.77913960113838
55.99173126183114
71.6642861110751
44.73076978528436
69.2885720499291
61.55881302118085
61.71170437145159
73.62165051938011
103.8010323744421
54.38336427591899
64.93095933741145
63.73793788447635
72.01264527218818
69.83660829406004
52.85762926491
83.09324469768274
72.69783629607382
70.19177954410954
36.77450686128714
36.71915628782884
75.00347011073713
76.94227445786916
81.7306995870981
84.47811502709173
60.23127660183556
71.07256333150065
77.88090827654479
55.41201319786372
80.38560707614269
60.96087417143841
63.30024409046105
67.01115352471692
69.09733230723137
69.09467047900334
66.69370428728638
65.39525405449467
76.06760124457197
71.31094342497313
91.45305407613995
85.09701679515344
55.40194028575011
