42.76157120009336
71.71111120614796
56.51796827900041
59.36726040204629
51.3842056727952
66.1173472311403
50.87669228457811
46.54109553940807
91.61989539566372
79.18771461750082
68.8412745381667
59.60914038704084
63.34204709498963
59.49794454605943
55.67426827202734
58.09681962385181
60.49139998651396
84.52932977947587
68.21089995978802
69.49346459884121
75.97079224882127
57.35371552047317
64.84355990496958
69.85951353038232
66.47375641769601
74.46380247483741
72.26584928441841
58.27134580343702
72.1562051646665
52.23498789733193
53.90992369447977
69.42620904453381
63.08901956809117
66.00922982722862
51.19767208893469
76.5623027017416
59.32354411463979
72.81388391906647
73.87312977636707
63.49145115143127
52.73252117584511
71.72471636999708
84.49264217431835
56.42123810357106
54.08797299925385
63.04995112571542
66.55411016192065
47.68757101639638
66.72428336658223
65.30459810637916
62.87032757411516
45.44405416937663
65.75500508096704
64.38710123928435
81.17710988699373
59.0615597587324
42.75066764807435
11.68294042610852
79.59535315390056
68.93769318947319
62.00347116014066
48.39257130393458
73.26230109955276
54.3709441324206
78.61973898973278
49.46097853778044
67.42760187986003
47.92427438936905
27.43598323563124
75.45900919917263
46.74926560872425
20.1164078700195
60.00473037108372
54.95343566555573
78.68114243963886
40.10262060671565
46.78409162422864
78.93941857138559
60.03651914343116
75.31043493928085
103.6473548963021
78.6413406115345
84.47054460490128
94.77491453438513
64.81234038892593
81.08723486318335
89.65784915885723
87.833666440665
101.5273922939026
93.2697785659372
82.07240922568174
83.66577247459718
27.56906028957096
94.16882816278942
63.11483172798883
0
53.20417670828629
98.25214897526013
52.07346768748938
62.53624098872591
