80.58090386707715
61.03556388597092
59.66053988698494
80.97169722247465
83.32658531093918
77.64173379390101
69.1563542817989
63.44632330561011
72.85406774179782
61.03555482933788
72.2434332515767
83.75571471033888
86.46066500745226
65.79247313139284
93.19152802460104
38.51813579341555
93.39064529774217
80.32386967294508
84.31418985299455
84.52020163451942
71.26531657968988
64.54037647973466
76.82858559164279
72.67100327729518
79.97135832335915
103.1544839634225
85.56439259368659
67.32300618072546
49.82608209960699
71.08253298939275
81.67356198662848
76.27051097076624
45.70062695113234
82.60672515600652
67.04523783278019
54.88872605584317
77.8330182506114
70.21741995927512
80.9231839634926
104.4529062364949
72.07712507341624
69.93335699818103
70.00900708633064
74.00545632736173
78.53931560878951
66.39680738173961
62.45947726454786
77.96060765242373
73.07715377087247
69.38046684251196
52.9989378265785
70.85811357649068
85.6564729171148
84.27157280604439
39.11721017255421
79.87607063941978
69.63424630189877
77.47104356929106
77.21202456512815
82.03900134454666
70.17094019080791
73.85192006362141
84.2770564215817
89.0138834533131
90.08104908799908
85.39589534471506
65.67886000244502
72.84969617657167
63.32678755621178
71.73561657993004
67.55277760388539
73.53347753509385
83.71692494290028
66.79977411410218
42.88546642815022
61.07875842718802
65.76039989669937
73.87982721714533
81.33052113202901
88.91385950275432
78.27172513796599
91.54411517440813
66.57471070538685
45.73822053427588
81.6096453262998
96.13608248332153
64.96262417563831
90.0414649494887
87.74405351502472
86.39518637718754
71.88314182004345
106.7542699054235
73.99379861270617
67.14832718568475
54.7840730368835
76.02351209559096
58.96790193223973
56.78024133195656
91.39632007742262
90.15796946315973
