83.87864058863863
73.74964512149029
54.29964655263928
51.9847104585667
81.16069690501894
70.20170519883585
55.14230492509422
0
68.28804816097529
60.1703901304984
70.15410348457341
74.82879895701382
61.33586440285271
77.02504499152914
65.78550947431232
64.43974062771392
48.45041110268782
63.41771820327496
74.02896942487897
78.71150941147815
59.96453697669656
37.60345049327245
47.45673514639657
64.76942249644873
64.91884409077988
66.01220429133664
75.1123416659092
70.43931036796373
98.04286096396822
72.39322424266744
62.48400428159421
81.47607939983473
87.59609661311426
58.02542210439306
65.31618731218167
46.55878255433164
72.66611942629675
68.3027208214023
60.35074617355779
63.7415991324601
60.19252567978523
65.51229416948019
39.76354975678486
71.88883828430617
74.81580438207459
68.34259121523989
47.21647020762436
37.60345049327245
72.76645116652813
66.66257312626689
69.44721109589852
94.11885814166043
0
68.50047402588052
59.02167244511855
73.99742006108217
72.39322424266744
53.12470247391761
65.52324066418309
70.44775929337641
70.25545466846998
57.24128704537226
79.89135870595028
57.96671486991525
87.56565012218569
56.14293935900954
77.33956591551315
65.95991264858948
57.85522240641981
61.78633431077388
80.16035537516416
37.60345049327245
56.73461973081341
62.99793255373555
46.67928990293036
54.53330368975631
29.10228065492872
62.33852504883949
74.20198451334095
58.97299219049339
92.65480552750495
59.29157754207058
73.21968785034895
66.44191634987477
64.74489039911377
101.862939683675
72.69264320609837
36.42501482497977
101.862939683675
51.80373278056319
69.65996800188539
90.69640770173865
44.92418424412399
62.33852504883949
64.83925631124717
89.9803630991079
50.11682549013079
79.78356164167501
83.21648288529566
60.79818648828733
