3.490920000000000000e+05
3.846190000000000000e+05
3.582230000000000000e+05
4.120770000000000000e+05
2.575030000000000000e+05
3.859420000000000000e+05
3.489990000000000000e+05
4.182730000000000000e+05
3.299030000000000000e+05
3.449050000000000000e+05
4.148190000000000000e+05
3.417950000000000000e+05
4.099250000000000000e+05
3.797280000000000000e+05
3.342020000000000000e+05
3.449810000000000000e+05
3.534330000000000000e+05
3.553150000000000000e+05
3.832780000000000000e+05
3.747390000000000000e+05
4.075120000000000000e+05
4.183750000000000000e+05
3.649610000000000000e+05
3.434590000000000000e+05
3.573800000000000000e+05
3.343970000000000000e+05
3.476330000000000000e+05
3.326630000000000000e+05
3.659970000000000000e+05
3.128990000000000000e+05
3.926930000000000000e+05
3.911680000000000000e+05
3.418290000000000000e+05
4.282880000000000000e+05
4.120780000000000000e+05
4.216040000000000000e+05
2.599920000000000000e+05
3.643640000000000000e+05
3.778960000000000000e+05
3.451320000000000000e+05
3.173470000000000000e+05
4.489520000000000000e+05
3.382680000000000000e+05
3.355870000000000000e+05
4.023770000000000000e+05
2.845030000000000000e+05
3.566870000000000000e+05
3.727970000000000000e+05
3.208230000000000000e+05
3.722230000000000000e+05
