8.490800000000000000e+04
0.000000000000000000e+00
1.452580000000000000e+05
8.010100000000000000e+04
4.809000000000000000e+04
4.599700000000000000e+04
7.193700000000000000e+04
5.365000000000000000e+04
3.689900000000000000e+04
1.226720000000000000e+05
6.834200000000000000e+04
3.501900000000000000e+04
6.121200000000000000e+04
3.769000000000000000e+04
7.533000000000000000e+03
7.568900000000000000e+04
2.607960000000000000e+05
1.071390000000000000e+05
3.360300000000000000e+04
3.555100000000000000e+04
4.950100000000000000e+04
4.784200000000000000e+04
1.909080000000000000e+05
7.437300000000000000e+04
2.600150000000000000e+05
6.821900000000000000e+04
3.630300000000000000e+04
1.632990000000000000e+05
1.828560000000000000e+05
3.960700000000000000e+04
1.807830000000000000e+05
2.045940000000000000e+05
5.082300000000000000e+04
6.506000000000000000e+03
6.226700000000000000e+04
4.880000000000000000e+03
8.342500000000000000e+04
1.435660000000000000e+05
2.906800000000000000e+04
3.455100000000000000e+04
5.960200000000000000e+04
4.217200000000000000e+04
3.212830000000000000e+05
5.258300000000000000e+04
1.877100000000000000e+04
6.027300000000000000e+04
2.012900000000000000e+04
1.785090000000000000e+05
3.063400000000000000e+04
7.596100000000000000e+04
