3.601770000000000000e+05
3.504320000000000000e+05
2.564970000000000000e+05
2.816690000000000000e+05
3.496890000000000000e+05
3.275400000000000000e+05
3.184810000000000000e+05
3.624780000000000000e+05
2.430100000000000000e+05
3.197340000000000000e+05
3.514900000000000000e+05
4.150540000000000000e+05
3.425450000000000000e+05
2.973430000000000000e+05
3.096750000000000000e+05
4.017030000000000000e+05
3.569560000000000000e+05
2.155350000000000000e+05
3.645240000000000000e+05
1.480980000000000000e+05
4.368400000000000000e+05
3.548980000000000000e+05
2.781670000000000000e+05
3.217280000000000000e+05
3.691220000000000000e+05
3.483540000000000000e+05
3.455060000000000000e+05
2.607010000000000000e+05
2.648160000000000000e+05
1.933340000000000000e+05
3.145430000000000000e+05
2.873340000000000000e+05
3.103020000000000000e+05
2.570270000000000000e+05
3.413060000000000000e+05
3.456460000000000000e+05
3.040470000000000000e+05
2.919830000000000000e+05
2.751870000000000000e+05
2.992770000000000000e+05
3.232550000000000000e+05
3.609830000000000000e+05
2.816780000000000000e+05
3.421060000000000000e+05
3.772560000000000000e+05
3.394070000000000000e+05
3.533370000000000000e+05
3.672380000000000000e+05
3.877500000000000000e+05
3.691820000000000000e+05
