3.678810000000000000e+05
2.959970000000000000e+05
4.201920000000000000e+05
4.495680000000000000e+05
3.942360000000000000e+05
4.375510000000000000e+05
4.110150000000000000e+05
4.366270000000000000e+05
4.505020000000000000e+05
4.306480000000000000e+05
4.022330000000000000e+05
3.887550000000000000e+05
3.907200000000000000e+05
4.384540000000000000e+05
3.934820000000000000e+05
3.449610000000000000e+05
3.933220000000000000e+05
3.830340000000000000e+05
4.094940000000000000e+05
4.284070000000000000e+05
4.399430000000000000e+05
4.149610000000000000e+05
4.166760000000000000e+05
3.600560000000000000e+05
3.561500000000000000e+05
3.485850000000000000e+05
3.616620000000000000e+05
4.149490000000000000e+05
3.656210000000000000e+05
3.263120000000000000e+05
3.961380000000000000e+05
4.617640000000000000e+05
4.181250000000000000e+05
4.091830000000000000e+05
3.852270000000000000e+05
3.783850000000000000e+05
4.304290000000000000e+05
3.307120000000000000e+05
3.998940000000000000e+05
3.713030000000000000e+05
3.801140000000000000e+05
4.802140000000000000e+05
3.997220000000000000e+05
4.107300000000000000e+05
3.720520000000000000e+05
4.983530000000000000e+05
4.268120000000000000e+05
4.236020000000000000e+05
3.711390000000000000e+05
3.450560000000000000e+05
