3.574520000000000000e+05
3.622460000000000000e+05
2.496890000000000000e+05
4.327130000000000000e+05
3.430960000000000000e+05
2.691480000000000000e+05
3.955950000000000000e+05
3.936350000000000000e+05
3.229920000000000000e+05
3.822110000000000000e+05
3.201900000000000000e+05
3.730850000000000000e+05
4.028090000000000000e+05
3.487010000000000000e+05
3.847930000000000000e+05
3.601390000000000000e+05
3.704490000000000000e+05
3.973730000000000000e+05
3.936090000000000000e+05
4.526130000000000000e+05
3.923360000000000000e+05
3.750000000000000000e+05
3.827790000000000000e+05
3.894040000000000000e+05
3.737210000000000000e+05
4.369740000000000000e+05
3.703750000000000000e+05
4.103130000000000000e+05
3.487830000000000000e+05
3.948350000000000000e+05
4.075620000000000000e+05
3.154110000000000000e+05
3.703650000000000000e+05
3.814140000000000000e+05
4.246860000000000000e+05
4.234480000000000000e+05
3.551760000000000000e+05
3.531340000000000000e+05
3.850350000000000000e+05
3.605250000000000000e+05
3.815860000000000000e+05
3.303080000000000000e+05
3.599700000000000000e+05
3.570240000000000000e+05
4.209940000000000000e+05
2.786350000000000000e+05
3.503490000000000000e+05
3.557800000000000000e+05
3.750130000000000000e+05
4.061830000000000000e+05
