2.128430000000000000e+05
4.432190000000000000e+05
3.298890000000000000e+05
4.989660000000000000e+05
4.022340000000000000e+05
1.946380000000000000e+05
3.394840000000000000e+05
4.908490000000000000e+05
4.211720000000000000e+05
2.848930000000000000e+05
2.066770000000000000e+05
3.298790000000000000e+05
3.864560000000000000e+05
2.206820000000000000e+05
3.771270000000000000e+05
4.280860000000000000e+05
3.987560000000000000e+05
3.789850000000000000e+05
3.391060000000000000e+05
4.597520000000000000e+05
4.131580000000000000e+05
5.011080000000000000e+05
4.593440000000000000e+05
3.258520000000000000e+05
3.562530000000000000e+05
4.108630000000000000e+05
2.566720000000000000e+05
3.822410000000000000e+05
3.984110000000000000e+05
4.106960000000000000e+05
4.150550000000000000e+05
5.376640000000000000e+05
4.379990000000000000e+05
4.245750000000000000e+05
3.934780000000000000e+05
4.229850000000000000e+05
2.774160000000000000e+05
4.262860000000000000e+05
3.414760000000000000e+05
3.858110000000000000e+05
4.836770000000000000e+05
2.580260000000000000e+05
3.799490000000000000e+05
4.263440000000000000e+05
4.361690000000000000e+05
4.510100000000000000e+05
3.904800000000000000e+05
3.926640000000000000e+05
3.890880000000000000e+05
3.788090000000000000e+05
