1.390940000000000000e+05
2.685720000000000000e+05
2.151730000000000000e+05
4.052450000000000000e+05
1.096010000000000000e+05
1.909050000000000000e+05
5.863100000000000000e+04
1.031780000000000000e+05
1.433870000000000000e+05
1.105400000000000000e+05
2.131750000000000000e+05
1.226140000000000000e+05
1.126070000000000000e+05
1.983800000000000000e+05
4.986100000000000000e+04
3.531220000000000000e+05
2.415440000000000000e+05
1.758820000000000000e+05
9.435600000000000000e+04
2.149430000000000000e+05
3.441520000000000000e+05
2.869570000000000000e+05
2.294080000000000000e+05
2.036230000000000000e+05
3.225280000000000000e+05
2.355880000000000000e+05
3.004800000000000000e+05
1.654210000000000000e+05
2.551710000000000000e+05
2.823010000000000000e+05
1.731850000000000000e+05
2.922680000000000000e+05
5.860100000000000000e+04
2.503320000000000000e+05
3.612030000000000000e+05
2.846320000000000000e+05
6.799900000000000000e+04
1.633320000000000000e+05
1.770620000000000000e+05
5.544300000000000000e+04
2.535220000000000000e+05
2.205490000000000000e+05
1.677730000000000000e+05
2.231780000000000000e+05
5.756600000000000000e+04
2.433160000000000000e+05
2.089030000000000000e+05
1.091370000000000000e+05
1.990080000000000000e+05
2.310220000000000000e+05
