4.267150000000000000e+05
2.823230000000000000e+05
3.503760000000000000e+05
2.769160000000000000e+05
8.744600000000000000e+04
2.208590000000000000e+05
2.161850000000000000e+05
3.484550000000000000e+05
3.150420000000000000e+05
2.640700000000000000e+05
3.093160000000000000e+05
1.510330000000000000e+05
3.485900000000000000e+05
1.286330000000000000e+05
2.799320000000000000e+05
1.027250000000000000e+05
3.561090000000000000e+05
1.798450000000000000e+05
1.025000000000000000e+05
2.836230000000000000e+05
4.460030000000000000e+05
2.951870000000000000e+05
3.004450000000000000e+05
8.896200000000000000e+04
4.258420000000000000e+05
2.021760000000000000e+05
3.022590000000000000e+05
2.929030000000000000e+05
3.075630000000000000e+05
3.452830000000000000e+05
6.776700000000000000e+04
1.538650000000000000e+05
1.265290000000000000e+05
3.425480000000000000e+05
2.950080000000000000e+05
3.190280000000000000e+05
2.541420000000000000e+05
2.210760000000000000e+05
1.623290000000000000e+05
3.414350000000000000e+05
3.808520000000000000e+05
1.373400000000000000e+05
3.703870000000000000e+05
6.811300000000000000e+04
3.061380000000000000e+05
2.415930000000000000e+05
3.513400000000000000e+04
3.443160000000000000e+05
4.670200000000000000e+04
3.269120000000000000e+05
