4.124820000000000000e+05
4.147940000000000000e+05
1.273220000000000000e+05
3.512110000000000000e+05
3.114530000000000000e+05
4.172340000000000000e+05
3.710950000000000000e+05
3.440550000000000000e+05
2.130090000000000000e+05
3.263870000000000000e+05
4.249260000000000000e+05
3.940450000000000000e+05
3.578870000000000000e+05
4.097240000000000000e+05
3.576130000000000000e+05
3.807070000000000000e+05
4.478020000000000000e+05
3.719170000000000000e+05
4.649750000000000000e+05
3.629800000000000000e+05
4.356350000000000000e+05
4.635430000000000000e+05
4.580680000000000000e+05
2.891080000000000000e+05
3.526600000000000000e+05
3.355070000000000000e+05
3.802210000000000000e+05
3.556270000000000000e+05
4.155980000000000000e+05
1.600170000000000000e+05
4.223130000000000000e+05
3.404720000000000000e+05
3.888210000000000000e+05
1.950370000000000000e+05
3.863190000000000000e+05
3.272350000000000000e+05
3.668730000000000000e+05
2.194490000000000000e+05
3.629260000000000000e+05
4.380060000000000000e+05
1.414200000000000000e+05
3.603830000000000000e+05
3.314590000000000000e+05
3.768530000000000000e+05
1.740010000000000000e+05
1.850770000000000000e+05
4.534110000000000000e+05
4.917340000000000000e+05
3.777160000000000000e+05
3.522740000000000000e+05
