3.089680000000000000e+05
3.395030000000000000e+05
2.491510000000000000e+05
3.038270000000000000e+05
3.470850000000000000e+05
2.823560000000000000e+05
2.843590000000000000e+05
2.727290000000000000e+05
2.541520000000000000e+05
1.797600000000000000e+05
3.142240000000000000e+05
2.032900000000000000e+05
1.487920000000000000e+05
2.069230000000000000e+05
1.844410000000000000e+05
3.456650000000000000e+05
3.173380000000000000e+05
2.066250000000000000e+05
3.078590000000000000e+05
3.362280000000000000e+05
2.890340000000000000e+05
2.780540000000000000e+05
2.764230000000000000e+05
2.874230000000000000e+05
2.874770000000000000e+05
3.250990000000000000e+05
1.886000000000000000e+05
2.476830000000000000e+05
3.291900000000000000e+05
2.806470000000000000e+05
3.104810000000000000e+05
2.213420000000000000e+05
1.030890000000000000e+05
1.027510000000000000e+05
3.265060000000000000e+05
2.403430000000000000e+05
2.550850000000000000e+05
3.145250000000000000e+05
1.397760000000000000e+05
2.708230000000000000e+05
2.251250000000000000e+05
2.463200000000000000e+05
3.685460000000000000e+05
1.355020000000000000e+05
3.700300000000000000e+05
1.503260000000000000e+05
1.334520000000000000e+05
2.901620000000000000e+05
2.079250000000000000e+05
3.529070000000000000e+05
