7.023600000000000000e+04
7.912000000000000000e+03
5.447500000000000000e+04
3.398000000000000000e+04
2.109600000000000000e+04
1.768400000000000000e+04
4.590200000000000000e+04
2.202200000000000000e+04
5.738800000000000000e+04
1.119220000000000000e+05
8.963400000000000000e+04
2.418600000000000000e+04
3.849800000000000000e+04
8.259600000000000000e+04
6.184800000000000000e+04
1.457800000000000000e+04
6.010000000000000000e+04
1.286230000000000000e+05
1.851100000000000000e+04
4.840000000000000000e+02
8.333900000000000000e+04
3.761200000000000000e+04
6.717100000000000000e+04
1.007570000000000000e+05
5.299600000000000000e+04
3.357700000000000000e+04
2.755000000000000000e+04
4.083300000000000000e+04
1.067040000000000000e+05
5.035700000000000000e+04
1.176490000000000000e+05
3.850500000000000000e+04
6.061700000000000000e+04
1.530100000000000000e+04
6.233900000000000000e+04
4.520500000000000000e+04
8.470900000000000000e+04
3.668100000000000000e+04
2.057200000000000000e+04
1.552900000000000000e+04
2.242500000000000000e+04
3.684100000000000000e+04
1.298500000000000000e+04
3.612800000000000000e+04
1.496800000000000000e+04
4.464000000000000000e+04
5.074100000000000000e+04
1.164060000000000000e+05
3.093000000000000000e+03
1.103360000000000000e+05
