3.769970000000000000e+05
5.291500000000000000e+05
3.854950000000000000e+05
5.168730000000000000e+05
5.650790000000000000e+05
4.024590000000000000e+05
5.310410000000000000e+05
6.705710000000000000e+05
5.714610000000000000e+05
5.408730000000000000e+05
5.867710000000000000e+05
4.295640000000000000e+05
4.966400000000000000e+05
5.598490000000000000e+05
6.066790000000000000e+05
6.045150000000000000e+05
4.645910000000000000e+05
4.360450000000000000e+05
4.319350000000000000e+05
5.660720000000000000e+05
5.105560000000000000e+05
5.721920000000000000e+05
5.640940000000000000e+05
4.400360000000000000e+05
5.244770000000000000e+05
5.348220000000000000e+05
5.016940000000000000e+05
4.936380000000000000e+05
5.912420000000000000e+05
5.610060000000000000e+05
4.642420000000000000e+05
5.772560000000000000e+05
5.901410000000000000e+05
5.521140000000000000e+05
5.248890000000000000e+05
4.180820000000000000e+05
5.342940000000000000e+05
5.619000000000000000e+05
5.779060000000000000e+05
5.705000000000000000e+05
4.562760000000000000e+05
5.179060000000000000e+05
5.553640000000000000e+05
5.425690000000000000e+05
3.707740000000000000e+05
3.942110000000000000e+05
6.892090000000000000e+05
5.091620000000000000e+05
6.074440000000000000e+05
5.754240000000000000e+05
