4.408680000000000000e+05
2.625790000000000000e+05
4.300780000000000000e+05
4.994890000000000000e+05
2.857080000000000000e+05
4.241050000000000000e+05
4.245370000000000000e+05
4.348190000000000000e+05
4.963640000000000000e+05
5.239170000000000000e+05
5.129800000000000000e+05
3.607620000000000000e+05
4.427840000000000000e+05
5.116210000000000000e+05
5.315740000000000000e+05
3.950330000000000000e+05
3.484450000000000000e+05
4.200240000000000000e+05
4.446840000000000000e+05
3.886450000000000000e+05
4.513530000000000000e+05
4.868780000000000000e+05
5.181330000000000000e+05
4.219710000000000000e+05
3.836120000000000000e+05
3.054030000000000000e+05
3.608500000000000000e+05
3.907670000000000000e+05
4.977040000000000000e+05
3.445640000000000000e+05
4.189400000000000000e+05
5.643940000000000000e+05
3.669480000000000000e+05
4.479060000000000000e+05
4.008640000000000000e+05
4.011080000000000000e+05
4.818030000000000000e+05
4.285870000000000000e+05
4.345670000000000000e+05
5.198830000000000000e+05
3.697090000000000000e+05
5.398400000000000000e+05
4.350340000000000000e+05
5.250070000000000000e+05
4.195600000000000000e+05
5.039700000000000000e+05
3.802520000000000000e+05
3.052500000000000000e+05
3.495190000000000000e+05
4.438460000000000000e+05
