5.137970000000000000e+05
5.466160000000000000e+05
4.733900000000000000e+05
4.594490000000000000e+05
3.366580000000000000e+05
4.514230000000000000e+05
4.005090000000000000e+05
5.589420000000000000e+05
4.751700000000000000e+05
4.158250000000000000e+05
5.451750000000000000e+05
4.603890000000000000e+05
4.760650000000000000e+05
3.941460000000000000e+05
2.782960000000000000e+05
4.087170000000000000e+05
4.624980000000000000e+05
4.068670000000000000e+05
4.998180000000000000e+05
4.636350000000000000e+05
5.157420000000000000e+05
5.815530000000000000e+05
4.584280000000000000e+05
4.006790000000000000e+05
4.260800000000000000e+05
4.437650000000000000e+05
3.798160000000000000e+05
4.158570000000000000e+05
4.417670000000000000e+05
3.061840000000000000e+05
4.355220000000000000e+05
4.615930000000000000e+05
4.617630000000000000e+05
5.075120000000000000e+05
5.202100000000000000e+05
3.975320000000000000e+05
3.712140000000000000e+05
6.193800000000000000e+05
4.755450000000000000e+05
4.341900000000000000e+05
4.269330000000000000e+05
5.009820000000000000e+05
3.870940000000000000e+05
4.537500000000000000e+05
4.770200000000000000e+05
3.528430000000000000e+05
5.216010000000000000e+05
4.505440000000000000e+05
3.345380000000000000e+05
4.306690000000000000e+05
