5.436730000000000000e+05
5.870720000000000000e+05
5.206540000000000000e+05
5.211790000000000000e+05
6.723570000000000000e+05
6.467460000000000000e+05
6.291760000000000000e+05
5.955450000000000000e+05
6.089480000000000000e+05
5.891540000000000000e+05
5.930530000000000000e+05
5.491340000000000000e+05
6.058030000000000000e+05
5.258250000000000000e+05
6.294920000000000000e+05
6.036210000000000000e+05
5.944070000000000000e+05
5.802460000000000000e+05
5.426130000000000000e+05
5.769610000000000000e+05
5.484320000000000000e+05
5.975750000000000000e+05
6.752080000000000000e+05
6.287800000000000000e+05
6.314960000000000000e+05
6.172180000000000000e+05
6.644170000000000000e+05
5.731680000000000000e+05
6.805750000000000000e+05
6.108940000000000000e+05
6.555290000000000000e+05
6.003990000000000000e+05
5.614120000000000000e+05
5.419750000000000000e+05
5.584580000000000000e+05
5.194440000000000000e+05
6.764510000000000000e+05
6.518630000000000000e+05
5.679900000000000000e+05
5.857930000000000000e+05
5.421080000000000000e+05
5.131750000000000000e+05
6.028870000000000000e+05
5.855810000000000000e+05
5.764870000000000000e+05
5.605550000000000000e+05
5.677240000000000000e+05
5.172610000000000000e+05
5.657950000000000000e+05
5.528560000000000000e+05
