6.260510000000000000e+05
4.880950000000000000e+05
2.762300000000000000e+05
5.737570000000000000e+05
4.810480000000000000e+05
3.969030000000000000e+05
4.825530000000000000e+05
2.670020000000000000e+05
4.017580000000000000e+05
2.658030000000000000e+05
3.856380000000000000e+05
6.124840000000000000e+05
4.217040000000000000e+05
3.757230000000000000e+05
4.037620000000000000e+05
5.737250000000000000e+05
6.659800000000000000e+05
5.924970000000000000e+05
6.024060000000000000e+05
4.707130000000000000e+05
4.692690000000000000e+05
4.276960000000000000e+05
6.854950000000000000e+05
6.425810000000000000e+05
6.297570000000000000e+05
4.864800000000000000e+05
5.104250000000000000e+05
4.830420000000000000e+05
5.331810000000000000e+05
3.687970000000000000e+05
5.365920000000000000e+05
3.099490000000000000e+05
4.814790000000000000e+05
6.151480000000000000e+05
5.329640000000000000e+05
3.422290000000000000e+05
6.066620000000000000e+05
5.152720000000000000e+05
4.178700000000000000e+05
4.401400000000000000e+05
4.139260000000000000e+05
4.124220000000000000e+05
5.051780000000000000e+05
3.949590000000000000e+05
4.292670000000000000e+05
4.315870000000000000e+05
3.988490000000000000e+05
6.288980000000000000e+05
5.692820000000000000e+05
4.630670000000000000e+05
