4.958390000000000000e+05
3.925990000000000000e+05
2.771470000000000000e+05
5.470620000000000000e+05
4.936040000000000000e+05
3.143150000000000000e+05
3.957140000000000000e+05
3.824180000000000000e+05
3.872120000000000000e+05
5.540210000000000000e+05
3.514900000000000000e+05
4.856040000000000000e+05
5.098640000000000000e+05
3.850020000000000000e+05
4.066280000000000000e+05
5.217390000000000000e+05
4.441450000000000000e+05
3.895570000000000000e+05
4.531920000000000000e+05
4.931630000000000000e+05
3.883870000000000000e+05
3.378010000000000000e+05
4.822420000000000000e+05
4.483020000000000000e+05
4.969550000000000000e+05
4.975660000000000000e+05
4.342710000000000000e+05
4.411400000000000000e+05
4.557550000000000000e+05
4.177560000000000000e+05
4.668940000000000000e+05
2.467150000000000000e+05
5.016820000000000000e+05
4.147400000000000000e+05
4.797760000000000000e+05
4.246390000000000000e+05
4.809680000000000000e+05
3.547070000000000000e+05
4.412870000000000000e+05
3.917750000000000000e+05
4.555620000000000000e+05
4.276940000000000000e+05
4.072250000000000000e+05
4.078180000000000000e+05
5.399890000000000000e+05
3.876600000000000000e+05
3.532090000000000000e+05
4.600970000000000000e+05
4.647200000000000000e+05
4.746400000000000000e+05
