4.493920000000000000e+05
3.394770000000000000e+05
2.196440000000000000e+05
3.343090000000000000e+05
3.395270000000000000e+05
2.535370000000000000e+05
3.756480000000000000e+05
3.371380000000000000e+05
1.861060000000000000e+05
3.340960000000000000e+05
3.102320000000000000e+05
3.862130000000000000e+05
5.250760000000000000e+05
3.498720000000000000e+05
2.945180000000000000e+05
5.208740000000000000e+05
3.962850000000000000e+05
1.934700000000000000e+05
4.923270000000000000e+05
2.318220000000000000e+05
3.553240000000000000e+05
3.723720000000000000e+05
2.188510000000000000e+05
2.222230000000000000e+05
4.467900000000000000e+05
4.506400000000000000e+05
3.310730000000000000e+05
2.611650000000000000e+05
2.513350000000000000e+05
2.262290000000000000e+05
3.892980000000000000e+05
2.784770000000000000e+05
4.411730000000000000e+05
2.194060000000000000e+05
4.113140000000000000e+05
3.143490000000000000e+05
4.116950000000000000e+05
3.884960000000000000e+05
4.263780000000000000e+05
2.597170000000000000e+05
3.039430000000000000e+05
4.197580000000000000e+05
3.108790000000000000e+05
3.502600000000000000e+05
3.508370000000000000e+05
4.070390000000000000e+05
4.167770000000000000e+05
3.975340000000000000e+05
3.960300000000000000e+05
3.376480000000000000e+05
