3.738140000000000000e+05
1.859660000000000000e+05
2.123790000000000000e+05
2.061000000000000000e+05
6.711100000000000000e+04
1.380350000000000000e+05
1.855530000000000000e+05
2.510920000000000000e+05
2.267390000000000000e+05
1.932680000000000000e+05
2.358410000000000000e+05
9.643900000000000000e+04
2.428360000000000000e+05
1.089950000000000000e+05
1.710150000000000000e+05
9.452300000000000000e+04
2.727330000000000000e+05
1.627770000000000000e+05
7.005100000000000000e+04
1.425590000000000000e+05
2.854460000000000000e+05
2.215150000000000000e+05
2.378880000000000000e+05
4.395500000000000000e+04
2.865390000000000000e+05
1.239350000000000000e+05
1.956790000000000000e+05
1.936820000000000000e+05
2.116810000000000000e+05
3.001130000000000000e+05
5.718700000000000000e+04
1.033080000000000000e+05
1.241550000000000000e+05
1.675100000000000000e+05
2.047440000000000000e+05
2.573990000000000000e+05
1.679630000000000000e+05
2.091590000000000000e+05
1.525800000000000000e+05
2.620500000000000000e+05
2.812690000000000000e+05
1.238730000000000000e+05
2.233790000000000000e+05
6.461800000000000000e+04
2.137370000000000000e+05
2.575560000000000000e+05
3.690600000000000000e+04
2.863840000000000000e+05
1.974400000000000000e+04
3.344050000000000000e+05
