1.506180000000000000e+05
1.508830000000000000e+05
2.165960000000000000e+05
1.851280000000000000e+05
1.368570000000000000e+05
2.176230000000000000e+05
7.966900000000000000e+04
4.305100000000000000e+04
1.051250000000000000e+05
1.650110000000000000e+05
1.976230000000000000e+05
9.224600000000000000e+04
1.123350000000000000e+05
6.872000000000000000e+04
8.520900000000000000e+04
1.667930000000000000e+05
1.495990000000000000e+05
9.573800000000000000e+04
1.419340000000000000e+05
1.354940000000000000e+05
1.731940000000000000e+05
9.026700000000000000e+04
1.264910000000000000e+05
2.457300000000000000e+05
2.190270000000000000e+05
1.151380000000000000e+05
1.279250000000000000e+05
9.731500000000000000e+04
2.355900000000000000e+05
1.052030000000000000e+05
6.054900000000000000e+04
1.234480000000000000e+05
7.800800000000000000e+04
2.145820000000000000e+05
1.600110000000000000e+05
2.583410000000000000e+05
8.621600000000000000e+04
9.795200000000000000e+04
2.013200000000000000e+05
1.450690000000000000e+05
2.473690000000000000e+05
1.107160000000000000e+05
1.059990000000000000e+05
5.201400000000000000e+04
2.651000000000000000e+04
1.519000000000000000e+05
7.772400000000000000e+04
2.424160000000000000e+05
8.412400000000000000e+04
3.948800000000000000e+04
