2.087750000000000000e+05
2.087750000000000000e+05
2.087750000000000000e+05
2.087750000000000000e+05
2.087750000000000000e+05
2.087750000000000000e+05
2.087750000000000000e+05
2.087750000000000000e+05
2.087750000000000000e+05
2.087750000000000000e+05
2.087750000000000000e+05
2.087750000000000000e+05
2.087750000000000000e+05
2.087750000000000000e+05
2.087750000000000000e+05
2.087750000000000000e+05
2.087750000000000000e+05
2.087750000000000000e+05
2.087750000000000000e+05
2.087750000000000000e+05
2.087750000000000000e+05
2.087750000000000000e+05
2.087750000000000000e+05
2.087750000000000000e+05
2.087750000000000000e+05
2.087750000000000000e+05
2.087750000000000000e+05
2.087750000000000000e+05
2.087750000000000000e+05
2.087750000000000000e+05
2.087750000000000000e+05
2.087750000000000000e+05
2.087750000000000000e+05
2.087750000000000000e+05
2.087750000000000000e+05
2.087750000000000000e+05
2.087750000000000000e+05
2.087750000000000000e+05
2.087750000000000000e+05
2.087750000000000000e+05
2.087750000000000000e+05
2.087750000000000000e+05
2.087750000000000000e+05
2.087750000000000000e+05
2.087750000000000000e+05
2.087750000000000000e+05
2.087750000000000000e+05
2.087750000000000000e+05
2.087750000000000000e+05
2.087750000000000000e+05
