1.109650000000000000e+05
1.109650000000000000e+05
1.109650000000000000e+05
1.109650000000000000e+05
1.109650000000000000e+05
1.109650000000000000e+05
1.109650000000000000e+05
1.109650000000000000e+05
1.109650000000000000e+05
1.109650000000000000e+05
1.109650000000000000e+05
1.109650000000000000e+05
1.109650000000000000e+05
1.109650000000000000e+05
1.109650000000000000e+05
1.109650000000000000e+05
1.109650000000000000e+05
1.109650000000000000e+05
1.109650000000000000e+05
1.109650000000000000e+05
1.109650000000000000e+05
1.109650000000000000e+05
1.109650000000000000e+05
1.109650000000000000e+05
1.109650000000000000e+05
1.109650000000000000e+05
1.109650000000000000e+05
1.109650000000000000e+05
1.109650000000000000e+05
1.109650000000000000e+05
1.109650000000000000e+05
1.109650000000000000e+05
1.109650000000000000e+05
1.109650000000000000e+05
1.109650000000000000e+05
1.109650000000000000e+05
1.109650000000000000e+05
1.109650000000000000e+05
1.109650000000000000e+05
1.109650000000000000e+05
1.109650000000000000e+05
1.109650000000000000e+05
1.109650000000000000e+05
1.109650000000000000e+05
1.109650000000000000e+05
1.109650000000000000e+05
1.109650000000000000e+05
1.109650000000000000e+05
1.109650000000000000e+05
1.109650000000000000e+05
