2.026930000000000000e+05
2.026930000000000000e+05
2.026930000000000000e+05
2.026930000000000000e+05
2.026930000000000000e+05
2.026930000000000000e+05
2.026930000000000000e+05
2.026930000000000000e+05
2.026930000000000000e+05
2.026930000000000000e+05
2.026930000000000000e+05
2.026930000000000000e+05
2.026930000000000000e+05
2.026930000000000000e+05
2.026930000000000000e+05
2.026930000000000000e+05
2.026930000000000000e+05
2.026930000000000000e+05
2.026930000000000000e+05
2.026930000000000000e+05
2.026930000000000000e+05
2.026930000000000000e+05
2.026930000000000000e+05
2.026930000000000000e+05
2.026930000000000000e+05
2.026930000000000000e+05
2.026930000000000000e+05
2.026930000000000000e+05
2.026930000000000000e+05
2.026930000000000000e+05
2.026930000000000000e+05
2.026930000000000000e+05
2.026930000000000000e+05
2.026930000000000000e+05
2.026930000000000000e+05
2.026930000000000000e+05
2.026930000000000000e+05
2.026930000000000000e+05
2.026930000000000000e+05
2.026930000000000000e+05
2.026930000000000000e+05
2.026930000000000000e+05
2.026930000000000000e+05
2.026930000000000000e+05
2.026930000000000000e+05
2.026930000000000000e+05
2.026930000000000000e+05
2.026930000000000000e+05
2.026930000000000000e+05
2.026930000000000000e+05
