1.091744000000000000e+06
1.091744000000000000e+06
1.091744000000000000e+06
1.091744000000000000e+06
1.091744000000000000e+06
1.091744000000000000e+06
1.091744000000000000e+06
1.091744000000000000e+06
1.091744000000000000e+06
1.091744000000000000e+06
1.091744000000000000e+06
1.091744000000000000e+06
1.091744000000000000e+06
1.091744000000000000e+06
1.091744000000000000e+06
1.091744000000000000e+06
1.091744000000000000e+06
1.091744000000000000e+06
1.091744000000000000e+06
1.091744000000000000e+06
1.091744000000000000e+06
1.091744000000000000e+06
1.091744000000000000e+06
1.091744000000000000e+06
1.091744000000000000e+06
1.091744000000000000e+06
1.091744000000000000e+06
1.091744000000000000e+06
1.091744000000000000e+06
1.091744000000000000e+06
1.091744000000000000e+06
1.091744000000000000e+06
1.091744000000000000e+06
1.091744000000000000e+06
1.091744000000000000e+06
1.091744000000000000e+06
1.091744000000000000e+06
1.091744000000000000e+06
1.091744000000000000e+06
1.091744000000000000e+06
1.091744000000000000e+06
1.091744000000000000e+06
1.091744000000000000e+06
1.091744000000000000e+06
1.091744000000000000e+06
1.091744000000000000e+06
1.091744000000000000e+06
1.091744000000000000e+06
1.091744000000000000e+06
1.091744000000000000e+06
