1.338821000000000000e+06
1.338821000000000000e+06
1.338821000000000000e+06
1.338821000000000000e+06
1.338821000000000000e+06
1.338821000000000000e+06
1.338821000000000000e+06
1.338821000000000000e+06
1.338821000000000000e+06
1.338821000000000000e+06
1.338821000000000000e+06
1.338821000000000000e+06
1.338821000000000000e+06
1.338821000000000000e+06
1.338821000000000000e+06
1.338821000000000000e+06
1.338821000000000000e+06
1.338821000000000000e+06
1.338821000000000000e+06
1.338821000000000000e+06
1.338821000000000000e+06
1.338821000000000000e+06
1.338821000000000000e+06
1.338821000000000000e+06
1.338821000000000000e+06
1.338821000000000000e+06
1.338821000000000000e+06
1.338821000000000000e+06
1.338821000000000000e+06
1.338821000000000000e+06
1.338821000000000000e+06
1.338821000000000000e+06
1.338821000000000000e+06
1.338821000000000000e+06
1.338821000000000000e+06
1.338821000000000000e+06
1.338821000000000000e+06
1.338821000000000000e+06
1.338821000000000000e+06
1.338821000000000000e+06
1.338821000000000000e+06
1.338821000000000000e+06
1.338821000000000000e+06
1.338821000000000000e+06
1.338821000000000000e+06
1.338821000000000000e+06
1.338821000000000000e+06
1.338821000000000000e+06
1.338821000000000000e+06
1.338821000000000000e+06
