5.350300000000000000e+04
6.713500000000000000e+04
6.535900000000000000e+04
6.177700000000000000e+04
7.290200000000000000e+04
8.842700000000000000e+04
6.997500000000000000e+04
5.656100000000000000e+04
7.332900000000000000e+04
6.607100000000000000e+04
7.175200000000000000e+04
7.153400000000000000e+04
6.820500000000000000e+04
7.182400000000000000e+04
6.799500000000000000e+04
7.201800000000000000e+04
7.648400000000000000e+04
6.385700000000000000e+04
7.279700000000000000e+04
6.358900000000000000e+04
6.187200000000000000e+04
6.339400000000000000e+04
7.203700000000000000e+04
7.896800000000000000e+04
7.793300000000000000e+04
7.438800000000000000e+04
8.145600000000000000e+04
7.370000000000000000e+04
6.943500000000000000e+04
5.922700000000000000e+04
7.007500000000000000e+04
6.624300000000000000e+04
7.236000000000000000e+04
6.683500000000000000e+04
7.481600000000000000e+04
6.831300000000000000e+04
7.899800000000000000e+04
7.215400000000000000e+04
6.557700000000000000e+04
7.501600000000000000e+04
7.197700000000000000e+04
6.713900000000000000e+04
7.157800000000000000e+04
8.224700000000000000e+04
6.632800000000000000e+04
7.499100000000000000e+04
6.425200000000000000e+04
7.357800000000000000e+04
5.974000000000000000e+04
7.241600000000000000e+04
