7.427500000000000000e+04
8.986700000000000000e+04
8.895300000000000000e+04
1.061250000000000000e+05
8.197600000000000000e+04
8.126200000000000000e+04
7.514300000000000000e+04
7.627000000000000000e+04
7.991400000000000000e+04
7.691400000000000000e+04
9.033100000000000000e+04
5.451200000000000000e+04
7.390900000000000000e+04
7.959100000000000000e+04
7.771600000000000000e+04
8.349400000000000000e+04
8.921000000000000000e+04
8.681400000000000000e+04
7.877100000000000000e+04
9.702900000000000000e+04
6.957300000000000000e+04
8.823100000000000000e+04
8.157900000000000000e+04
7.686600000000000000e+04
6.116900000000000000e+04
7.537000000000000000e+04
7.489400000000000000e+04
7.086500000000000000e+04
8.808000000000000000e+04
8.743500000000000000e+04
8.601900000000000000e+04
8.829000000000000000e+04
7.004900000000000000e+04
9.502200000000000000e+04
7.142300000000000000e+04
8.961300000000000000e+04
7.978400000000000000e+04
9.213400000000000000e+04
7.813900000000000000e+04
8.091600000000000000e+04
8.499600000000000000e+04
7.672400000000000000e+04
8.598500000000000000e+04
8.624700000000000000e+04
8.669500000000000000e+04
7.725100000000000000e+04
8.329300000000000000e+04
1.094800000000000000e+05
6.420800000000000000e+04
7.247300000000000000e+04
