3.108900000000000000e+04
1.510400000000000000e+04
6.723000000000000000e+03
3.756600000000000000e+04
3.137800000000000000e+04
3.969600000000000000e+04
1.834000000000000000e+04
3.985000000000000000e+03
3.426500000000000000e+04
3.475300000000000000e+04
4.903100000000000000e+04
1.478100000000000000e+04
6.336400000000000000e+04
3.407900000000000000e+04
1.411000000000000000e+04
1.134300000000000000e+04
2.850900000000000000e+04
2.827600000000000000e+04
1.963800000000000000e+04
3.572100000000000000e+04
5.945400000000000000e+04
2.568200000000000000e+04
2.252900000000000000e+04
3.917000000000000000e+04
3.917000000000000000e+04
3.043300000000000000e+04
2.095600000000000000e+04
2.073100000000000000e+04
4.441100000000000000e+04
2.186600000000000000e+04
3.612800000000000000e+04
2.728600000000000000e+04
2.765400000000000000e+04
1.047500000000000000e+04
2.165800000000000000e+04
3.553100000000000000e+04
3.546200000000000000e+04
3.457200000000000000e+04
2.307200000000000000e+04
3.035100000000000000e+04
2.238200000000000000e+04
3.002100000000000000e+04
2.847600000000000000e+04
9.304000000000000000e+03
4.688400000000000000e+04
2.060600000000000000e+04
1.721000000000000000e+03
4.538200000000000000e+04
3.158100000000000000e+04
3.265500000000000000e+04
