6.144500000000000000e+04
5.539100000000000000e+04
7.913200000000000000e+04
8.767400000000000000e+04
1.019300000000000000e+05
8.521900000000000000e+04
1.006030000000000000e+05
8.612700000000000000e+04
9.655000000000000000e+04
8.273900000000000000e+04
1.023740000000000000e+05
9.065300000000000000e+04
6.444200000000000000e+04
1.112960000000000000e+05
8.730500000000000000e+04
9.101500000000000000e+04
7.535700000000000000e+04
6.986500000000000000e+04
9.853600000000000000e+04
3.732700000000000000e+04
7.428100000000000000e+04
1.122020000000000000e+05
1.251020000000000000e+05
6.384500000000000000e+04
8.934300000000000000e+04
1.054120000000000000e+05
8.553600000000000000e+04
1.011650000000000000e+05
7.579700000000000000e+04
9.680600000000000000e+04
8.485800000000000000e+04
1.148820000000000000e+05
9.832500000000000000e+04
9.946500000000000000e+04
1.201960000000000000e+05
6.437000000000000000e+04
8.413500000000000000e+04
9.383000000000000000e+04
8.032200000000000000e+04
6.645600000000000000e+04
1.133220000000000000e+05
8.782500000000000000e+04
6.852700000000000000e+04
7.383200000000000000e+04
7.872200000000000000e+04
7.515700000000000000e+04
6.893400000000000000e+04
9.470300000000000000e+04
8.146000000000000000e+04
5.673600000000000000e+04
