6.645600000000000000e+04
6.449500000000000000e+04
5.597500000000000000e+04
5.886300000000000000e+04
7.473600000000000000e+04
7.367500000000000000e+04
5.907600000000000000e+04
4.783700000000000000e+04
6.206700000000000000e+04
7.595300000000000000e+04
4.831600000000000000e+04
5.707600000000000000e+04
5.924600000000000000e+04
8.346800000000000000e+04
7.132200000000000000e+04
4.762700000000000000e+04
8.853800000000000000e+04
3.849700000000000000e+04
7.780500000000000000e+04
4.186100000000000000e+04
5.308900000000000000e+04
4.278800000000000000e+04
8.619400000000000000e+04
7.628700000000000000e+04
6.723800000000000000e+04
5.723900000000000000e+04
2.034100000000000000e+04
7.772000000000000000e+04
5.473100000000000000e+04
5.671100000000000000e+04
4.193800000000000000e+04
5.370700000000000000e+04
5.997400000000000000e+04
6.111700000000000000e+04
6.014400000000000000e+04
9.821400000000000000e+04
5.982700000000000000e+04
5.971100000000000000e+04
3.230200000000000000e+04
6.188200000000000000e+04
5.926600000000000000e+04
7.115800000000000000e+04
5.508800000000000000e+04
6.052000000000000000e+04
5.284100000000000000e+04
6.603100000000000000e+04
6.958300000000000000e+04
6.052100000000000000e+04
8.294200000000000000e+04
6.755300000000000000e+04
