8.033700000000000000e+04
6.061500000000000000e+04
5.721300000000000000e+04
6.523300000000000000e+04
7.728100000000000000e+04
1.023470000000000000e+05
8.442900000000000000e+04
8.713500000000000000e+04
1.011040000000000000e+05
7.325300000000000000e+04
4.391100000000000000e+04
7.761500000000000000e+04
5.302400000000000000e+04
1.044970000000000000e+05
6.283000000000000000e+04
8.383000000000000000e+04
8.290800000000000000e+04
5.270100000000000000e+04
7.308300000000000000e+04
5.481400000000000000e+04
8.120400000000000000e+04
8.409700000000000000e+04
9.788600000000000000e+04
5.884200000000000000e+04
1.009300000000000000e+05
9.330600000000000000e+04
5.821200000000000000e+04
7.983600000000000000e+04
7.721700000000000000e+04
8.961200000000000000e+04
7.365500000000000000e+04
1.048130000000000000e+05
8.151600000000000000e+04
7.545200000000000000e+04
9.523200000000000000e+04
6.589900000000000000e+04
5.883500000000000000e+04
6.699400000000000000e+04
8.600600000000000000e+04
6.472500000000000000e+04
1.062630000000000000e+05
8.564400000000000000e+04
7.436400000000000000e+04
7.005400000000000000e+04
9.904300000000000000e+04
7.121800000000000000e+04
4.848100000000000000e+04
8.413600000000000000e+04
5.047800000000000000e+04
4.005700000000000000e+04
