9.716000000000000000e+03
1.023000000000000000e+04
1.548200000000000000e+04
4.748000000000000000e+03
0.000000000000000000e+00
0.000000000000000000e+00
2.231000000000000000e+03
3.639100000000000000e+04
4.411000000000000000e+04
2.461300000000000000e+04
1.000000000000000000e+04
1.302200000000000000e+04
2.998800000000000000e+04
2.035000000000000000e+04
1.991500000000000000e+04
6.238000000000000000e+03
2.276500000000000000e+04
2.500100000000000000e+04
8.813000000000000000e+03
1.972800000000000000e+04
2.270500000000000000e+04
1.457600000000000000e+04
1.000000000000000000e+04
2.552400000000000000e+04
2.590000000000000000e+02
2.373000000000000000e+03
1.333800000000000000e+04
2.599600000000000000e+04
1.995800000000000000e+04
2.466100000000000000e+04
1.066700000000000000e+04
0.000000000000000000e+00
2.590000000000000000e+02
1.244600000000000000e+04
1.661100000000000000e+04
3.048100000000000000e+04
0.000000000000000000e+00
1.723000000000000000e+03
1.999100000000000000e+04
2.394100000000000000e+04
4.459400000000000000e+04
6.675000000000000000e+03
1.476500000000000000e+04
1.885000000000000000e+04
1.008000000000000000e+03
0.000000000000000000e+00
2.588100000000000000e+04
3.017500000000000000e+04
4.343700000000000000e+04
1.312000000000000000e+03
