6.491700000000000000e+04
5.621600000000000000e+04
6.759500000000000000e+04
8.164500000000000000e+04
9.502100000000000000e+04
9.455300000000000000e+04
9.023800000000000000e+04
8.229700000000000000e+04
8.492500000000000000e+04
8.487900000000000000e+04
8.743900000000000000e+04
8.755500000000000000e+04
6.110300000000000000e+04
1.031380000000000000e+05
7.667200000000000000e+04
7.833400000000000000e+04
9.673400000000000000e+04
7.503300000000000000e+04
8.366900000000000000e+04
6.535400000000000000e+04
6.611200000000000000e+04
6.114600000000000000e+04
1.078090000000000000e+05
5.921500000000000000e+04
8.960800000000000000e+04
8.561200000000000000e+04
8.439200000000000000e+04
9.330900000000000000e+04
6.789100000000000000e+04
8.321200000000000000e+04
7.636400000000000000e+04
1.169440000000000000e+05
7.657100000000000000e+04
1.052640000000000000e+05
1.072440000000000000e+05
4.909500000000000000e+04
7.004000000000000000e+04
4.698600000000000000e+04
8.487700000000000000e+04
7.638800000000000000e+04
9.450700000000000000e+04
7.504900000000000000e+04
9.123500000000000000e+04
8.105100000000000000e+04
7.377300000000000000e+04
2.975000000000000000e+04
7.282500000000000000e+04
7.449100000000000000e+04
5.702600000000000000e+04
5.386800000000000000e+04
