5.354400000000000000e+04
5.927800000000000000e+04
4.968300000000000000e+04
6.564000000000000000e+04
3.704200000000000000e+04
7.127400000000000000e+04
3.977300000000000000e+04
4.339100000000000000e+04
4.526200000000000000e+04
7.925700000000000000e+04
4.954100000000000000e+04
4.822100000000000000e+04
4.336300000000000000e+04
4.619800000000000000e+04
5.992300000000000000e+04
4.430900000000000000e+04
5.676000000000000000e+04
2.784500000000000000e+04
7.389700000000000000e+04
4.543000000000000000e+04
6.578100000000000000e+04
3.515300000000000000e+04
8.415800000000000000e+04
4.273200000000000000e+04
5.054300000000000000e+04
5.155300000000000000e+04
2.109500000000000000e+04
7.280600000000000000e+04
4.808800000000000000e+04
3.946400000000000000e+04
2.757900000000000000e+04
6.156700000000000000e+04
4.564400000000000000e+04
5.253600000000000000e+04
3.775900000000000000e+04
8.037000000000000000e+04
8.024100000000000000e+04
4.251400000000000000e+04
2.753200000000000000e+04
5.771100000000000000e+04
6.469700000000000000e+04
6.912100000000000000e+04
6.297900000000000000e+04
5.634700000000000000e+04
5.481000000000000000e+04
5.752200000000000000e+04
4.787600000000000000e+04
4.138600000000000000e+04
4.891600000000000000e+04
3.383100000000000000e+04
