2.214070000000000000e+05
2.931040000000000000e+05
2.497930000000000000e+05
2.915680000000000000e+05
2.559000000000000000e+05
2.594470000000000000e+05
2.024450000000000000e+05
1.941720000000000000e+05
2.522130000000000000e+05
2.631900000000000000e+05
2.229120000000000000e+05
1.666240000000000000e+05
1.818720000000000000e+05
2.350860000000000000e+05
1.517450000000000000e+05
2.426810000000000000e+05
2.091660000000000000e+05
2.633740000000000000e+05
1.671510000000000000e+05
6.681200000000000000e+04
2.194020000000000000e+05
2.363240000000000000e+05
1.241250000000000000e+05
1.510440000000000000e+05
1.785310000000000000e+05
1.433910000000000000e+05
1.512920000000000000e+05
2.093880000000000000e+05
1.650810000000000000e+05
1.513080000000000000e+05
1.350840000000000000e+05
1.244070000000000000e+05
1.880650000000000000e+05
2.475910000000000000e+05
7.635500000000000000e+04
1.438620000000000000e+05
1.439860000000000000e+05
1.392910000000000000e+05
1.652460000000000000e+05
1.995380000000000000e+05
2.310920000000000000e+05
1.895000000000000000e+05
1.681780000000000000e+05
1.800120000000000000e+05
2.029140000000000000e+05
1.499110000000000000e+05
1.951280000000000000e+05
1.732930000000000000e+05
1.468740000000000000e+05
1.653670000000000000e+05
