2.259640000000000000e+05
2.504250000000000000e+05
2.875540000000000000e+05
2.022460000000000000e+05
2.713640000000000000e+05
2.436580000000000000e+05
2.312850000000000000e+05
1.948560000000000000e+05
2.099810000000000000e+05
1.709690000000000000e+05
1.853800000000000000e+05
1.399880000000000000e+05
2.392830000000000000e+05
1.843200000000000000e+05
2.174800000000000000e+05
1.774190000000000000e+05
2.344390000000000000e+05
3.711110000000000000e+05
1.383660000000000000e+05
1.446370000000000000e+05
2.967840000000000000e+05
1.453040000000000000e+05
1.097000000000000000e+05
3.449230000000000000e+05
3.342800000000000000e+05
2.232490000000000000e+05
2.602140000000000000e+05
2.261980000000000000e+05
2.335120000000000000e+05
2.468950000000000000e+05
2.408330000000000000e+05
1.318060000000000000e+05
2.449260000000000000e+05
2.269780000000000000e+05
2.266530000000000000e+05
2.766450000000000000e+05
2.588000000000000000e+05
2.176420000000000000e+05
2.772190000000000000e+05
2.424030000000000000e+05
2.441290000000000000e+05
3.402400000000000000e+05
2.159520000000000000e+05
2.448800000000000000e+05
2.408260000000000000e+05
2.309480000000000000e+05
2.277380000000000000e+05
2.286270000000000000e+05
2.746040000000000000e+05
2.227530000000000000e+05
