3.500590000000000000e+05
3.144750000000000000e+05
2.065720000000000000e+05
2.657680000000000000e+05
3.121880000000000000e+05
2.711560000000000000e+05
3.625040000000000000e+05
1.900870000000000000e+05
3.234470000000000000e+05
2.281630000000000000e+05
2.416560000000000000e+05
2.858250000000000000e+05
3.124590000000000000e+05
2.447140000000000000e+05
3.675100000000000000e+05
2.550750000000000000e+05
3.381910000000000000e+05
2.217610000000000000e+05
2.473050000000000000e+05
3.440250000000000000e+05
3.126890000000000000e+05
1.912020000000000000e+05
2.775490000000000000e+05
3.271190000000000000e+05
2.275190000000000000e+05
3.222730000000000000e+05
2.641220000000000000e+05
2.780770000000000000e+05
3.467800000000000000e+05
2.828290000000000000e+05
2.679630000000000000e+05
3.002250000000000000e+05
3.114020000000000000e+05
2.749200000000000000e+05
3.113790000000000000e+05
3.188710000000000000e+05
3.413690000000000000e+05
3.028550000000000000e+05
2.757780000000000000e+05
2.269270000000000000e+05
2.252740000000000000e+05
2.264260000000000000e+05
3.335380000000000000e+05
2.693710000000000000e+05
2.687290000000000000e+05
3.383280000000000000e+05
2.456780000000000000e+05
2.832050000000000000e+05
2.802790000000000000e+05
3.243870000000000000e+05
