1.860330000000000000e+05
1.753070000000000000e+05
2.421230000000000000e+05
2.049670000000000000e+05
2.368790000000000000e+05
1.801620000000000000e+05
1.466080000000000000e+05
1.923720000000000000e+05
1.922960000000000000e+05
1.992200000000000000e+05
1.885000000000000000e+05
1.521390000000000000e+05
1.361460000000000000e+05
1.527760000000000000e+05
1.361410000000000000e+05
1.732730000000000000e+05
1.422490000000000000e+05
1.463840000000000000e+05
1.260770000000000000e+05
1.112380000000000000e+05
2.361930000000000000e+05
1.979700000000000000e+05
2.064510000000000000e+05
2.100070000000000000e+05
1.631650000000000000e+05
8.572600000000000000e+04
1.360150000000000000e+05
2.093930000000000000e+05
2.137840000000000000e+05
1.889300000000000000e+05
1.657900000000000000e+05
1.358320000000000000e+05
2.013870000000000000e+05
2.491140000000000000e+05
1.817960000000000000e+05
2.095320000000000000e+05
2.407110000000000000e+05
1.493700000000000000e+05
2.254960000000000000e+05
9.364400000000000000e+04
2.101370000000000000e+05
2.684510000000000000e+05
1.440920000000000000e+05
1.421590000000000000e+05
1.908370000000000000e+05
1.205800000000000000e+05
1.624610000000000000e+05
2.358770000000000000e+05
1.515720000000000000e+05
1.470580000000000000e+05
