1.068900000000000000e+05
1.525550000000000000e+05
2.667960000000000000e+05
1.490950000000000000e+05
3.243500000000000000e+04
7.620200000000000000e+04
2.114580000000000000e+05
1.301840000000000000e+05
1.089590000000000000e+05
9.559100000000000000e+04
1.033850000000000000e+05
1.635760000000000000e+05
3.509300000000000000e+04
2.122920000000000000e+05
1.250020000000000000e+05
1.901370000000000000e+05
1.002560000000000000e+05
1.568590000000000000e+05
2.013060000000000000e+05
5.451400000000000000e+04
1.760280000000000000e+05
7.718500000000000000e+04
7.430400000000000000e+04
1.286830000000000000e+05
1.514650000000000000e+05
1.645550000000000000e+05
1.525240000000000000e+05
1.025890000000000000e+05
1.232460000000000000e+05
1.671810000000000000e+05
1.155140000000000000e+05
8.448200000000000000e+04
7.717500000000000000e+04
1.622490000000000000e+05
1.036110000000000000e+05
1.099420000000000000e+05
2.225190000000000000e+05
1.844130000000000000e+05
1.578840000000000000e+05
6.784100000000000000e+04
1.118460000000000000e+05
8.487700000000000000e+04
1.235810000000000000e+05
1.014360000000000000e+05
1.995160000000000000e+05
1.428380000000000000e+05
2.165950000000000000e+05
1.147530000000000000e+05
1.903110000000000000e+05
1.238100000000000000e+05
