2.990720000000000000e+05
2.717540000000000000e+05
1.987030000000000000e+05
1.851060000000000000e+05
2.296920000000000000e+05
2.320710000000000000e+05
2.134120000000000000e+05
1.945950000000000000e+05
1.873810000000000000e+05
1.697940000000000000e+05
2.010610000000000000e+05
2.534420000000000000e+05
2.679090000000000000e+05
1.037020000000000000e+05
3.408540000000000000e+05
1.603730000000000000e+05
2.628940000000000000e+05
2.674940000000000000e+05
2.056530000000000000e+05
2.596040000000000000e+05
3.183310000000000000e+05
2.357440000000000000e+05
1.743700000000000000e+05
1.963410000000000000e+05
2.879590000000000000e+05
2.444220000000000000e+05
2.629790000000000000e+05
2.211760000000000000e+05
1.275730000000000000e+05
2.811640000000000000e+05
2.237350000000000000e+05
1.657540000000000000e+05
2.062130000000000000e+05
1.848550000000000000e+05
2.614020000000000000e+05
2.460250000000000000e+05
3.495650000000000000e+05
2.864260000000000000e+05
2.148540000000000000e+05
2.760400000000000000e+05
1.787780000000000000e+05
2.559650000000000000e+05
2.266240000000000000e+05
1.853570000000000000e+05
2.348520000000000000e+05
3.121500000000000000e+05
2.617850000000000000e+05
2.183910000000000000e+05
2.693420000000000000e+05
3.059290000000000000e+05
