6.471600000000000000e+04
4.005500000000000000e+04
5.570600000000000000e+04
4.461100000000000000e+04
8.246900000000000000e+04
8.609500000000000000e+04
4.730400000000000000e+04
4.436500000000000000e+04
7.232300000000000000e+04
2.062000000000000000e+04
1.287430000000000000e+05
1.225000000000000000e+03
2.571500000000000000e+04
5.464200000000000000e+04
5.269700000000000000e+04
6.320000000000000000e+03
1.393100000000000000e+04
1.747070000000000000e+05
2.279200000000000000e+04
1.523500000000000000e+04
3.779700000000000000e+04
2.230400000000000000e+04
3.619900000000000000e+04
5.632800000000000000e+04
8.716900000000000000e+04
1.296000000000000000e+03
1.329000000000000000e+04
3.092100000000000000e+04
5.474300000000000000e+04
6.640600000000000000e+04
3.595300000000000000e+04
4.246200000000000000e+04
3.937000000000000000e+04
1.286400000000000000e+04
8.836000000000000000e+03
2.577000000000000000e+04
3.981000000000000000e+04
9.736000000000000000e+03
1.074600000000000000e+04
5.912600000000000000e+04
3.275400000000000000e+04
3.888400000000000000e+04
9.817900000000000000e+04
1.510700000000000000e+04
5.040000000000000000e+02
3.351800000000000000e+04
4.684000000000000000e+04
2.447900000000000000e+04
5.210400000000000000e+04
3.551600000000000000e+04
