1.559080000000000000e+05
1.019780000000000000e+05
2.194080000000000000e+05
2.089350000000000000e+05
2.045370000000000000e+05
1.360730000000000000e+05
2.767930000000000000e+05
2.018300000000000000e+05
1.698570000000000000e+05
1.681500000000000000e+05
2.715610000000000000e+05
2.161840000000000000e+05
2.359510000000000000e+05
2.504910000000000000e+05
1.962740000000000000e+05
1.709920000000000000e+05
6.799600000000000000e+04
1.203480000000000000e+05
2.365170000000000000e+05
1.912630000000000000e+05
1.762410000000000000e+05
2.854190000000000000e+05
2.490470000000000000e+05
1.286620000000000000e+05
2.058960000000000000e+05
2.615800000000000000e+05
2.205060000000000000e+05
8.512700000000000000e+04
1.420100000000000000e+05
1.703350000000000000e+05
2.612630000000000000e+05
2.040470000000000000e+05
1.974850000000000000e+05
2.160680000000000000e+05
1.623500000000000000e+05
2.729830000000000000e+05
1.716810000000000000e+05
1.527520000000000000e+05
1.623840000000000000e+05
1.897190000000000000e+05
1.489040000000000000e+05
1.799010000000000000e+05
1.851420000000000000e+05
1.654520000000000000e+05
2.604290000000000000e+05
1.809660000000000000e+05
2.129790000000000000e+05
1.819420000000000000e+05
1.315810000000000000e+05
2.327600000000000000e+05
