8.117300000000000000e+04
3.406400000000000000e+04
1.532740000000000000e+05
1.005370000000000000e+05
8.997200000000000000e+04
1.874680000000000000e+05
9.138600000000000000e+04
1.037200000000000000e+05
1.168520000000000000e+05
9.372400000000000000e+04
1.473090000000000000e+05
1.091850000000000000e+05
1.976210000000000000e+05
8.239400000000000000e+04
8.995300000000000000e+04
1.126370000000000000e+05
1.082770000000000000e+05
5.278100000000000000e+04
1.210970000000000000e+05
1.517910000000000000e+05
1.107580000000000000e+05
1.325480000000000000e+05
6.887400000000000000e+04
9.503600000000000000e+04
9.849100000000000000e+04
2.617840000000000000e+05
3.363700000000000000e+04
1.036230000000000000e+05
5.653700000000000000e+04
1.229400000000000000e+04
1.586930000000000000e+05
1.407130000000000000e+05
1.145940000000000000e+05
1.245930000000000000e+05
9.369700000000000000e+04
4.321900000000000000e+04
1.939980000000000000e+05
1.153640000000000000e+05
1.114180000000000000e+05
1.151030000000000000e+05
1.493040000000000000e+05
1.350150000000000000e+05
1.429980000000000000e+05
9.706500000000000000e+04
1.493010000000000000e+05
1.304210000000000000e+05
1.331620000000000000e+05
1.549520000000000000e+05
1.023000000000000000e+05
7.366600000000000000e+04
