2.339380000000000000e+05
2.834100000000000000e+05
3.613170000000000000e+05
2.671780000000000000e+05
2.866000000000000000e+05
2.664070000000000000e+05
2.282340000000000000e+05
2.445030000000000000e+05
2.306420000000000000e+05
2.479810000000000000e+05
2.520020000000000000e+05
2.397190000000000000e+05
2.164820000000000000e+05
2.790270000000000000e+05
2.153800000000000000e+05
2.038650000000000000e+05
2.952160000000000000e+05
2.415210000000000000e+05
2.912780000000000000e+05
1.653590000000000000e+05
2.935790000000000000e+05
2.767750000000000000e+05
3.349580000000000000e+05
2.185890000000000000e+05
2.318130000000000000e+05
2.440390000000000000e+05
2.552190000000000000e+05
3.294450000000000000e+05
2.577340000000000000e+05
2.597530000000000000e+05
2.776010000000000000e+05
2.541850000000000000e+05
3.349620000000000000e+05
1.072960000000000000e+05
2.357950000000000000e+05
2.952390000000000000e+05
2.475030000000000000e+05
2.937090000000000000e+05
2.603880000000000000e+05
2.930680000000000000e+05
1.623140000000000000e+05
2.693500000000000000e+05
2.625570000000000000e+05
2.992580000000000000e+05
2.644390000000000000e+05
2.226880000000000000e+05
2.932010000000000000e+05
2.762970000000000000e+05
1.374610000000000000e+05
2.927490000000000000e+05
