2.062310000000000000e+05
2.554860000000000000e+05
2.787470000000000000e+05
2.117390000000000000e+05
2.530470000000000000e+05
2.455790000000000000e+05
2.574410000000000000e+05
2.559000000000000000e+05
3.014640000000000000e+05
3.108790000000000000e+05
1.637330000000000000e+05
2.542810000000000000e+05
1.734350000000000000e+05
2.474250000000000000e+05
2.425210000000000000e+05
2.814490000000000000e+05
2.217230000000000000e+05
2.295610000000000000e+05
2.374760000000000000e+05
2.249560000000000000e+05
2.997230000000000000e+05
2.295210000000000000e+05
2.549100000000000000e+05
1.848290000000000000e+05
2.335180000000000000e+05
2.192650000000000000e+05
2.698140000000000000e+05
2.696770000000000000e+05
2.993970000000000000e+05
1.943720000000000000e+05
1.971590000000000000e+05
2.211430000000000000e+05
2.891080000000000000e+05
3.467490000000000000e+05
1.520520000000000000e+05
1.492750000000000000e+05
2.848210000000000000e+05
2.248690000000000000e+05
2.501270000000000000e+05
1.843210000000000000e+05
2.942270000000000000e+05
2.886390000000000000e+05
2.030520000000000000e+05
2.462800000000000000e+05
2.828760000000000000e+05
1.665190000000000000e+05
1.864760000000000000e+05
2.584630000000000000e+05
2.811510000000000000e+05
2.716260000000000000e+05
