2.688590000000000000e+05
1.458720000000000000e+05
2.901970000000000000e+05
1.587590000000000000e+05
9.172600000000000000e+04
2.486750000000000000e+05
1.325530000000000000e+05
1.422110000000000000e+05
8.110600000000000000e+04
1.897770000000000000e+05
1.859550000000000000e+05
2.085460000000000000e+05
2.359580000000000000e+05
2.132700000000000000e+05
2.395450000000000000e+05
2.853390000000000000e+05
1.921040000000000000e+05
2.682920000000000000e+05
1.925150000000000000e+05
2.715340000000000000e+05
2.618610000000000000e+05
3.055080000000000000e+05
1.827120000000000000e+05
2.386100000000000000e+05
2.711010000000000000e+05
2.480510000000000000e+05
1.695340000000000000e+05
2.736690000000000000e+05
2.475540000000000000e+05
2.451210000000000000e+05
2.247810000000000000e+05
2.694290000000000000e+05
1.385730000000000000e+05
2.209100000000000000e+05
2.549080000000000000e+05
1.428810000000000000e+05
1.511720000000000000e+05
2.803340000000000000e+05
1.678490000000000000e+05
2.048120000000000000e+05
2.489360000000000000e+05
1.624050000000000000e+05
1.670300000000000000e+05
2.613830000000000000e+05
2.772680000000000000e+05
3.133250000000000000e+05
1.738000000000000000e+05
1.682450000000000000e+05
2.012390000000000000e+05
2.674330000000000000e+05
