2.260520000000000000e+05
2.055600000000000000e+05
1.690740000000000000e+05
2.610340000000000000e+05
1.870280000000000000e+05
1.620950000000000000e+05
9.077800000000000000e+04
2.419140000000000000e+05
1.491110000000000000e+05
1.614340000000000000e+05
9.866300000000000000e+04
1.993200000000000000e+05
1.384330000000000000e+05
1.604560000000000000e+05
1.659620000000000000e+05
1.139330000000000000e+05
1.419780000000000000e+05
1.187610000000000000e+05
1.115020000000000000e+05
1.433210000000000000e+05
2.113300000000000000e+05
1.860400000000000000e+05
4.467000000000000000e+04
1.682580000000000000e+05
2.027950000000000000e+05
1.073660000000000000e+05
7.826200000000000000e+04
2.893980000000000000e+05
1.777000000000000000e+05
1.249560000000000000e+05
9.138300000000000000e+04
1.353450000000000000e+05
1.755280000000000000e+05
2.710940000000000000e+05
1.202230000000000000e+05
2.477450000000000000e+05
2.255850000000000000e+05
1.634150000000000000e+05
1.685870000000000000e+05
2.183070000000000000e+05
1.454910000000000000e+05
2.783850000000000000e+05
2.552600000000000000e+05
1.813060000000000000e+05
1.894070000000000000e+05
8.686800000000000000e+04
1.137530000000000000e+05
2.151380000000000000e+05
1.570080000000000000e+05
2.481460000000000000e+05
