3.164000000000000000e+04
3.495600000000000000e+04
4.654800000000000000e+04
3.130200000000000000e+04
3.397200000000000000e+04
3.485100000000000000e+04
2.729600000000000000e+04
3.602300000000000000e+04
3.178800000000000000e+04
4.319300000000000000e+04
4.415500000000000000e+04
3.539500000000000000e+04
3.517000000000000000e+04
4.332000000000000000e+04
3.598200000000000000e+04
2.967000000000000000e+04
3.684100000000000000e+04
3.426200000000000000e+04
4.231500000000000000e+04
1.923700000000000000e+04
4.241700000000000000e+04
4.241900000000000000e+04
3.741700000000000000e+04
2.613100000000000000e+04
2.548400000000000000e+04
3.236800000000000000e+04
2.991300000000000000e+04
3.792400000000000000e+04
2.479500000000000000e+04
2.886800000000000000e+04
4.074500000000000000e+04
3.389500000000000000e+04
3.418200000000000000e+04
1.864800000000000000e+04
2.729300000000000000e+04
3.670900000000000000e+04
4.133200000000000000e+04
4.944800000000000000e+04
3.617200000000000000e+04
3.226400000000000000e+04
3.318900000000000000e+04
3.174500000000000000e+04
3.693500000000000000e+04
5.285000000000000000e+04
5.175100000000000000e+04
2.615100000000000000e+04
4.258400000000000000e+04
4.771600000000000000e+04
2.439900000000000000e+04
4.527800000000000000e+04
