1.785300000000000000e+04
2.441700000000000000e+04
1.788500000000000000e+04
3.033000000000000000e+04
2.515700000000000000e+04
1.907400000000000000e+04
1.719100000000000000e+04
2.862200000000000000e+04
2.472800000000000000e+04
3.057300000000000000e+04
1.658800000000000000e+04
1.959500000000000000e+04
1.528500000000000000e+04
2.043100000000000000e+04
1.783100000000000000e+04
2.653700000000000000e+04
1.623000000000000000e+04
8.090000000000000000e+03
1.417000000000000000e+04
2.036200000000000000e+04
2.161100000000000000e+04
2.643300000000000000e+04
6.365000000000000000e+03
1.731300000000000000e+04
1.605200000000000000e+04
1.203800000000000000e+04
7.067000000000000000e+03
2.534400000000000000e+04
2.034900000000000000e+04
2.372800000000000000e+04
1.535800000000000000e+04
2.189200000000000000e+04
2.203300000000000000e+04
3.647000000000000000e+04
2.223800000000000000e+04
2.487900000000000000e+04
2.895100000000000000e+04
2.387300000000000000e+04
1.668200000000000000e+04
3.243200000000000000e+04
1.675400000000000000e+04
2.954000000000000000e+04
3.078300000000000000e+04
2.641200000000000000e+04
1.651000000000000000e+04
1.311900000000000000e+04
1.347600000000000000e+04
1.859900000000000000e+04
2.796800000000000000e+04
2.973100000000000000e+04
