2.807600000000000000e+04
3.264800000000000000e+04
3.743300000000000000e+04
3.940800000000000000e+04
2.947600000000000000e+04
3.763400000000000000e+04
3.434800000000000000e+04
2.628400000000000000e+04
3.588400000000000000e+04
4.204500000000000000e+04
3.219800000000000000e+04
3.163500000000000000e+04
3.206300000000000000e+04
2.757600000000000000e+04
1.890800000000000000e+04
2.136700000000000000e+04
3.739500000000000000e+04
3.512300000000000000e+04
2.046000000000000000e+04
1.263500000000000000e+04
3.016000000000000000e+04
3.075600000000000000e+04
2.301600000000000000e+04
2.337600000000000000e+04
3.433500000000000000e+04
2.210800000000000000e+04
1.877300000000000000e+04
2.561600000000000000e+04
3.143000000000000000e+04
1.621700000000000000e+04
2.054900000000000000e+04
2.068300000000000000e+04
2.288500000000000000e+04
3.026100000000000000e+04
9.908000000000000000e+03
2.455900000000000000e+04
1.646200000000000000e+04
2.033600000000000000e+04
3.008000000000000000e+04
2.291600000000000000e+04
3.488100000000000000e+04
2.735500000000000000e+04
1.702200000000000000e+04
2.318200000000000000e+04
2.160500000000000000e+04
2.450400000000000000e+04
3.148800000000000000e+04
3.469100000000000000e+04
1.638800000000000000e+04
3.404000000000000000e+04
