8.447000000000000000e+03
1.066000000000000000e+04
6.253000000000000000e+03
5.645000000000000000e+03
4.593000000000000000e+03
1.030100000000000000e+04
1.173000000000000000e+04
6.158000000000000000e+03
5.608000000000000000e+03
1.048500000000000000e+04
3.713000000000000000e+03
6.683000000000000000e+03
8.453000000000000000e+03
8.882000000000000000e+03
8.710000000000000000e+03
6.184000000000000000e+03
1.083700000000000000e+04
4.877000000000000000e+03
3.728000000000000000e+03
8.013000000000000000e+03
1.703000000000000000e+03
9.737000000000000000e+03
1.073600000000000000e+04
9.643000000000000000e+03
1.691800000000000000e+04
6.285000000000000000e+03
1.100400000000000000e+04
1.129100000000000000e+04
4.527000000000000000e+03
1.288600000000000000e+04
1.026700000000000000e+04
4.743000000000000000e+03
8.285000000000000000e+03
1.896000000000000000e+03
4.247000000000000000e+03
7.106000000000000000e+03
7.876000000000000000e+03
9.487000000000000000e+03
7.062000000000000000e+03
3.028000000000000000e+03
1.290300000000000000e+04
6.434000000000000000e+03
1.334000000000000000e+03
6.127000000000000000e+03
5.407000000000000000e+03
4.331000000000000000e+03
1.069500000000000000e+04
8.269000000000000000e+03
6.307000000000000000e+03
9.405000000000000000e+03
