8.886000000000000000e+03
5.518000000000000000e+03
1.073500000000000000e+04
7.303000000000000000e+03
1.165400000000000000e+04
2.319600000000000000e+04
8.306000000000000000e+03
1.590500000000000000e+04
1.076800000000000000e+04
1.041200000000000000e+04
1.602000000000000000e+04
1.114300000000000000e+04
8.335000000000000000e+03
1.550300000000000000e+04
7.802000000000000000e+03
1.532000000000000000e+04
8.637000000000000000e+03
1.336200000000000000e+04
6.253000000000000000e+03
6.081000000000000000e+03
9.529000000000000000e+03
9.602000000000000000e+03
1.753900000000000000e+04
1.242600000000000000e+04
1.036400000000000000e+04
1.661100000000000000e+04
8.341000000000000000e+03
1.637000000000000000e+04
1.376900000000000000e+04
1.996100000000000000e+04
1.513700000000000000e+04
7.163000000000000000e+03
8.487000000000000000e+03
1.639800000000000000e+04
1.557700000000000000e+04
8.699000000000000000e+03
2.146400000000000000e+04
7.405000000000000000e+03
5.082000000000000000e+03
1.640600000000000000e+04
8.784000000000000000e+03
1.237700000000000000e+04
1.182100000000000000e+04
1.759300000000000000e+04
1.456000000000000000e+04
1.717500000000000000e+04
1.182400000000000000e+04
1.711300000000000000e+04
2.434400000000000000e+04
1.130500000000000000e+04
