5.602000000000000000e+03
8.874000000000000000e+03
2.007000000000000000e+03
2.942000000000000000e+03
4.776000000000000000e+03
7.343000000000000000e+03
3.446000000000000000e+03
2.090000000000000000e+03
7.151000000000000000e+03
3.492000000000000000e+03
2.532000000000000000e+03
3.432000000000000000e+03
3.499000000000000000e+03
6.300000000000000000e+01
7.375000000000000000e+03
2.230000000000000000e+03
2.942000000000000000e+03
1.444000000000000000e+03
1.969000000000000000e+03
5.016000000000000000e+03
8.874000000000000000e+03
1.930000000000000000e+02
2.357000000000000000e+03
5.093000000000000000e+03
4.896000000000000000e+03
5.802000000000000000e+03
4.662000000000000000e+03
2.877000000000000000e+03
5.754000000000000000e+03
3.263000000000000000e+03
1.851000000000000000e+03
6.186000000000000000e+03
2.489000000000000000e+03
5.054000000000000000e+03
2.536000000000000000e+03
1.510000000000000000e+02
1.566000000000000000e+03
3.717000000000000000e+03
4.575000000000000000e+03
8.589000000000000000e+03
4.820000000000000000e+03
3.688000000000000000e+03
3.574000000000000000e+03
1.180000000000000000e+03
4.197000000000000000e+03
5.778000000000000000e+03
3.694000000000000000e+03
6.569000000000000000e+03
3.747000000000000000e+03
6.300000000000000000e+03
