1.262100000000000000e+04
1.028900000000000000e+04
1.096500000000000000e+04
3.100000000000000000e+03
1.985200000000000000e+04
8.249000000000000000e+03
1.800100000000000000e+04
5.523000000000000000e+03
1.060200000000000000e+04
6.063000000000000000e+03
4.540000000000000000e+03
1.925600000000000000e+04
7.763000000000000000e+03
3.878000000000000000e+03
1.519400000000000000e+04
4.093000000000000000e+03
1.523000000000000000e+04
4.348000000000000000e+03
9.154000000000000000e+03
7.507000000000000000e+03
9.772000000000000000e+03
8.395000000000000000e+03
5.369000000000000000e+03
7.101000000000000000e+03
2.164900000000000000e+04
1.578900000000000000e+04
7.200000000000000000e+03
4.182000000000000000e+03
1.379700000000000000e+04
8.598000000000000000e+03
4.057000000000000000e+03
8.754000000000000000e+03
4.958000000000000000e+03
3.697000000000000000e+03
5.702000000000000000e+03
2.825000000000000000e+03
9.832000000000000000e+03
1.328700000000000000e+04
3.684000000000000000e+03
7.412000000000000000e+03
4.736000000000000000e+03
6.419000000000000000e+03
4.972000000000000000e+03
8.141000000000000000e+03
7.133000000000000000e+03
2.503000000000000000e+03
9.236000000000000000e+03
1.302000000000000000e+04
7.991000000000000000e+03
1.018200000000000000e+04
