2.450700000000000000e+04
2.407900000000000000e+04
3.590100000000000000e+04
2.465600000000000000e+04
2.761500000000000000e+04
2.638000000000000000e+04
1.933700000000000000e+04
3.018200000000000000e+04
2.581200000000000000e+04
3.898500000000000000e+04
3.411700000000000000e+04
2.701000000000000000e+04
2.174900000000000000e+04
1.941400000000000000e+04
1.947900000000000000e+04
1.620100000000000000e+04
2.196300000000000000e+04
2.123000000000000000e+04
1.378800000000000000e+04
1.965000000000000000e+04
3.240000000000000000e+04
3.059700000000000000e+04
1.962900000000000000e+04
2.780900000000000000e+04
2.568300000000000000e+04
9.644000000000000000e+03
1.662200000000000000e+04
2.801600000000000000e+04
3.059900000000000000e+04
1.989000000000000000e+04
1.964000000000000000e+04
2.355800000000000000e+04
2.430600000000000000e+04
3.575200000000000000e+04
2.281400000000000000e+04
2.403000000000000000e+04
1.496200000000000000e+04
2.242400000000000000e+04
2.908500000000000000e+04
2.042900000000000000e+04
2.774700000000000000e+04
3.467200000000000000e+04
1.518400000000000000e+04
2.455200000000000000e+04
2.351300000000000000e+04
1.871600000000000000e+04
2.444800000000000000e+04
3.068500000000000000e+04
1.553600000000000000e+04
3.035000000000000000e+04
