2.870700000000000000e+04
2.226700000000000000e+04
4.912700000000000000e+04
2.234100000000000000e+04
3.632600000000000000e+04
3.838300000000000000e+04
3.105900000000000000e+04
2.939400000000000000e+04
5.126600000000000000e+04
5.132000000000000000e+04
2.904100000000000000e+04
3.475700000000000000e+04
2.597400000000000000e+04
3.450500000000000000e+04
3.619800000000000000e+04
2.468000000000000000e+04
2.023400000000000000e+04
3.175400000000000000e+04
2.885500000000000000e+04
3.793800000000000000e+04
4.075800000000000000e+04
4.219100000000000000e+04
3.131500000000000000e+04
3.787300000000000000e+04
2.731500000000000000e+04
2.455100000000000000e+04
3.381800000000000000e+04
5.814800000000000000e+04
3.839000000000000000e+04
2.462500000000000000e+04
2.974100000000000000e+04
3.238600000000000000e+04
3.182400000000000000e+04
4.700600000000000000e+04
2.246100000000000000e+04
2.130400000000000000e+04
3.182800000000000000e+04
3.514900000000000000e+04
3.971400000000000000e+04
2.653200000000000000e+04
3.408500000000000000e+04
3.740100000000000000e+04
2.236700000000000000e+04
2.990400000000000000e+04
3.497800000000000000e+04
2.098200000000000000e+04
3.214600000000000000e+04
3.795700000000000000e+04
3.092800000000000000e+04
2.963200000000000000e+04
