2.702900000000000000e+04
1.523700000000000000e+04
3.327300000000000000e+04
2.295700000000000000e+04
2.648600000000000000e+04
2.230100000000000000e+04
2.009600000000000000e+04
2.619700000000000000e+04
1.258500000000000000e+04
2.849100000000000000e+04
2.431700000000000000e+04
2.042400000000000000e+04
3.539700000000000000e+04
1.889900000000000000e+04
3.546600000000000000e+04
2.893800000000000000e+04
2.056700000000000000e+04
4.068800000000000000e+04
2.631500000000000000e+04
2.932600000000000000e+04
3.232300000000000000e+04
3.950400000000000000e+04
2.581500000000000000e+04
3.524200000000000000e+04
3.192100000000000000e+04
3.577400000000000000e+04
2.164100000000000000e+04
3.116300000000000000e+04
3.348800000000000000e+04
3.080700000000000000e+04
2.797900000000000000e+04
2.527900000000000000e+04
2.284100000000000000e+04
2.393800000000000000e+04
3.534900000000000000e+04
1.691400000000000000e+04
2.678100000000000000e+04
2.750000000000000000e+04
2.693700000000000000e+04
2.292800000000000000e+04
2.164800000000000000e+04
2.296300000000000000e+04
2.297100000000000000e+04
3.846800000000000000e+04
3.539700000000000000e+04
3.977500000000000000e+04
3.280500000000000000e+04
1.970100000000000000e+04
3.295000000000000000e+04
3.189300000000000000e+04
