1.456700000000000000e+04
1.103600000000000000e+04
1.877800000000000000e+04
1.136200000000000000e+04
1.237700000000000000e+04
2.366900000000000000e+04
6.120000000000000000e+03
1.674500000000000000e+04
1.080600000000000000e+04
1.742500000000000000e+04
1.061400000000000000e+04
1.269300000000000000e+04
2.313600000000000000e+04
1.092200000000000000e+04
1.088300000000000000e+04
1.648500000000000000e+04
1.537100000000000000e+04
7.528000000000000000e+03
1.092800000000000000e+04
8.997000000000000000e+03
1.183000000000000000e+04
1.345500000000000000e+04
1.032100000000000000e+04
1.616700000000000000e+04
9.418000000000000000e+03
2.846700000000000000e+04
5.397000000000000000e+03
1.290700000000000000e+04
1.073300000000000000e+04
4.960000000000000000e+03
1.833600000000000000e+04
1.170500000000000000e+04
1.555800000000000000e+04
1.173600000000000000e+04
1.355300000000000000e+04
6.085000000000000000e+03
2.327000000000000000e+04
1.770500000000000000e+04
1.477600000000000000e+04
1.275500000000000000e+04
1.430600000000000000e+04
1.385900000000000000e+04
1.756200000000000000e+04
1.325600000000000000e+04
1.270500000000000000e+04
1.092900000000000000e+04
1.607200000000000000e+04
1.999100000000000000e+04
2.281200000000000000e+04
1.372200000000000000e+04
