5.230000000000000000e+03
9.175000000000000000e+03
1.270700000000000000e+04
7.557000000000000000e+03
4.826000000000000000e+03
6.384000000000000000e+03
1.489000000000000000e+03
6.962000000000000000e+03
9.477000000000000000e+03
9.012000000000000000e+03
1.756900000000000000e+04
1.006900000000000000e+04
4.657000000000000000e+03
1.096700000000000000e+04
2.371000000000000000e+03
5.977000000000000000e+03
6.154000000000000000e+03
5.669000000000000000e+03
1.224000000000000000e+03
3.919000000000000000e+03
1.282000000000000000e+04
2.493000000000000000e+03
7.957000000000000000e+03
8.500000000000000000e+03
1.119200000000000000e+04
9.668000000000000000e+03
9.708000000000000000e+03
8.216000000000000000e+03
1.280700000000000000e+04
5.060000000000000000e+03
3.562000000000000000e+03
8.317000000000000000e+03
3.801000000000000000e+03
1.947000000000000000e+03
9.257000000000000000e+03
1.039900000000000000e+04
3.745000000000000000e+03
7.613000000000000000e+03
7.932000000000000000e+03
8.037000000000000000e+03
7.039000000000000000e+03
6.578000000000000000e+03
9.767000000000000000e+03
1.181700000000000000e+04
5.712000000000000000e+03
9.040000000000000000e+03
5.677000000000000000e+03
1.134000000000000000e+03
1.034000000000000000e+04
3.783000000000000000e+03
