3.564000000000000000e+04
4.269400000000000000e+04
3.114700000000000000e+04
2.658800000000000000e+04
3.235000000000000000e+04
3.387300000000000000e+04
4.684000000000000000e+04
2.819500000000000000e+04
4.497000000000000000e+04
3.315800000000000000e+04
3.677000000000000000e+04
3.257200000000000000e+04
3.839300000000000000e+04
2.750500000000000000e+04
3.291700000000000000e+04
4.446800000000000000e+04
3.911700000000000000e+04
3.702700000000000000e+04
3.542400000000000000e+04
3.674800000000000000e+04
3.515000000000000000e+04
3.528400000000000000e+04
1.837500000000000000e+04
2.880200000000000000e+04
3.766400000000000000e+04
3.540100000000000000e+04
2.401500000000000000e+04
3.310300000000000000e+04
3.085100000000000000e+04
2.830300000000000000e+04
3.366400000000000000e+04
2.803400000000000000e+04
3.601600000000000000e+04
3.356700000000000000e+04
4.704700000000000000e+04
2.899900000000000000e+04
4.125900000000000000e+04
3.428800000000000000e+04
2.262000000000000000e+04
4.001700000000000000e+04
3.714900000000000000e+04
3.393700000000000000e+04
3.497600000000000000e+04
2.468100000000000000e+04
3.176600000000000000e+04
4.101100000000000000e+04
4.058600000000000000e+04
3.351300000000000000e+04
2.971500000000000000e+04
4.433600000000000000e+04
