1.952660000000000000e+05
1.752240000000000000e+05
1.650770000000000000e+05
1.730190000000000000e+05
1.731010000000000000e+05
1.780300000000000000e+05
1.902160000000000000e+05
1.719340000000000000e+05
1.789710000000000000e+05
1.837130000000000000e+05
1.703070000000000000e+05
1.768390000000000000e+05
1.636850000000000000e+05
1.841080000000000000e+05
1.726930000000000000e+05
1.796380000000000000e+05
1.579160000000000000e+05
1.709990000000000000e+05
1.669140000000000000e+05
1.685420000000000000e+05
1.493050000000000000e+05
1.822430000000000000e+05
1.735650000000000000e+05
1.573990000000000000e+05
1.823540000000000000e+05
1.702980000000000000e+05
2.011810000000000000e+05
1.658010000000000000e+05
1.759110000000000000e+05
1.749710000000000000e+05
1.750240000000000000e+05
1.693630000000000000e+05
1.728310000000000000e+05
1.684440000000000000e+05
1.592840000000000000e+05
2.019220000000000000e+05
1.847350000000000000e+05
1.749380000000000000e+05
1.731010000000000000e+05
1.713390000000000000e+05
1.734140000000000000e+05
1.751780000000000000e+05
1.668170000000000000e+05
1.774950000000000000e+05
1.588860000000000000e+05
1.641530000000000000e+05
1.724530000000000000e+05
1.662530000000000000e+05
1.712670000000000000e+05
1.747840000000000000e+05
