8.514100000000000000e+04
1.037410000000000000e+05
8.712000000000000000e+04
9.822300000000000000e+04
9.521100000000000000e+04
1.116880000000000000e+05
9.747200000000000000e+04
9.320700000000000000e+04
9.746300000000000000e+04
9.037700000000000000e+04
9.664000000000000000e+04
8.502400000000000000e+04
9.038900000000000000e+04
9.212400000000000000e+04
9.496900000000000000e+04
1.117720000000000000e+05
8.885400000000000000e+04
9.953000000000000000e+04
9.777300000000000000e+04
9.043400000000000000e+04
9.481200000000000000e+04
9.552700000000000000e+04
8.283200000000000000e+04
9.562000000000000000e+04
8.430700000000000000e+04
9.987000000000000000e+04
9.118500000000000000e+04
8.027200000000000000e+04
8.234300000000000000e+04
9.783200000000000000e+04
9.288700000000000000e+04
1.058020000000000000e+05
9.448700000000000000e+04
9.531600000000000000e+04
9.348100000000000000e+04
9.480200000000000000e+04
8.598200000000000000e+04
1.096470000000000000e+05
9.013200000000000000e+04
9.055900000000000000e+04
9.832800000000000000e+04
8.803700000000000000e+04
8.757600000000000000e+04
9.781300000000000000e+04
8.683100000000000000e+04
9.244600000000000000e+04
9.672400000000000000e+04
9.391700000000000000e+04
1.014030000000000000e+05
8.878900000000000000e+04
