5.259730000000000000e+05
5.259730000000000000e+05
5.259730000000000000e+05
5.259730000000000000e+05
5.259730000000000000e+05
5.259730000000000000e+05
5.259730000000000000e+05
5.259730000000000000e+05
5.259730000000000000e+05
5.259730000000000000e+05
5.259730000000000000e+05
5.259730000000000000e+05
5.259730000000000000e+05
5.259730000000000000e+05
5.259730000000000000e+05
5.259730000000000000e+05
5.259730000000000000e+05
5.259730000000000000e+05
5.259730000000000000e+05
5.259730000000000000e+05
5.259730000000000000e+05
5.259730000000000000e+05
5.259730000000000000e+05
5.259730000000000000e+05
5.259730000000000000e+05
5.259730000000000000e+05
5.259730000000000000e+05
5.259730000000000000e+05
5.259730000000000000e+05
5.259730000000000000e+05
5.259730000000000000e+05
5.259730000000000000e+05
5.259730000000000000e+05
5.259730000000000000e+05
5.259730000000000000e+05
5.259730000000000000e+05
5.259730000000000000e+05
5.259730000000000000e+05
5.259730000000000000e+05
5.259730000000000000e+05
5.259730000000000000e+05
5.259730000000000000e+05
5.259730000000000000e+05
5.259730000000000000e+05
5.259730000000000000e+05
5.259730000000000000e+05
5.259730000000000000e+05
5.259730000000000000e+05
5.259730000000000000e+05
5.259730000000000000e+05
