3.481800000000000000e+05
3.481800000000000000e+05
3.481800000000000000e+05
3.481800000000000000e+05
3.481800000000000000e+05
3.481800000000000000e+05
3.481800000000000000e+05
3.481800000000000000e+05
3.481800000000000000e+05
3.481800000000000000e+05
3.481800000000000000e+05
3.481800000000000000e+05
3.481800000000000000e+05
3.481800000000000000e+05
3.481800000000000000e+05
3.481800000000000000e+05
3.481800000000000000e+05
3.481800000000000000e+05
3.481800000000000000e+05
3.481800000000000000e+05
3.481800000000000000e+05
3.481800000000000000e+05
3.481800000000000000e+05
3.481800000000000000e+05
3.481800000000000000e+05
3.481800000000000000e+05
3.481800000000000000e+05
3.481800000000000000e+05
3.481800000000000000e+05
3.481800000000000000e+05
3.481800000000000000e+05
3.481800000000000000e+05
3.481800000000000000e+05
3.481800000000000000e+05
3.481800000000000000e+05
3.481800000000000000e+05
3.481800000000000000e+05
3.481800000000000000e+05
3.481800000000000000e+05
3.481800000000000000e+05
3.481800000000000000e+05
3.481800000000000000e+05
3.481800000000000000e+05
3.481800000000000000e+05
3.481800000000000000e+05
3.481800000000000000e+05
3.481800000000000000e+05
3.481800000000000000e+05
3.481800000000000000e+05
3.481800000000000000e+05
