4.933900000000000000e+05
4.541280000000000000e+05
4.768580000000000000e+05
4.899440000000000000e+05
5.445750000000000000e+05
5.676300000000000000e+05
5.002950000000000000e+05
4.793650000000000000e+05
4.890120000000000000e+05
4.550220000000000000e+05
5.104440000000000000e+05
4.496670000000000000e+05
4.619440000000000000e+05
5.302970000000000000e+05
4.573780000000000000e+05
4.000600000000000000e+05
4.612700000000000000e+05
5.119220000000000000e+05
4.788350000000000000e+05
1.574080000000000000e+05
5.351650000000000000e+05
4.891640000000000000e+05
5.194560000000000000e+05
4.523740000000000000e+05
5.463980000000000000e+05
4.382110000000000000e+05
5.092080000000000000e+05
5.139410000000000000e+05
4.840110000000000000e+05
5.047860000000000000e+05
5.294320000000000000e+05
4.462480000000000000e+05
5.447890000000000000e+05
4.870770000000000000e+05
5.331110000000000000e+05
4.868200000000000000e+05
4.841520000000000000e+05
4.268950000000000000e+05
5.577930000000000000e+05
4.770520000000000000e+05
4.652210000000000000e+05
5.334260000000000000e+05
4.265560000000000000e+05
4.619430000000000000e+05
5.314630000000000000e+05
4.594750000000000000e+05
5.070540000000000000e+05
4.633940000000000000e+05
4.966350000000000000e+05
5.050480000000000000e+05
