4.653050000000000000e+05
4.235760000000000000e+05
3.998520000000000000e+05
4.578440000000000000e+05
4.843580000000000000e+05
5.834930000000000000e+05
5.339960000000000000e+05
4.363470000000000000e+05
5.322600000000000000e+05
5.045310000000000000e+05
4.068490000000000000e+05
5.011590000000000000e+05
4.816290000000000000e+05
4.764170000000000000e+05
4.815270000000000000e+05
5.149840000000000000e+05
4.088120000000000000e+05
4.243830000000000000e+05
4.146450000000000000e+05
4.055180000000000000e+05
5.153570000000000000e+05
4.200360000000000000e+05
5.141490000000000000e+05
4.272730000000000000e+05
4.510100000000000000e+05
4.982530000000000000e+05
4.430210000000000000e+05
4.490560000000000000e+05
4.376820000000000000e+05
5.440410000000000000e+05
4.904340000000000000e+05
4.869760000000000000e+05
4.460350000000000000e+05
5.228760000000000000e+05
4.570480000000000000e+05
5.435530000000000000e+05
4.836980000000000000e+05
4.373580000000000000e+05
5.340160000000000000e+05
4.879030000000000000e+05
4.591500000000000000e+05
5.271820000000000000e+05
4.936340000000000000e+05
5.268680000000000000e+05
4.521510000000000000e+05
5.021130000000000000e+05
4.943950000000000000e+05
4.492920000000000000e+05
4.889360000000000000e+05
4.676030000000000000e+05
