2.659850000000000000e+05
3.607640000000000000e+05
1.249600000000000000e+05
9.935200000000000000e+04
3.422270000000000000e+05
2.921800000000000000e+05
7.508300000000000000e+04
2.858320000000000000e+05
4.456020000000000000e+05
3.737470000000000000e+05
1.755910000000000000e+05
3.118570000000000000e+05
3.099850000000000000e+05
2.621060000000000000e+05
1.838110000000000000e+05
2.198750000000000000e+05
3.764370000000000000e+05
3.649300000000000000e+05
4.377890000000000000e+05
3.818380000000000000e+05
3.161000000000000000e+05
4.317040000000000000e+05
2.166970000000000000e+05
3.786110000000000000e+05
1.869130000000000000e+05
1.700470000000000000e+05
2.457390000000000000e+05
2.150710000000000000e+05
2.941380000000000000e+05
4.013090000000000000e+05
3.195250000000000000e+05
1.491710000000000000e+05
3.452890000000000000e+05
2.752450000000000000e+05
4.109100000000000000e+05
3.454970000000000000e+05
2.615070000000000000e+05
3.925600000000000000e+05
3.035540000000000000e+05
2.825700000000000000e+05
1.095820000000000000e+05
1.832300000000000000e+05
3.822630000000000000e+05
8.935200000000000000e+04
3.289740000000000000e+05
3.369430000000000000e+05
9.830600000000000000e+04
3.867270000000000000e+05
2.634620000000000000e+05
4.147630000000000000e+05
