3.593750000000000000e+05
2.822090000000000000e+05
3.689070000000000000e+05
2.913980000000000000e+05
3.679200000000000000e+05
3.939070000000000000e+05
3.787440000000000000e+05
3.942090000000000000e+05
3.371470000000000000e+05
3.264020000000000000e+05
3.288750000000000000e+05
3.949460000000000000e+05
3.596190000000000000e+05
3.323520000000000000e+05
3.052600000000000000e+05
2.929890000000000000e+05
4.431540000000000000e+05
2.866960000000000000e+05
3.779060000000000000e+05
3.775610000000000000e+05
4.010010000000000000e+05
2.780440000000000000e+05
3.497290000000000000e+05
3.493550000000000000e+05
3.769590000000000000e+05
3.976980000000000000e+05
4.039920000000000000e+05
2.716150000000000000e+05
4.913170000000000000e+05
4.521130000000000000e+05
3.574570000000000000e+05
2.737120000000000000e+05
2.685720000000000000e+05
2.348480000000000000e+05
4.617760000000000000e+05
3.177650000000000000e+05
2.811740000000000000e+05
4.938260000000000000e+05
3.668890000000000000e+05
3.425110000000000000e+05
4.185810000000000000e+05
3.497490000000000000e+05
2.716040000000000000e+05
2.944360000000000000e+05
3.540160000000000000e+05
4.980920000000000000e+05
3.852250000000000000e+05
3.927610000000000000e+05
3.524850000000000000e+05
3.517620000000000000e+05
