4.296400000000000000e+05
3.155370000000000000e+05
4.615760000000000000e+05
4.771420000000000000e+05
4.485900000000000000e+05
5.080810000000000000e+05
4.493360000000000000e+05
4.437620000000000000e+05
4.916710000000000000e+05
4.066580000000000000e+05
4.310670000000000000e+05
1.388030000000000000e+05
4.098190000000000000e+05
3.539160000000000000e+05
4.193220000000000000e+05
4.224830000000000000e+05
4.618860000000000000e+05
4.778800000000000000e+05
4.036580000000000000e+05
4.339890000000000000e+05
4.381070000000000000e+05
4.316300000000000000e+05
4.154090000000000000e+05
3.788520000000000000e+05
3.821360000000000000e+05
3.840360000000000000e+05
4.090570000000000000e+05
4.195810000000000000e+05
4.196140000000000000e+05
4.224850000000000000e+05
4.298250000000000000e+05
4.675040000000000000e+05
4.253690000000000000e+05
4.018500000000000000e+05
4.076290000000000000e+05
4.330370000000000000e+05
3.899240000000000000e+05
4.332930000000000000e+05
4.288180000000000000e+05
4.904100000000000000e+05
4.916920000000000000e+05
3.427240000000000000e+05
3.767330000000000000e+05
4.896490000000000000e+05
4.436720000000000000e+05
3.863430000000000000e+05
4.068780000000000000e+05
4.167690000000000000e+05
4.988340000000000000e+05
4.323060000000000000e+05
