3.442380000000000000e+05
2.816620000000000000e+05
3.917340000000000000e+05
2.776760000000000000e+05
3.472870000000000000e+05
2.341600000000000000e+05
2.700930000000000000e+05
3.193650000000000000e+05
3.215560000000000000e+05
3.414210000000000000e+05
3.520630000000000000e+05
3.161190000000000000e+05
2.670680000000000000e+05
3.816040000000000000e+05
3.789730000000000000e+05
3.587890000000000000e+05
3.962690000000000000e+05
2.596730000000000000e+05
3.468350000000000000e+05
5.721100000000000000e+04
3.474020000000000000e+05
2.616930000000000000e+05
3.126730000000000000e+05
3.319900000000000000e+05
3.267070000000000000e+05
3.763130000000000000e+05
3.120200000000000000e+05
2.394260000000000000e+05
3.132070000000000000e+05
3.387420000000000000e+05
3.704950000000000000e+05
3.486870000000000000e+05
4.053660000000000000e+05
3.231540000000000000e+05
3.413420000000000000e+05
2.581710000000000000e+05
3.236110000000000000e+05
2.921790000000000000e+05
3.860410000000000000e+05
3.794160000000000000e+05
2.462590000000000000e+05
3.637880000000000000e+05
3.988910000000000000e+05
4.523590000000000000e+05
4.018980000000000000e+05
3.848360000000000000e+05
3.241840000000000000e+05
1.947110000000000000e+05
3.713320000000000000e+05
3.046540000000000000e+05
