2.960900000000000000e+04
2.353730000000000000e+05
3.711000000000000000e+04
5.580400000000000000e+04
1.576500000000000000e+04
1.902220000000000000e+05
2.264630000000000000e+05
3.387200000000000000e+04
2.008400000000000000e+04
1.297760000000000000e+05
3.673800000000000000e+04
1.112750000000000000e+05
4.626900000000000000e+04
1.725080000000000000e+05
2.167200000000000000e+04
1.962400000000000000e+04
5.711600000000000000e+04
1.205730000000000000e+05
9.803100000000000000e+04
1.513090000000000000e+05
1.297700000000000000e+05
1.220770000000000000e+05
4.033800000000000000e+04
1.340940000000000000e+05
1.589720000000000000e+05
8.067300000000000000e+04
1.554890000000000000e+05
1.645660000000000000e+05
1.998330000000000000e+05
1.020950000000000000e+05
1.574390000000000000e+05
7.334200000000000000e+04
3.072600000000000000e+04
1.212530000000000000e+05
7.937900000000000000e+04
0.000000000000000000e+00
2.591900000000000000e+04
1.000540000000000000e+05
6.503100000000000000e+04
9.566300000000000000e+04
3.685300000000000000e+04
7.700800000000000000e+04
4.521400000000000000e+04
2.461500000000000000e+04
8.002900000000000000e+04
1.202470000000000000e+05
1.035940000000000000e+05
6.070600000000000000e+04
8.815300000000000000e+04
2.881300000000000000e+04
