4.630800000000000000e+05
4.853410000000000000e+05
4.801420000000000000e+05
4.909130000000000000e+05
4.640560000000000000e+05
4.661790000000000000e+05
4.933150000000000000e+05
4.433580000000000000e+05
4.810580000000000000e+05
5.015950000000000000e+05
4.840530000000000000e+05
5.090610000000000000e+05
4.398650000000000000e+05
3.868180000000000000e+05
4.654140000000000000e+05
3.864030000000000000e+05
3.576080000000000000e+05
4.373980000000000000e+05
5.045740000000000000e+05
4.864440000000000000e+05
4.518680000000000000e+05
3.647190000000000000e+05
4.962510000000000000e+05
5.448350000000000000e+05
4.284230000000000000e+05
4.615870000000000000e+05
3.350650000000000000e+05
4.792760000000000000e+05
4.693470000000000000e+05
4.926220000000000000e+05
5.395370000000000000e+05
4.670190000000000000e+05
5.403410000000000000e+05
4.981440000000000000e+05
5.235090000000000000e+05
5.558130000000000000e+05
4.270140000000000000e+05
4.521080000000000000e+05
4.368180000000000000e+05
4.820190000000000000e+05
5.015930000000000000e+05
5.269020000000000000e+05
4.193670000000000000e+05
4.489590000000000000e+05
4.539250000000000000e+05
5.181190000000000000e+05
4.904260000000000000e+05
4.518410000000000000e+05
4.428380000000000000e+05
4.911780000000000000e+05
