3.988250000000000000e+05
4.020480000000000000e+05
4.127040000000000000e+05
3.344880000000000000e+05
4.665260000000000000e+05
4.424010000000000000e+05
4.587190000000000000e+05
3.407990000000000000e+05
4.151210000000000000e+05
3.613530000000000000e+05
4.716500000000000000e+05
3.761310000000000000e+05
4.821090000000000000e+05
5.008880000000000000e+05
4.755900000000000000e+05
4.622190000000000000e+05
4.167770000000000000e+05
3.895570000000000000e+05
4.577910000000000000e+05
4.528360000000000000e+05
4.785510000000000000e+05
4.415790000000000000e+05
3.501170000000000000e+05
4.406320000000000000e+05
4.686300000000000000e+05
4.922880000000000000e+05
4.363570000000000000e+05
4.133220000000000000e+05
5.197850000000000000e+05
4.561500000000000000e+05
4.309030000000000000e+05
4.364800000000000000e+05
5.150930000000000000e+05
4.152750000000000000e+05
4.142230000000000000e+05
4.901420000000000000e+05
4.395760000000000000e+05
4.558950000000000000e+05
4.596790000000000000e+05
4.299730000000000000e+05
3.797050000000000000e+05
4.314570000000000000e+05
4.694160000000000000e+05
4.786020000000000000e+05
5.022670000000000000e+05
4.728460000000000000e+05
4.789030000000000000e+05
3.668040000000000000e+05
3.908360000000000000e+05
4.473630000000000000e+05
