3.418720000000000000e+05
2.885180000000000000e+05
3.548560000000000000e+05
1.183040000000000000e+05
3.132250000000000000e+05
3.228170000000000000e+05
4.201700000000000000e+05
3.528280000000000000e+05
2.866540000000000000e+05
3.588040000000000000e+05
4.082560000000000000e+05
3.327140000000000000e+05
2.061230000000000000e+05
2.816950000000000000e+05
3.362120000000000000e+05
2.419880000000000000e+05
4.216320000000000000e+05
2.947060000000000000e+05
2.620490000000000000e+05
4.495120000000000000e+05
3.481830000000000000e+05
1.919820000000000000e+05
3.224510000000000000e+05
2.969180000000000000e+05
3.237030000000000000e+05
2.942320000000000000e+05
3.326370000000000000e+05
2.294650000000000000e+05
3.230790000000000000e+05
3.855310000000000000e+05
3.535480000000000000e+05
2.794430000000000000e+05
3.825590000000000000e+05
3.556670000000000000e+05
3.727080000000000000e+05
3.910970000000000000e+05
2.143770000000000000e+05
3.551130000000000000e+05
1.221420000000000000e+05
3.616390000000000000e+05
2.025150000000000000e+05
3.249700000000000000e+05
3.531400000000000000e+05
1.545210000000000000e+05
1.646130000000000000e+05
4.119670000000000000e+05
1.883570000000000000e+05
1.662380000000000000e+05
3.509040000000000000e+05
3.947610000000000000e+05
