9.417000000000000000e+04
1.162010000000000000e+05
2.177980000000000000e+05
3.540000000000000000e+04
2.109920000000000000e+05
1.540200000000000000e+04
2.180540000000000000e+05
2.006270000000000000e+05
1.876870000000000000e+05
3.230430000000000000e+05
2.531390000000000000e+05
3.788610000000000000e+05
2.273000000000000000e+03
2.168940000000000000e+05
2.438720000000000000e+05
6.027500000000000000e+04
1.160160000000000000e+05
1.183500000000000000e+05
3.658260000000000000e+05
3.671850000000000000e+05
1.689810000000000000e+05
1.466850000000000000e+05
4.519600000000000000e+04
1.080560000000000000e+05
2.794160000000000000e+05
2.561240000000000000e+05
8.396700000000000000e+04
5.864700000000000000e+04
2.122200000000000000e+04
8.150900000000000000e+04
3.193100000000000000e+05
1.574080000000000000e+05
3.482350000000000000e+05
1.788710000000000000e+05
3.087170000000000000e+05
1.810650000000000000e+05
2.999320000000000000e+05
9.472800000000000000e+04
5.753900000000000000e+04
1.027170000000000000e+05
1.135300000000000000e+05
5.805600000000000000e+04
2.406880000000000000e+05
3.994100000000000000e+04
2.467390000000000000e+05
1.819590000000000000e+05
2.162320000000000000e+05
6.640300000000000000e+04
9.171900000000000000e+04
5.024600000000000000e+04
