3.873930000000000000e+05
3.601880000000000000e+05
4.502800000000000000e+05
4.302260000000000000e+05
4.963290000000000000e+05
4.470680000000000000e+05
4.756720000000000000e+05
4.621610000000000000e+05
4.029670000000000000e+05
4.668240000000000000e+05
3.481710000000000000e+05
4.716890000000000000e+05
4.789770000000000000e+05
4.029060000000000000e+05
4.367980000000000000e+05
4.514000000000000000e+05
4.874720000000000000e+05
4.416140000000000000e+05
4.717630000000000000e+05
4.402200000000000000e+05
4.382740000000000000e+05
4.546960000000000000e+05
2.995820000000000000e+05
4.001780000000000000e+05
4.240030000000000000e+05
4.535200000000000000e+05
4.223230000000000000e+05
4.719590000000000000e+05
3.754690000000000000e+05
3.631020000000000000e+05
4.640590000000000000e+05
4.300740000000000000e+05
4.205030000000000000e+05
4.008800000000000000e+05
4.558940000000000000e+05
4.467200000000000000e+05
3.073510000000000000e+05
4.812510000000000000e+05
4.782510000000000000e+05
4.201610000000000000e+05
4.583700000000000000e+05
4.335420000000000000e+05
5.414560000000000000e+05
4.962730000000000000e+05
3.846750000000000000e+05
4.368170000000000000e+05
4.055250000000000000e+05
4.243430000000000000e+05
4.905690000000000000e+05
4.540630000000000000e+05
