5.690790000000000000e+05
5.191010000000000000e+05
5.409970000000000000e+05
5.187950000000000000e+05
5.472690000000000000e+05
4.930870000000000000e+05
5.554230000000000000e+05
5.170750000000000000e+05
4.644540000000000000e+05
5.681880000000000000e+05
6.036750000000000000e+05
4.064810000000000000e+05
5.537650000000000000e+05
4.315640000000000000e+05
5.601490000000000000e+05
5.355300000000000000e+05
5.357890000000000000e+05
5.518310000000000000e+05
4.301440000000000000e+05
6.016950000000000000e+05
5.091770000000000000e+05
5.949790000000000000e+05
5.851630000000000000e+05
5.093980000000000000e+05
4.989910000000000000e+05
4.470840000000000000e+05
5.902330000000000000e+05
4.506620000000000000e+05
5.186570000000000000e+05
5.006480000000000000e+05
5.706820000000000000e+05
4.829100000000000000e+05
5.173580000000000000e+05
5.250780000000000000e+05
4.834830000000000000e+05
6.178870000000000000e+05
4.649900000000000000e+05
6.289370000000000000e+05
5.314870000000000000e+05
5.701900000000000000e+05
5.050450000000000000e+05
5.579970000000000000e+05
4.462680000000000000e+05
5.409920000000000000e+05
5.731530000000000000e+05
5.022430000000000000e+05
5.148770000000000000e+05
6.097400000000000000e+05
4.418290000000000000e+05
5.639810000000000000e+05
