5.911030000000000000e+05
5.826820000000000000e+05
4.844180000000000000e+05
5.905510000000000000e+05
5.791610000000000000e+05
5.317450000000000000e+05
6.664170000000000000e+05
4.943280000000000000e+05
5.459070000000000000e+05
5.778340000000000000e+05
5.239710000000000000e+05
6.368940000000000000e+05
6.239660000000000000e+05
6.447290000000000000e+05
5.985680000000000000e+05
5.923310000000000000e+05
6.743130000000000000e+05
5.726200000000000000e+05
6.300400000000000000e+05
6.346420000000000000e+05
6.326860000000000000e+05
5.879980000000000000e+05
5.965200000000000000e+05
5.918020000000000000e+05
5.552610000000000000e+05
5.703560000000000000e+05
5.930540000000000000e+05
5.992490000000000000e+05
5.962980000000000000e+05
5.089330000000000000e+05
6.099830000000000000e+05
6.570660000000000000e+05
5.495500000000000000e+05
5.569360000000000000e+05
6.335460000000000000e+05
6.776220000000000000e+05
5.924480000000000000e+05
7.417970000000000000e+05
5.465510000000000000e+05
6.431420000000000000e+05
6.257170000000000000e+05
5.830930000000000000e+05
6.302110000000000000e+05
5.378580000000000000e+05
5.847570000000000000e+05
6.454360000000000000e+05
5.337850000000000000e+05
5.998150000000000000e+05
5.751580000000000000e+05
6.369510000000000000e+05
