2.988530000000000000e+05
1.831240000000000000e+05
3.081580000000000000e+05
2.761250000000000000e+05
3.338920000000000000e+05
3.961350000000000000e+05
1.764430000000000000e+05
1.717840000000000000e+05
3.078180000000000000e+05
3.054860000000000000e+05
2.494870000000000000e+05
2.687660000000000000e+05
2.017700000000000000e+05
1.727610000000000000e+05
3.093780000000000000e+05
1.908340000000000000e+05
1.385810000000000000e+05
3.235540000000000000e+05
1.937200000000000000e+05
2.208860000000000000e+05
2.975700000000000000e+04
1.983120000000000000e+05
2.774620000000000000e+05
2.745320000000000000e+05
1.655860000000000000e+05
1.447930000000000000e+05
2.887320000000000000e+05
3.024700000000000000e+05
3.145590000000000000e+05
2.818730000000000000e+05
2.909840000000000000e+05
3.109510000000000000e+05
3.872720000000000000e+05
1.155480000000000000e+05
1.623330000000000000e+05
3.182250000000000000e+05
3.597150000000000000e+05
3.085700000000000000e+05
3.063150000000000000e+05
2.669000000000000000e+05
2.540770000000000000e+05
2.322870000000000000e+05
1.730100000000000000e+05
3.392890000000000000e+05
2.618480000000000000e+05
4.107110000000000000e+05
3.081730000000000000e+05
1.495930000000000000e+05
2.364800000000000000e+05
3.325940000000000000e+05
