3.797900000000000000e+05
2.676570000000000000e+05
3.370640000000000000e+05
3.498300000000000000e+05
4.475390000000000000e+05
4.186830000000000000e+05
4.103590000000000000e+05
3.743420000000000000e+05
4.315930000000000000e+05
3.888130000000000000e+05
3.560730000000000000e+05
2.562410000000000000e+05
4.891630000000000000e+05
2.660560000000000000e+05
3.298300000000000000e+05
3.769110000000000000e+05
2.063660000000000000e+05
3.924410000000000000e+05
3.467760000000000000e+05
3.483240000000000000e+05
9.675500000000000000e+04
4.043110000000000000e+05
3.871650000000000000e+05
3.608210000000000000e+05
4.208250000000000000e+05
2.890020000000000000e+05
3.492810000000000000e+05
3.611520000000000000e+05
3.180000000000000000e+05
3.803010000000000000e+05
2.816580000000000000e+05
3.693190000000000000e+05
3.858270000000000000e+05
1.762090000000000000e+05
2.636170000000000000e+05
3.293840000000000000e+05
5.199570000000000000e+05
3.196250000000000000e+05
2.641360000000000000e+05
3.559760000000000000e+05
4.395550000000000000e+05
2.909890000000000000e+05
1.397760000000000000e+05
3.041530000000000000e+05
2.530020000000000000e+05
3.740870000000000000e+05
3.751250000000000000e+05
1.097340000000000000e+05
3.054570000000000000e+05
4.349760000000000000e+05
