4.823630000000000000e+05
4.213840000000000000e+05
4.176490000000000000e+05
4.422760000000000000e+05
4.025000000000000000e+05
4.390640000000000000e+05
4.473180000000000000e+05
3.790790000000000000e+05
4.636220000000000000e+05
4.100260000000000000e+05
3.254460000000000000e+05
5.085320000000000000e+05
5.167140000000000000e+05
5.628450000000000000e+05
4.338670000000000000e+05
3.072860000000000000e+05
4.101700000000000000e+05
4.472260000000000000e+05
5.669400000000000000e+05
3.888820000000000000e+05
4.443980000000000000e+05
3.949650000000000000e+05
3.794550000000000000e+05
4.251520000000000000e+05
4.058910000000000000e+05
5.098900000000000000e+05
3.897660000000000000e+05
4.591630000000000000e+05
5.058980000000000000e+05
4.064240000000000000e+05
4.288790000000000000e+05
4.265050000000000000e+05
5.171090000000000000e+05
5.824520000000000000e+05
4.757560000000000000e+05
4.445140000000000000e+05
4.526340000000000000e+05
5.221690000000000000e+05
5.222710000000000000e+05
1.097340000000000000e+05
4.900930000000000000e+05
4.316690000000000000e+05
5.220590000000000000e+05
4.148640000000000000e+05
5.418680000000000000e+05
4.606010000000000000e+05
5.135860000000000000e+05
4.996330000000000000e+05
4.691870000000000000e+05
3.888360000000000000e+05
