4.108030000000000000e+05
4.860120000000000000e+05
4.432560000000000000e+05
4.734340000000000000e+05
3.449050000000000000e+05
4.659450000000000000e+05
4.895930000000000000e+05
5.356420000000000000e+05
3.565560000000000000e+05
4.903780000000000000e+05
4.543890000000000000e+05
4.548150000000000000e+05
5.038800000000000000e+05
5.837660000000000000e+05
4.548390000000000000e+05
3.227330000000000000e+05
3.658730000000000000e+05
3.845610000000000000e+05
4.324990000000000000e+05
4.006760000000000000e+05
5.164940000000000000e+05
3.723330000000000000e+05
4.611620000000000000e+05
4.428870000000000000e+05
5.292040000000000000e+05
5.343490000000000000e+05
4.515810000000000000e+05
4.132660000000000000e+05
4.375280000000000000e+05
4.934670000000000000e+05
5.078850000000000000e+05
4.743910000000000000e+05
4.224380000000000000e+05
4.962070000000000000e+05
5.230380000000000000e+05
5.014010000000000000e+05
4.291290000000000000e+05
4.479200000000000000e+05
3.695560000000000000e+05
4.553630000000000000e+05
4.056480000000000000e+05
3.492020000000000000e+05
4.945870000000000000e+05
5.073670000000000000e+05
3.136460000000000000e+05
4.459590000000000000e+05
3.564810000000000000e+05
4.418510000000000000e+05
5.727290000000000000e+05
4.276990000000000000e+05
