6.059610000000000000e+05
5.122650000000000000e+05
5.714320000000000000e+05
5.255580000000000000e+05
5.812680000000000000e+05
5.620840000000000000e+05
5.409340000000000000e+05
5.398880000000000000e+05
6.064930000000000000e+05
5.407450000000000000e+05
5.818750000000000000e+05
5.495090000000000000e+05
5.285810000000000000e+05
4.748450000000000000e+05
5.698990000000000000e+05
5.535680000000000000e+05
4.301000000000000000e+05
5.760190000000000000e+05
4.224940000000000000e+05
5.228490000000000000e+05
5.117910000000000000e+05
5.441700000000000000e+05
5.093920000000000000e+05
6.774730000000000000e+05
4.650140000000000000e+05
5.047650000000000000e+05
5.331710000000000000e+05
5.818770000000000000e+05
5.331840000000000000e+05
5.473750000000000000e+05
5.661970000000000000e+05
5.313550000000000000e+05
6.011090000000000000e+05
5.171200000000000000e+05
6.772660000000000000e+05
5.867790000000000000e+05
5.493290000000000000e+05
5.591550000000000000e+05
6.178390000000000000e+05
5.566840000000000000e+05
4.960900000000000000e+05
5.533830000000000000e+05
4.822930000000000000e+05
5.346910000000000000e+05
5.497080000000000000e+05
4.817560000000000000e+05
5.450930000000000000e+05
5.092000000000000000e+05
5.884120000000000000e+05
5.630180000000000000e+05
