5.060430000000000000e+05
5.476600000000000000e+05
4.823150000000000000e+05
5.198180000000000000e+05
5.310790000000000000e+05
4.977660000000000000e+05
5.359730000000000000e+05
4.697120000000000000e+05
4.810610000000000000e+05
5.116640000000000000e+05
4.124900000000000000e+05
4.817230000000000000e+05
5.286200000000000000e+05
5.466340000000000000e+05
5.357180000000000000e+05
4.960600000000000000e+05
5.169680000000000000e+05
5.230930000000000000e+05
3.891890000000000000e+05
4.107170000000000000e+05
5.169670000000000000e+05
4.209770000000000000e+05
5.486030000000000000e+05
4.877640000000000000e+05
5.417180000000000000e+05
4.691130000000000000e+05
5.761600000000000000e+05
5.409500000000000000e+05
4.259050000000000000e+05
4.651880000000000000e+05
5.339940000000000000e+05
5.221230000000000000e+05
5.584150000000000000e+05
5.508050000000000000e+05
4.843680000000000000e+05
4.379300000000000000e+05
5.167680000000000000e+05
5.292890000000000000e+05
5.059980000000000000e+05
4.379880000000000000e+05
4.640530000000000000e+05
4.466060000000000000e+05
5.728810000000000000e+05
5.709860000000000000e+05
5.619500000000000000e+05
5.022000000000000000e+05
4.760340000000000000e+05
5.364330000000000000e+05
5.398070000000000000e+05
4.839550000000000000e+05
