6.548720000000000000e+05
5.023570000000000000e+05
5.939460000000000000e+05
6.351200000000000000e+05
5.872000000000000000e+05
5.520590000000000000e+05
5.417240000000000000e+05
5.885740000000000000e+05
4.453530000000000000e+05
4.634340000000000000e+05
5.609820000000000000e+05
5.109940000000000000e+05
5.419480000000000000e+05
5.777500000000000000e+05
5.382750000000000000e+05
5.340850000000000000e+05
5.313700000000000000e+05
5.179480000000000000e+05
4.532560000000000000e+05
6.609350000000000000e+05
5.967540000000000000e+05
5.616630000000000000e+05
5.701640000000000000e+05
5.684930000000000000e+05
6.247310000000000000e+05
4.595200000000000000e+05
5.274590000000000000e+05
5.705930000000000000e+05
4.284120000000000000e+05
5.001500000000000000e+05
5.943780000000000000e+05
5.165170000000000000e+05
5.624250000000000000e+05
5.892260000000000000e+05
5.473970000000000000e+05
5.665780000000000000e+05
5.450270000000000000e+05
4.897130000000000000e+05
6.201200000000000000e+05
3.991060000000000000e+05
5.235990000000000000e+05
5.507090000000000000e+05
4.875700000000000000e+04
6.074090000000000000e+05
6.959980000000000000e+05
5.313530000000000000e+05
4.857560000000000000e+05
5.311840000000000000e+05
4.213940000000000000e+05
6.370320000000000000e+05
