1.989650000000000000e+05
1.260830000000000000e+05
2.169200000000000000e+05
4.785800000000000000e+04
1.731930000000000000e+05
1.057800000000000000e+05
2.061520000000000000e+05
1.743660000000000000e+05
7.460800000000000000e+04
2.920280000000000000e+05
1.440430000000000000e+05
2.094470000000000000e+05
1.213410000000000000e+05
1.744550000000000000e+05
1.786130000000000000e+05
9.986600000000000000e+04
2.809690000000000000e+05
2.154450000000000000e+05
1.528480000000000000e+05
1.539180000000000000e+05
1.695790000000000000e+05
6.931700000000000000e+04
1.533630000000000000e+05
1.702210000000000000e+05
1.673370000000000000e+05
1.403180000000000000e+05
2.625310000000000000e+05
1.361850000000000000e+05
1.441740000000000000e+05
9.745600000000000000e+04
1.562720000000000000e+05
9.904200000000000000e+04
1.105890000000000000e+05
1.543060000000000000e+05
1.062590000000000000e+05
2.004910000000000000e+05
1.699330000000000000e+05
1.862980000000000000e+05
3.336500000000000000e+04
1.386680000000000000e+05
8.862600000000000000e+04
3.070010000000000000e+05
1.501310000000000000e+05
9.060700000000000000e+04
1.562940000000000000e+05
2.104580000000000000e+05
1.317320000000000000e+05
1.193520000000000000e+05
1.066220000000000000e+05
1.598450000000000000e+05
