7.337300000000000000e+04
8.531600000000000000e+04
4.281300000000000000e+04
5.559300000000000000e+04
6.911600000000000000e+04
4.588700000000000000e+04
6.902500000000000000e+04
4.092200000000000000e+04
8.933600000000000000e+04
3.557000000000000000e+04
4.597200000000000000e+04
4.818300000000000000e+04
6.574600000000000000e+04
7.041400000000000000e+04
8.172200000000000000e+04
7.326200000000000000e+04
5.581300000000000000e+04
5.834600000000000000e+04
8.340400000000000000e+04
6.470300000000000000e+04
7.602100000000000000e+04
5.783700000000000000e+04
8.907100000000000000e+04
5.461300000000000000e+04
5.759500000000000000e+04
6.399600000000000000e+04
8.514100000000000000e+04
6.798400000000000000e+04
6.567600000000000000e+04
6.213600000000000000e+04
6.947900000000000000e+04
8.713500000000000000e+04
9.290800000000000000e+04
6.445600000000000000e+04
5.877000000000000000e+04
5.496700000000000000e+04
7.225800000000000000e+04
8.062800000000000000e+04
6.786300000000000000e+04
4.232200000000000000e+04
6.250500000000000000e+04
7.387500000000000000e+04
7.364500000000000000e+04
5.166100000000000000e+04
5.835100000000000000e+04
7.808000000000000000e+04
6.981100000000000000e+04
5.315000000000000000e+04
6.940700000000000000e+04
6.009500000000000000e+04
