5.704700000000000000e+04
1.030660000000000000e+05
6.682100000000000000e+04
6.321100000000000000e+04
7.137500000000000000e+04
5.164300000000000000e+04
7.439000000000000000e+04
4.840400000000000000e+04
8.871200000000000000e+04
3.685700000000000000e+04
6.084900000000000000e+04
6.186300000000000000e+04
8.731900000000000000e+04
5.884600000000000000e+04
8.773600000000000000e+04
7.062600000000000000e+04
6.095200000000000000e+04
6.645700000000000000e+04
6.782700000000000000e+04
7.260700000000000000e+04
7.022000000000000000e+04
5.594200000000000000e+04
9.270600000000000000e+04
6.860000000000000000e+04
6.469600000000000000e+04
7.794500000000000000e+04
8.230000000000000000e+04
8.579000000000000000e+04
7.800000000000000000e+04
8.685200000000000000e+04
7.306200000000000000e+04
9.262500000000000000e+04
7.613800000000000000e+04
7.958300000000000000e+04
4.837700000000000000e+04
6.656300000000000000e+04
9.875600000000000000e+04
5.909100000000000000e+04
5.954300000000000000e+04
5.767900000000000000e+04
6.967300000000000000e+04
8.392600000000000000e+04
6.716000000000000000e+04
6.397400000000000000e+04
5.484000000000000000e+04
7.879700000000000000e+04
6.539200000000000000e+04
6.486400000000000000e+04
7.500700000000000000e+04
5.446000000000000000e+04
