7.243700000000000000e+04
7.261300000000000000e+04
7.803800000000000000e+04
5.235200000000000000e+04
6.036700000000000000e+04
6.789000000000000000e+04
5.648400000000000000e+04
7.019000000000000000e+04
5.885000000000000000e+04
8.857800000000000000e+04
6.219100000000000000e+04
7.618600000000000000e+04
7.503200000000000000e+04
7.140200000000000000e+04
6.014200000000000000e+04
9.067300000000000000e+04
8.698900000000000000e+04
6.936100000000000000e+04
7.379500000000000000e+04
6.944200000000000000e+04
4.699600000000000000e+04
9.317400000000000000e+04
7.694800000000000000e+04
7.337700000000000000e+04
6.759300000000000000e+04
7.179000000000000000e+04
9.292400000000000000e+04
6.760400000000000000e+04
6.002100000000000000e+04
8.326000000000000000e+04
7.230400000000000000e+04
7.241100000000000000e+04
5.902800000000000000e+04
7.589700000000000000e+04
6.467700000000000000e+04
4.140500000000000000e+04
8.303900000000000000e+04
7.186800000000000000e+04
8.615700000000000000e+04
5.694600000000000000e+04
4.713000000000000000e+04
9.127300000000000000e+04
4.822500000000000000e+04
7.936400000000000000e+04
8.848600000000000000e+04
6.151700000000000000e+04
6.572200000000000000e+04
7.961300000000000000e+04
5.591500000000000000e+04
6.646100000000000000e+04
