4.903900000000000000e+04
4.461700000000000000e+04
5.769800000000000000e+04
8.503000000000000000e+04
4.484300000000000000e+04
7.108800000000000000e+04
6.550200000000000000e+04
1.162830000000000000e+05
5.934000000000000000e+04
5.035300000000000000e+04
7.667800000000000000e+04
8.477600000000000000e+04
5.343600000000000000e+04
6.842500000000000000e+04
5.896300000000000000e+04
4.887000000000000000e+04
1.012460000000000000e+05
7.789500000000000000e+04
6.943800000000000000e+04
7.929700000000000000e+04
6.053800000000000000e+04
5.467800000000000000e+04
8.478400000000000000e+04
7.101800000000000000e+04
6.249500000000000000e+04
5.755400000000000000e+04
5.742000000000000000e+04
6.425400000000000000e+04
6.684300000000000000e+04
6.769300000000000000e+04
8.626000000000000000e+04
7.402500000000000000e+04
5.307400000000000000e+04
6.983500000000000000e+04
7.088700000000000000e+04
4.985400000000000000e+04
3.767800000000000000e+04
3.759700000000000000e+04
5.374700000000000000e+04
5.235000000000000000e+04
9.688500000000000000e+04
7.455800000000000000e+04
6.513000000000000000e+04
5.256200000000000000e+04
7.095200000000000000e+04
4.147000000000000000e+04
5.359700000000000000e+04
8.119500000000000000e+04
5.617600000000000000e+04
5.998500000000000000e+04
