6.841200000000000000e+04
8.283500000000000000e+04
8.059700000000000000e+04
8.468700000000000000e+04
5.629600000000000000e+04
8.439600000000000000e+04
8.840600000000000000e+04
5.817500000000000000e+04
7.176000000000000000e+04
9.395100000000000000e+04
6.028500000000000000e+04
1.028030000000000000e+05
6.891900000000000000e+04
7.825400000000000000e+04
6.226700000000000000e+04
6.201100000000000000e+04
9.910700000000000000e+04
9.063600000000000000e+04
6.992500000000000000e+04
9.288100000000000000e+04
6.326100000000000000e+04
7.920100000000000000e+04
5.947100000000000000e+04
8.907000000000000000e+04
6.477700000000000000e+04
1.039560000000000000e+05
9.213000000000000000e+04
7.734900000000000000e+04
8.353700000000000000e+04
9.184000000000000000e+04
7.147700000000000000e+04
7.768300000000000000e+04
8.764500000000000000e+04
9.269700000000000000e+04
7.306400000000000000e+04
9.246900000000000000e+04
4.414200000000000000e+04
6.953900000000000000e+04
1.034130000000000000e+05
7.756000000000000000e+04
6.528700000000000000e+04
8.065800000000000000e+04
1.059350000000000000e+05
8.796800000000000000e+04
1.037530000000000000e+05
1.024320000000000000e+05
5.968600000000000000e+04
7.220900000000000000e+04
7.663000000000000000e+04
1.131980000000000000e+05
