8.331200000000000000e+04
8.739700000000000000e+04
6.486400000000000000e+04
6.093800000000000000e+04
7.955900000000000000e+04
5.804400000000000000e+04
6.100400000000000000e+04
7.587200000000000000e+04
7.289700000000000000e+04
5.505500000000000000e+04
6.734200000000000000e+04
8.585900000000000000e+04
7.382600000000000000e+04
5.587000000000000000e+04
8.680500000000000000e+04
6.027200000000000000e+04
7.036600000000000000e+04
5.906600000000000000e+04
5.996000000000000000e+04
5.000400000000000000e+04
9.084900000000000000e+04
7.795800000000000000e+04
9.244600000000000000e+04
4.914000000000000000e+04
6.734300000000000000e+04
7.452000000000000000e+04
6.655800000000000000e+04
7.245600000000000000e+04
7.771300000000000000e+04
6.157000000000000000e+04
1.034770000000000000e+05
1.015490000000000000e+05
9.535000000000000000e+04
9.639000000000000000e+04
6.599800000000000000e+04
6.623600000000000000e+04
9.861400000000000000e+04
7.997600000000000000e+04
8.625900000000000000e+04
6.563900000000000000e+04
8.368700000000000000e+04
7.701500000000000000e+04
9.476200000000000000e+04
5.839300000000000000e+04
8.805100000000000000e+04
9.250400000000000000e+04
6.634700000000000000e+04
7.733900000000000000e+04
9.946000000000000000e+04
6.166700000000000000e+04
