7.856300000000000000e+04
8.385900000000000000e+04
9.947500000000000000e+04
7.903700000000000000e+04
5.164800000000000000e+04
7.233700000000000000e+04
7.872800000000000000e+04
7.751500000000000000e+04
6.996300000000000000e+04
8.604600000000000000e+04
6.427000000000000000e+04
8.933100000000000000e+04
7.851300000000000000e+04
7.788600000000000000e+04
7.681200000000000000e+04
1.048260000000000000e+05
8.268300000000000000e+04
8.099500000000000000e+04
9.370300000000000000e+04
7.025400000000000000e+04
8.557900000000000000e+04
8.928600000000000000e+04
9.744300000000000000e+04
7.665100000000000000e+04
8.659500000000000000e+04
7.361500000000000000e+04
1.142230000000000000e+05
6.938400000000000000e+04
8.608100000000000000e+04
7.545300000000000000e+04
7.215500000000000000e+04
1.014700000000000000e+05
8.829100000000000000e+04
7.027200000000000000e+04
6.535300000000000000e+04
6.440200000000000000e+04
9.220600000000000000e+04
7.579100000000000000e+04
9.611100000000000000e+04
4.862900000000000000e+04
6.649900000000000000e+04
9.357300000000000000e+04
5.463000000000000000e+04
9.406800000000000000e+04
1.010450000000000000e+05
7.272100000000000000e+04
8.397100000000000000e+04
1.060670000000000000e+05
6.275300000000000000e+04
8.926000000000000000e+04
