7.923600000000000000e+04
4.094900000000000000e+04
4.208800000000000000e+04
1.329900000000000000e+04
5.461000000000000000e+04
4.002700000000000000e+04
6.407300000000000000e+04
7.017000000000000000e+04
4.177300000000000000e+04
7.753300000000000000e+04
1.880700000000000000e+04
3.694000000000000000e+04
1.885600000000000000e+04
3.179500000000000000e+04
2.500000000000000000e+04
3.304500000000000000e+04
3.886300000000000000e+04
5.410100000000000000e+04
4.241100000000000000e+04
3.747800000000000000e+04
6.521800000000000000e+04
6.237700000000000000e+04
4.769700000000000000e+04
3.354700000000000000e+04
6.866000000000000000e+04
6.681300000000000000e+04
4.115600000000000000e+04
6.182500000000000000e+04
8.165800000000000000e+04
2.102500000000000000e+04
6.163100000000000000e+04
4.625500000000000000e+04
5.677900000000000000e+04
2.761500000000000000e+04
3.662000000000000000e+04
2.949100000000000000e+04
6.464500000000000000e+04
6.598800000000000000e+04
4.701600000000000000e+04
4.406800000000000000e+04
4.840800000000000000e+04
7.194300000000000000e+04
4.657400000000000000e+04
4.644000000000000000e+04
5.424900000000000000e+04
4.334500000000000000e+04
6.443100000000000000e+04
5.440600000000000000e+04
4.363400000000000000e+04
6.505400000000000000e+04
