5.876500000000000000e+04
7.484000000000000000e+04
6.453100000000000000e+04
8.185700000000000000e+04
5.980400000000000000e+04
6.182200000000000000e+04
7.638000000000000000e+04
1.031090000000000000e+05
6.554200000000000000e+04
6.831400000000000000e+04
8.178000000000000000e+04
5.741200000000000000e+04
7.990000000000000000e+04
8.622600000000000000e+04
4.870100000000000000e+04
6.515400000000000000e+04
7.720600000000000000e+04
8.524700000000000000e+04
6.048500000000000000e+04
8.011900000000000000e+04
7.925100000000000000e+04
7.202000000000000000e+04
5.485900000000000000e+04
7.390900000000000000e+04
6.710400000000000000e+04
5.649500000000000000e+04
9.927600000000000000e+04
6.612900000000000000e+04
5.588000000000000000e+04
3.733300000000000000e+04
6.914600000000000000e+04
8.314800000000000000e+04
5.723300000000000000e+04
8.778800000000000000e+04
8.970300000000000000e+04
4.780600000000000000e+04
8.316200000000000000e+04
6.808200000000000000e+04
6.570000000000000000e+04
6.135700000000000000e+04
6.650400000000000000e+04
7.009800000000000000e+04
1.112410000000000000e+05
6.802000000000000000e+04
1.096930000000000000e+05
7.538200000000000000e+04
7.859100000000000000e+04
6.189600000000000000e+04
5.119800000000000000e+04
7.428000000000000000e+04
