2.539900000000000000e+04
4.099500000000000000e+04
4.306100000000000000e+04
2.324800000000000000e+04
1.579100000000000000e+04
2.181900000000000000e+04
4.079100000000000000e+04
2.720200000000000000e+04
4.533400000000000000e+04
2.416200000000000000e+04
4.276600000000000000e+04
1.729700000000000000e+04
6.875000000000000000e+03
3.580700000000000000e+04
2.848600000000000000e+04
1.265800000000000000e+04
2.767400000000000000e+04
4.641700000000000000e+04
3.353700000000000000e+04
3.693900000000000000e+04
3.343900000000000000e+04
3.147800000000000000e+04
7.608000000000000000e+03
3.430600000000000000e+04
5.101000000000000000e+03
3.461800000000000000e+04
2.116300000000000000e+04
2.914900000000000000e+04
2.258800000000000000e+04
1.798100000000000000e+04
1.690300000000000000e+04
3.004100000000000000e+04
5.631700000000000000e+04
4.844400000000000000e+04
4.214000000000000000e+04
9.461000000000000000e+03
2.768600000000000000e+04
2.568500000000000000e+04
7.290000000000000000e+02
1.102200000000000000e+04
4.947000000000000000e+04
2.264400000000000000e+04
4.465000000000000000e+04
2.796200000000000000e+04
4.777500000000000000e+04
3.379400000000000000e+04
2.076900000000000000e+04
1.654400000000000000e+04
2.970000000000000000e+02
2.965000000000000000e+04
