7.676300000000000000e+04
9.163000000000000000e+04
8.187000000000000000e+04
7.827100000000000000e+04
6.310700000000000000e+04
9.402900000000000000e+04
8.824300000000000000e+04
7.652600000000000000e+04
8.093000000000000000e+04
1.054550000000000000e+05
8.672300000000000000e+04
1.187080000000000000e+05
6.485600000000000000e+04
7.750200000000000000e+04
6.311100000000000000e+04
6.256000000000000000e+04
9.518600000000000000e+04
9.566300000000000000e+04
7.264600000000000000e+04
1.097780000000000000e+05
7.006500000000000000e+04
8.080000000000000000e+04
8.728900000000000000e+04
8.802800000000000000e+04
7.400900000000000000e+04
1.080800000000000000e+05
8.666800000000000000e+04
7.862000000000000000e+04
8.267700000000000000e+04
1.057520000000000000e+05
6.179300000000000000e+04
6.194000000000000000e+04
9.446200000000000000e+04
8.271300000000000000e+04
5.899900000000000000e+04
9.312000000000000000e+04
5.341700000000000000e+04
7.681800000000000000e+04
8.856900000000000000e+04
9.073800000000000000e+04
7.915100000000000000e+04
8.367900000000000000e+04
9.851300000000000000e+04
7.861600000000000000e+04
9.449800000000000000e+04
1.130120000000000000e+05
7.727900000000000000e+04
8.100500000000000000e+04
8.233100000000000000e+04
1.129600000000000000e+05
