8.481300000000000000e+04
7.765300000000000000e+04
5.758300000000000000e+04
7.904600000000000000e+04
4.819900000000000000e+04
3.638800000000000000e+04
7.402100000000000000e+04
6.273200000000000000e+04
8.524000000000000000e+04
6.369200000000000000e+04
8.226600000000000000e+04
4.935700000000000000e+04
1.034060000000000000e+05
6.778700000000000000e+04
5.661400000000000000e+04
6.624400000000000000e+04
8.048200000000000000e+04
7.499300000000000000e+04
6.880900000000000000e+04
5.070100000000000000e+04
5.138800000000000000e+04
7.985500000000000000e+04
6.372100000000000000e+04
9.120200000000000000e+04
4.814800000000000000e+04
9.528400000000000000e+04
6.357200000000000000e+04
6.419500000000000000e+04
6.728400000000000000e+04
9.016400000000000000e+04
7.309300000000000000e+04
8.680100000000000000e+04
6.862700000000000000e+04
7.239900000000000000e+04
7.245700000000000000e+04
6.344500000000000000e+04
6.581500000000000000e+04
6.437400000000000000e+04
7.493800000000000000e+04
8.202400000000000000e+04
7.691100000000000000e+04
7.955900000000000000e+04
4.427600000000000000e+04
1.005890000000000000e+05
7.145800000000000000e+04
5.855100000000000000e+04
5.478200000000000000e+04
6.896600000000000000e+04
7.506900000000000000e+04
6.657100000000000000e+04
