3.517900000000000000e+04
2.737100000000000000e+04
6.577500000000000000e+04
3.517600000000000000e+04
3.348400000000000000e+04
3.318000000000000000e+04
5.535800000000000000e+04
2.571700000000000000e+04
5.186200000000000000e+04
2.863200000000000000e+04
3.871300000000000000e+04
4.854500000000000000e+04
2.954000000000000000e+04
4.769500000000000000e+04
3.230600000000000000e+04
1.737600000000000000e+04
3.400500000000000000e+04
3.753500000000000000e+04
1.713000000000000000e+04
4.962200000000000000e+04
4.065400000000000000e+04
3.686300000000000000e+04
4.624500000000000000e+04
8.577000000000000000e+03
4.901600000000000000e+04
3.565700000000000000e+04
4.681200000000000000e+04
2.733600000000000000e+04
2.230700000000000000e+04
5.001900000000000000e+04
2.027500000000000000e+04
4.643700000000000000e+04
6.439900000000000000e+04
5.083500000000000000e+04
2.615700000000000000e+04
1.372900000000000000e+04
4.763000000000000000e+04
3.098600000000000000e+04
9.958000000000000000e+03
4.271800000000000000e+04
4.322400000000000000e+04
3.874200000000000000e+04
3.709300000000000000e+04
2.137600000000000000e+04
5.563700000000000000e+04
2.813100000000000000e+04
3.339100000000000000e+04
3.950100000000000000e+04
4.401100000000000000e+04
3.271700000000000000e+04
