9.931200000000000000e+04
8.138200000000000000e+04
9.720800000000000000e+04
8.079800000000000000e+04
7.697400000000000000e+04
1.016890000000000000e+05
7.072400000000000000e+04
6.365800000000000000e+04
8.908000000000000000e+04
9.377500000000000000e+04
7.749200000000000000e+04
8.701200000000000000e+04
8.328200000000000000e+04
1.199650000000000000e+05
4.605400000000000000e+04
7.017800000000000000e+04
1.016320000000000000e+05
1.040880000000000000e+05
8.442900000000000000e+04
7.721300000000000000e+04
9.459100000000000000e+04
1.182770000000000000e+05
1.248070000000000000e+05
8.481400000000000000e+04
8.860100000000000000e+04
8.574900000000000000e+04
1.075460000000000000e+05
1.017510000000000000e+05
6.199100000000000000e+04
8.764300000000000000e+04
9.831400000000000000e+04
9.342700000000000000e+04
7.158000000000000000e+04
6.890800000000000000e+04
7.015900000000000000e+04
1.048370000000000000e+05
4.956400000000000000e+04
1.163670000000000000e+05
9.857400000000000000e+04
7.256500000000000000e+04
7.203600000000000000e+04
1.104050000000000000e+05
1.021470000000000000e+05
7.123100000000000000e+04
6.526700000000000000e+04
8.574500000000000000e+04
7.412000000000000000e+04
7.969000000000000000e+04
6.693000000000000000e+04
1.120330000000000000e+05
