3.067400000000000000e+04
5.358700000000000000e+04
5.228200000000000000e+04
4.443900000000000000e+04
3.494100000000000000e+04
3.789100000000000000e+04
4.900300000000000000e+04
4.988900000000000000e+04
4.804700000000000000e+04
2.987100000000000000e+04
5.604600000000000000e+04
5.491100000000000000e+04
1.622200000000000000e+04
4.090900000000000000e+04
5.089700000000000000e+04
2.173300000000000000e+04
4.948400000000000000e+04
3.704600000000000000e+04
3.107500000000000000e+04
6.016100000000000000e+04
5.141300000000000000e+04
3.428500000000000000e+04
5.276700000000000000e+04
2.251600000000000000e+04
5.639400000000000000e+04
5.671700000000000000e+04
4.061900000000000000e+04
4.562700000000000000e+04
1.623800000000000000e+04
5.078300000000000000e+04
1.968000000000000000e+04
3.417700000000000000e+04
5.897100000000000000e+04
2.763000000000000000e+04
5.894800000000000000e+04
1.267300000000000000e+04
3.815000000000000000e+04
4.569700000000000000e+04
1.843400000000000000e+04
5.820500000000000000e+04
3.614300000000000000e+04
4.682300000000000000e+04
5.500300000000000000e+04
1.896500000000000000e+04
5.112600000000000000e+04
1.337400000000000000e+04
4.954500000000000000e+04
4.977300000000000000e+04
3.732100000000000000e+04
4.059600000000000000e+04
