8.166400000000000000e+04
9.103100000000000000e+04
8.034900000000000000e+04
7.745500000000000000e+04
8.023500000000000000e+04
7.436800000000000000e+04
8.301600000000000000e+04
6.976400000000000000e+04
9.102900000000000000e+04
8.214200000000000000e+04
8.649400000000000000e+04
6.979400000000000000e+04
5.845800000000000000e+04
8.285700000000000000e+04
6.039500000000000000e+04
7.844000000000000000e+04
7.589200000000000000e+04
5.158600000000000000e+04
8.440200000000000000e+04
6.942200000000000000e+04
6.885200000000000000e+04
6.029900000000000000e+04
7.139300000000000000e+04
9.523500000000000000e+04
7.284600000000000000e+04
7.369400000000000000e+04
7.553800000000000000e+04
8.844500000000000000e+04
5.865500000000000000e+04
6.021100000000000000e+04
5.740800000000000000e+04
6.858300000000000000e+04
7.251400000000000000e+04
5.795800000000000000e+04
4.319900000000000000e+04
5.536600000000000000e+04
6.505100000000000000e+04
8.404600000000000000e+04
7.191700000000000000e+04
8.666600000000000000e+04
6.700600000000000000e+04
9.413600000000000000e+04
7.659800000000000000e+04
8.287300000000000000e+04
4.808900000000000000e+04
1.044160000000000000e+05
6.091200000000000000e+04
9.439400000000000000e+04
5.639800000000000000e+04
8.391100000000000000e+04
