8.842700000000000000e+04
5.830600000000000000e+04
6.274500000000000000e+04
6.950000000000000000e+04
5.853800000000000000e+04
5.991900000000000000e+04
6.175600000000000000e+04
5.711400000000000000e+04
5.231400000000000000e+04
5.755000000000000000e+04
5.747500000000000000e+04
8.107600000000000000e+04
6.943000000000000000e+04
5.043800000000000000e+04
6.132300000000000000e+04
7.846100000000000000e+04
9.279900000000000000e+04
6.670000000000000000e+04
7.472700000000000000e+04
6.266000000000000000e+04
6.397300000000000000e+04
5.221700000000000000e+04
7.217100000000000000e+04
6.239100000000000000e+04
1.113000000000000000e+05
6.240200000000000000e+04
7.188700000000000000e+04
8.278400000000000000e+04
6.476700000000000000e+04
5.754200000000000000e+04
6.505700000000000000e+04
7.734700000000000000e+04
6.524100000000000000e+04
7.323200000000000000e+04
6.860500000000000000e+04
6.489000000000000000e+04
5.893900000000000000e+04
9.049000000000000000e+04
8.629000000000000000e+04
4.102100000000000000e+04
7.422300000000000000e+04
6.407600000000000000e+04
8.590900000000000000e+04
6.236600000000000000e+04
8.022800000000000000e+04
9.297100000000000000e+04
7.049100000000000000e+04
5.923200000000000000e+04
7.879500000000000000e+04
7.724100000000000000e+04
