6.509600000000000000e+04
7.233500000000000000e+04
3.203000000000000000e+04
6.372500000000000000e+04
4.542900000000000000e+04
5.199000000000000000e+04
5.430600000000000000e+04
5.873900000000000000e+04
4.525700000000000000e+04
6.254600000000000000e+04
5.623300000000000000e+04
6.248900000000000000e+04
7.117900000000000000e+04
5.404700000000000000e+04
1.179700000000000000e+04
5.082900000000000000e+04
7.526100000000000000e+04
4.483900000000000000e+04
6.248700000000000000e+04
4.979000000000000000e+04
4.004600000000000000e+04
6.177900000000000000e+04
7.246300000000000000e+04
5.088500000000000000e+04
9.143700000000000000e+04
7.401300000000000000e+04
5.948900000000000000e+04
6.680200000000000000e+04
5.785300000000000000e+04
1.996500000000000000e+04
7.870400000000000000e+04
6.274900000000000000e+04
5.780200000000000000e+04
6.166500000000000000e+04
6.922900000000000000e+04
5.213900000000000000e+04
7.040100000000000000e+04
8.095000000000000000e+04
8.494400000000000000e+04
5.792600000000000000e+04
6.987800000000000000e+04
7.104400000000000000e+04
6.901300000000000000e+04
5.363100000000000000e+04
3.111400000000000000e+04
4.872000000000000000e+04
7.220200000000000000e+04
4.482700000000000000e+04
5.616000000000000000e+04
4.781500000000000000e+04
