2.366300000000000000e+04
3.621300000000000000e+04
5.653000000000000000e+04
4.247900000000000000e+04
4.338900000000000000e+04
3.008600000000000000e+04
3.834900000000000000e+04
4.085000000000000000e+04
3.851600000000000000e+04
4.703800000000000000e+04
2.156500000000000000e+04
2.198700000000000000e+04
3.233200000000000000e+04
5.102600000000000000e+04
3.807400000000000000e+04
4.456800000000000000e+04
5.277000000000000000e+04
5.356000000000000000e+04
4.929600000000000000e+04
2.506100000000000000e+04
2.378700000000000000e+04
4.097500000000000000e+04
4.461100000000000000e+04
6.821800000000000000e+04
4.051900000000000000e+04
5.266300000000000000e+04
3.972800000000000000e+04
5.140100000000000000e+04
3.843400000000000000e+04
4.136100000000000000e+04
4.206700000000000000e+04
3.241800000000000000e+04
2.862800000000000000e+04
2.967500000000000000e+04
2.195200000000000000e+04
3.867700000000000000e+04
1.755900000000000000e+04
6.015200000000000000e+04
3.517900000000000000e+04
5.777900000000000000e+04
3.010900000000000000e+04
4.599300000000000000e+04
5.797100000000000000e+04
3.565400000000000000e+04
2.903200000000000000e+04
5.814000000000000000e+04
3.279500000000000000e+04
3.876200000000000000e+04
1.518300000000000000e+04
2.232800000000000000e+04
