2.495200000000000000e+04
2.198400000000000000e+04
3.424000000000000000e+04
2.992200000000000000e+04
1.450300000000000000e+04
1.572800000000000000e+04
2.203500000000000000e+04
4.480000000000000000e+04
3.394100000000000000e+04
4.345500000000000000e+04
1.337000000000000000e+04
2.526000000000000000e+04
3.932700000000000000e+04
2.474700000000000000e+04
3.916800000000000000e+04
9.642000000000000000e+03
2.319800000000000000e+04
3.395600000000000000e+04
6.406400000000000000e+04
1.676200000000000000e+04
2.808100000000000000e+04
3.071500000000000000e+04
4.075700000000000000e+04
3.572700000000000000e+04
1.445000000000000000e+04
3.833300000000000000e+04
1.705200000000000000e+04
2.233200000000000000e+04
3.025400000000000000e+04
2.736600000000000000e+04
6.059600000000000000e+04
1.987000000000000000e+04
3.297400000000000000e+04
1.951500000000000000e+04
2.230000000000000000e+04
3.751200000000000000e+04
4.783000000000000000e+03
3.754900000000000000e+04
3.982600000000000000e+04
4.976100000000000000e+04
5.293300000000000000e+04
5.354000000000000000e+03
4.239800000000000000e+04
3.707300000000000000e+04
1.070500000000000000e+04
1.899200000000000000e+04
1.547700000000000000e+04
1.933700000000000000e+04
2.580000000000000000e+02
4.592300000000000000e+04
