9.912900000000000000e+04
7.920200000000000000e+04
8.048300000000000000e+04
8.503600000000000000e+04
6.889600000000000000e+04
1.000180000000000000e+05
1.048200000000000000e+05
5.288000000000000000e+04
1.010040000000000000e+05
1.185920000000000000e+05
1.247190000000000000e+05
9.758300000000000000e+04
1.113150000000000000e+05
8.714700000000000000e+04
8.350700000000000000e+04
1.180130000000000000e+05
7.024500000000000000e+04
8.680000000000000000e+04
6.029400000000000000e+04
6.142900000000000000e+04
7.162500000000000000e+04
8.068300000000000000e+04
1.035880000000000000e+05
7.694400000000000000e+04
7.493000000000000000e+04
7.069700000000000000e+04
1.305870000000000000e+05
6.917100000000000000e+04
1.080860000000000000e+05
1.010710000000000000e+05
1.292420000000000000e+05
7.759300000000000000e+04
9.291400000000000000e+04
7.981400000000000000e+04
1.199530000000000000e+05
1.236580000000000000e+05
9.390000000000000000e+04
7.195900000000000000e+04
6.241800000000000000e+04
1.458810000000000000e+05
8.891000000000000000e+04
8.984500000000000000e+04
6.464500000000000000e+04
8.879700000000000000e+04
9.164800000000000000e+04
1.078090000000000000e+05
1.100030000000000000e+05
9.993600000000000000e+04
8.862500000000000000e+04
1.022000000000000000e+05
