5.112500000000000000e+04
2.044000000000000000e+04
5.277800000000000000e+04
4.232000000000000000e+04
2.149300000000000000e+04
5.292100000000000000e+04
3.676300000000000000e+04
4.648700000000000000e+04
4.271400000000000000e+04
2.772300000000000000e+04
2.973100000000000000e+04
3.280200000000000000e+04
1.641300000000000000e+04
1.936900000000000000e+04
5.102600000000000000e+04
1.754600000000000000e+04
2.357000000000000000e+04
3.661900000000000000e+04
3.201800000000000000e+04
3.358100000000000000e+04
4.362600000000000000e+04
5.822900000000000000e+04
2.520100000000000000e+04
3.092200000000000000e+04
2.028500000000000000e+04
3.958700000000000000e+04
5.174400000000000000e+04
3.585000000000000000e+04
3.797800000000000000e+04
4.140700000000000000e+04
1.963200000000000000e+04
2.694300000000000000e+04
4.031800000000000000e+04
2.483000000000000000e+04
2.876800000000000000e+04
7.370000000000000000e+02
1.542200000000000000e+04
5.412400000000000000e+04
1.422900000000000000e+04
2.549800000000000000e+04
3.807600000000000000e+04
1.971700000000000000e+04
2.616700000000000000e+04
2.511500000000000000e+04
2.299000000000000000e+04
5.945300000000000000e+04
3.284900000000000000e+04
4.579900000000000000e+04
2.360000000000000000e+03
1.103600000000000000e+04
