8.352600000000000000e+04
6.009600000000000000e+04
7.331500000000000000e+04
6.406600000000000000e+04
8.404000000000000000e+04
5.785200000000000000e+04
7.512000000000000000e+04
5.965200000000000000e+04
8.457800000000000000e+04
7.708600000000000000e+04
9.686300000000000000e+04
7.270600000000000000e+04
9.531400000000000000e+04
5.931800000000000000e+04
6.692000000000000000e+04
7.997600000000000000e+04
5.094300000000000000e+04
6.826600000000000000e+04
1.044440000000000000e+05
7.384900000000000000e+04
6.583300000000000000e+04
9.099300000000000000e+04
8.716300000000000000e+04
7.809500000000000000e+04
8.837500000000000000e+04
9.106400000000000000e+04
7.257900000000000000e+04
9.366100000000000000e+04
6.424700000000000000e+04
4.236100000000000000e+04
6.420200000000000000e+04
9.716100000000000000e+04
7.996900000000000000e+04
7.021600000000000000e+04
6.956000000000000000e+04
8.309100000000000000e+04
9.093100000000000000e+04
7.675700000000000000e+04
9.980300000000000000e+04
5.403000000000000000e+04
8.447100000000000000e+04
5.381100000000000000e+04
6.274200000000000000e+04
1.127560000000000000e+05
7.300600000000000000e+04
7.187700000000000000e+04
9.028800000000000000e+04
6.776500000000000000e+04
8.464200000000000000e+04
6.514200000000000000e+04
