6.601000000000000000e+04
5.389000000000000000e+04
6.955200000000000000e+04
5.924400000000000000e+04
7.124900000000000000e+04
7.246100000000000000e+04
5.139500000000000000e+04
7.658200000000000000e+04
6.811100000000000000e+04
7.029000000000000000e+04
7.457400000000000000e+04
5.588500000000000000e+04
9.144200000000000000e+04
5.653700000000000000e+04
8.216800000000000000e+04
5.401400000000000000e+04
7.231200000000000000e+04
5.942700000000000000e+04
8.046200000000000000e+04
7.467000000000000000e+04
6.543500000000000000e+04
5.375400000000000000e+04
6.879300000000000000e+04
8.111200000000000000e+04
8.394200000000000000e+04
9.079200000000000000e+04
7.686800000000000000e+04
1.092370000000000000e+05
6.126000000000000000e+04
7.895900000000000000e+04
8.268000000000000000e+04
7.669800000000000000e+04
5.602500000000000000e+04
5.590400000000000000e+04
7.733700000000000000e+04
7.933300000000000000e+04
5.595000000000000000e+04
1.036590000000000000e+05
7.551200000000000000e+04
3.684300000000000000e+04
8.396000000000000000e+04
6.905200000000000000e+04
7.510800000000000000e+04
7.083200000000000000e+04
6.122600000000000000e+04
6.917300000000000000e+04
8.665500000000000000e+04
6.233200000000000000e+04
7.161800000000000000e+04
5.933000000000000000e+04
