6.610700000000000000e+04
5.137400000000000000e+04
6.092200000000000000e+04
6.104400000000000000e+04
7.131300000000000000e+04
4.116300000000000000e+04
2.922900000000000000e+04
6.043300000000000000e+04
5.380400000000000000e+04
6.705300000000000000e+04
7.955200000000000000e+04
8.273400000000000000e+04
8.210900000000000000e+04
3.892900000000000000e+04
4.922200000000000000e+04
3.187500000000000000e+04
5.633400000000000000e+04
7.053000000000000000e+04
4.950300000000000000e+04
8.840000000000000000e+04
5.468200000000000000e+04
7.573900000000000000e+04
5.780900000000000000e+04
7.800600000000000000e+04
3.329800000000000000e+04
8.182900000000000000e+04
5.506000000000000000e+04
5.428700000000000000e+04
5.004500000000000000e+04
5.106500000000000000e+04
4.809700000000000000e+04
5.787000000000000000e+04
7.008100000000000000e+04
7.622200000000000000e+04
5.882900000000000000e+04
5.908300000000000000e+04
8.044500000000000000e+04
9.256200000000000000e+04
5.509700000000000000e+04
5.465500000000000000e+04
7.041200000000000000e+04
7.777700000000000000e+04
8.026600000000000000e+04
3.703200000000000000e+04
3.152000000000000000e+04
5.386000000000000000e+04
6.657600000000000000e+04
7.346800000000000000e+04
6.331200000000000000e+04
5.199500000000000000e+04
