9.010900000000000000e+04
8.537500000000000000e+04
8.318500000000000000e+04
6.452700000000000000e+04
6.253300000000000000e+04
9.946200000000000000e+04
8.121600000000000000e+04
6.667900000000000000e+04
8.197800000000000000e+04
9.456000000000000000e+04
7.502400000000000000e+04
9.751900000000000000e+04
1.222500000000000000e+05
9.175200000000000000e+04
6.801100000000000000e+04
1.140670000000000000e+05
8.910400000000000000e+04
7.278100000000000000e+04
6.449500000000000000e+04
7.237900000000000000e+04
8.744800000000000000e+04
6.127800000000000000e+04
8.438800000000000000e+04
1.061390000000000000e+05
5.501500000000000000e+04
7.014700000000000000e+04
1.357000000000000000e+05
6.532100000000000000e+04
9.372400000000000000e+04
8.291000000000000000e+04
1.174920000000000000e+05
9.455100000000000000e+04
7.674700000000000000e+04
7.078700000000000000e+04
1.244990000000000000e+05
9.992200000000000000e+04
1.197030000000000000e+05
5.228500000000000000e+04
7.728700000000000000e+04
1.177980000000000000e+05
7.977200000000000000e+04
9.551500000000000000e+04
6.965000000000000000e+04
7.245100000000000000e+04
7.243500000000000000e+04
5.820100000000000000e+04
8.965800000000000000e+04
8.546900000000000000e+04
8.855000000000000000e+04
9.174700000000000000e+04
