1.928100000000000000e+04
5.555000000000000000e+04
3.164200000000000000e+04
4.841400000000000000e+04
3.586400000000000000e+04
5.371400000000000000e+04
2.461600000000000000e+04
5.108600000000000000e+04
6.115900000000000000e+04
2.833400000000000000e+04
5.423100000000000000e+04
6.061700000000000000e+04
3.760300000000000000e+04
1.969600000000000000e+04
4.761800000000000000e+04
5.132500000000000000e+04
5.939600000000000000e+04
4.639600000000000000e+04
8.723000000000000000e+03
5.450800000000000000e+04
3.239500000000000000e+04
5.344800000000000000e+04
5.656000000000000000e+04
3.710100000000000000e+04
5.130400000000000000e+04
2.925500000000000000e+04
4.914500000000000000e+04
5.559700000000000000e+04
5.008600000000000000e+04
3.455100000000000000e+04
2.834100000000000000e+04
3.418600000000000000e+04
1.422800000000000000e+04
2.624500000000000000e+04
5.416900000000000000e+04
7.078900000000000000e+04
7.745600000000000000e+04
6.021400000000000000e+04
6.411700000000000000e+04
4.888400000000000000e+04
4.315800000000000000e+04
4.431100000000000000e+04
4.245800000000000000e+04
2.298000000000000000e+04
4.663700000000000000e+04
7.498700000000000000e+04
3.479300000000000000e+04
4.999100000000000000e+04
8.678000000000000000e+03
4.357000000000000000e+04
