1.417300000000000000e+04
2.364900000000000000e+04
6.102700000000000000e+04
3.879600000000000000e+04
0.000000000000000000e+00
3.243900000000000000e+04
1.442300000000000000e+04
8.698000000000000000e+03
5.158200000000000000e+04
4.907500000000000000e+04
4.711800000000000000e+04
2.222800000000000000e+04
2.466400000000000000e+04
3.220600000000000000e+04
2.158000000000000000e+03
1.846900000000000000e+04
2.469600000000000000e+04
3.359000000000000000e+04
3.152000000000000000e+04
1.055600000000000000e+04
1.767600000000000000e+04
2.418100000000000000e+04
3.892000000000000000e+04
5.218900000000000000e+04
1.899000000000000000e+04
3.118500000000000000e+04
2.827100000000000000e+04
2.585000000000000000e+04
3.672800000000000000e+04
1.510700000000000000e+04
3.931200000000000000e+04
2.188000000000000000e+04
1.740400000000000000e+04
4.773000000000000000e+03
1.872600000000000000e+04
0.000000000000000000e+00
4.027200000000000000e+04
3.947400000000000000e+04
6.460000000000000000e+03
4.486900000000000000e+04
1.857600000000000000e+04
2.502700000000000000e+04
4.519600000000000000e+04
3.044500000000000000e+04
2.005400000000000000e+04
4.955800000000000000e+04
1.592200000000000000e+04
2.312100000000000000e+04
7.216000000000000000e+03
2.650600000000000000e+04
