1.175640000000000000e+05
6.078100000000000000e+04
1.090930000000000000e+05
8.548900000000000000e+04
7.280500000000000000e+04
8.111500000000000000e+04
5.068600000000000000e+04
5.849500000000000000e+04
7.198500000000000000e+04
6.782700000000000000e+04
1.005760000000000000e+05
7.324600000000000000e+04
8.215400000000000000e+04
7.102900000000000000e+04
6.122800000000000000e+04
1.014370000000000000e+05
6.547600000000000000e+04
7.470100000000000000e+04
6.177700000000000000e+04
9.268300000000000000e+04
1.055190000000000000e+05
6.221700000000000000e+04
8.004600000000000000e+04
7.163600000000000000e+04
8.943300000000000000e+04
1.048710000000000000e+05
9.728000000000000000e+04
7.504700000000000000e+04
8.693500000000000000e+04
8.053200000000000000e+04
7.651000000000000000e+04
7.341400000000000000e+04
8.173700000000000000e+04
6.975200000000000000e+04
8.361900000000000000e+04
7.229200000000000000e+04
7.137400000000000000e+04
1.034090000000000000e+05
9.450000000000000000e+04
9.638800000000000000e+04
8.046700000000000000e+04
1.175150000000000000e+05
7.376800000000000000e+04
7.032600000000000000e+04
9.313200000000000000e+04
9.855600000000000000e+04
8.502400000000000000e+04
5.694800000000000000e+04
9.090900000000000000e+04
1.066480000000000000e+05
