1.089830000000000000e+05
8.278600000000000000e+04
9.149100000000000000e+04
1.166370000000000000e+05
6.828100000000000000e+04
1.064660000000000000e+05
9.913500000000000000e+04
8.418800000000000000e+04
8.935800000000000000e+04
1.097200000000000000e+05
1.030200000000000000e+05
1.015360000000000000e+05
9.512800000000000000e+04
9.574000000000000000e+04
6.970700000000000000e+04
9.374700000000000000e+04
9.960500000000000000e+04
8.230900000000000000e+04
9.304600000000000000e+04
8.822100000000000000e+04
8.168400000000000000e+04
8.591500000000000000e+04
9.640300000000000000e+04
7.205800000000000000e+04
8.837700000000000000e+04
8.424000000000000000e+04
8.803100000000000000e+04
7.162600000000000000e+04
6.762800000000000000e+04
8.888000000000000000e+04
1.091250000000000000e+05
8.288600000000000000e+04
8.207800000000000000e+04
7.251000000000000000e+04
1.132460000000000000e+05
9.952200000000000000e+04
8.516300000000000000e+04
9.930100000000000000e+04
7.661400000000000000e+04
9.705000000000000000e+04
1.000370000000000000e+05
9.092000000000000000e+04
6.150200000000000000e+04
6.690600000000000000e+04
9.764100000000000000e+04
1.016690000000000000e+05
1.089050000000000000e+05
1.103160000000000000e+05
7.055300000000000000e+04
9.740700000000000000e+04
