3.019000000000000000e+04
2.705400000000000000e+04
4.631700000000000000e+04
3.778700000000000000e+04
4.153300000000000000e+04
4.512600000000000000e+04
3.311400000000000000e+04
5.119000000000000000e+04
4.849800000000000000e+04
4.185100000000000000e+04
3.716100000000000000e+04
3.589000000000000000e+04
2.701700000000000000e+04
1.203700000000000000e+04
4.399000000000000000e+04
2.625100000000000000e+04
4.524300000000000000e+04
3.989400000000000000e+04
3.803700000000000000e+04
2.970500000000000000e+04
3.311300000000000000e+04
2.821800000000000000e+04
1.309400000000000000e+04
3.646500000000000000e+04
2.100800000000000000e+04
4.768200000000000000e+04
5.056600000000000000e+04
3.543100000000000000e+04
6.359300000000000000e+04
5.528200000000000000e+04
3.054400000000000000e+04
1.889600000000000000e+04
1.451000000000000000e+04
1.417600000000000000e+04
4.240000000000000000e+04
1.268700000000000000e+04
1.086400000000000000e+04
4.563500000000000000e+04
2.042400000000000000e+04
1.896900000000000000e+04
3.014100000000000000e+04
3.060800000000000000e+04
2.374900000000000000e+04
2.529500000000000000e+04
4.117500000000000000e+04
4.675600000000000000e+04
2.969000000000000000e+04
3.771800000000000000e+04
0.000000000000000000e+00
1.799400000000000000e+04
