2.514700000000000000e+04
5.326200000000000000e+04
6.015800000000000000e+04
3.766200000000000000e+04
4.886700000000000000e+04
4.804000000000000000e+04
3.853100000000000000e+04
3.279400000000000000e+04
3.599600000000000000e+04
4.629900000000000000e+04
3.569200000000000000e+04
1.513200000000000000e+04
3.221800000000000000e+04
2.085500000000000000e+04
3.823100000000000000e+04
4.707200000000000000e+04
2.497000000000000000e+04
5.573000000000000000e+04
4.229400000000000000e+04
3.776800000000000000e+04
2.669200000000000000e+04
3.829100000000000000e+04
3.678700000000000000e+04
6.889200000000000000e+04
4.696900000000000000e+04
5.347800000000000000e+04
4.735100000000000000e+04
5.403700000000000000e+04
3.534300000000000000e+04
3.763700000000000000e+04
3.200200000000000000e+04
4.159100000000000000e+04
3.625400000000000000e+04
3.449800000000000000e+04
2.683700000000000000e+04
1.485200000000000000e+04
8.950000000000000000e+03
5.377700000000000000e+04
3.266700000000000000e+04
5.098300000000000000e+04
4.142100000000000000e+04
4.528600000000000000e+04
5.464300000000000000e+04
2.803800000000000000e+04
3.396200000000000000e+04
4.334300000000000000e+04
2.793700000000000000e+04
3.123700000000000000e+04
1.115800000000000000e+04
2.119500000000000000e+04
