3.652400000000000000e+04
4.174900000000000000e+04
5.681900000000000000e+04
2.391100000000000000e+04
3.827300000000000000e+04
1.709800000000000000e+04
1.895600000000000000e+04
1.431900000000000000e+04
4.401800000000000000e+04
7.148400000000000000e+04
2.924700000000000000e+04
2.524600000000000000e+04
3.790200000000000000e+04
2.970500000000000000e+04
3.712400000000000000e+04
1.689200000000000000e+04
5.158800000000000000e+04
3.930300000000000000e+04
6.085300000000000000e+04
4.784000000000000000e+03
3.379700000000000000e+04
3.761900000000000000e+04
4.013800000000000000e+04
6.098400000000000000e+04
2.438100000000000000e+04
4.270400000000000000e+04
5.081100000000000000e+04
1.837700000000000000e+04
3.818300000000000000e+04
6.022700000000000000e+04
4.411400000000000000e+04
3.187600000000000000e+04
4.002300000000000000e+04
4.856300000000000000e+04
2.341500000000000000e+04
1.598900000000000000e+04
2.113500000000000000e+04
5.483400000000000000e+04
2.714500000000000000e+04
2.379200000000000000e+04
5.656300000000000000e+04
2.977800000000000000e+04
3.868600000000000000e+04
2.497900000000000000e+04
2.584800000000000000e+04
4.643300000000000000e+04
4.053700000000000000e+04
4.587200000000000000e+04
1.403200000000000000e+04
3.883000000000000000e+04
