7.445600000000000000e+04
7.330000000000000000e+04
7.848300000000000000e+04
5.119200000000000000e+04
7.180100000000000000e+04
7.317800000000000000e+04
9.759600000000000000e+04
8.513500000000000000e+04
7.211300000000000000e+04
7.088300000000000000e+04
8.408900000000000000e+04
6.003400000000000000e+04
5.981500000000000000e+04
7.162800000000000000e+04
5.470000000000000000e+04
7.163300000000000000e+04
8.246800000000000000e+04
4.674000000000000000e+04
6.530400000000000000e+04
7.297700000000000000e+04
6.897000000000000000e+04
7.614900000000000000e+04
7.981600000000000000e+04
7.442900000000000000e+04
1.011390000000000000e+05
9.107000000000000000e+04
6.021900000000000000e+04
7.541600000000000000e+04
5.341800000000000000e+04
6.653000000000000000e+04
5.891100000000000000e+04
6.246800000000000000e+04
9.325600000000000000e+04
7.111900000000000000e+04
5.628900000000000000e+04
5.291900000000000000e+04
5.978000000000000000e+04
7.049600000000000000e+04
9.900500000000000000e+04
7.725900000000000000e+04
8.057800000000000000e+04
1.092630000000000000e+05
6.964300000000000000e+04
7.399900000000000000e+04
6.590200000000000000e+04
1.136640000000000000e+05
5.908500000000000000e+04
6.848400000000000000e+04
8.482700000000000000e+04
5.963400000000000000e+04
