5.055400000000000000e+04
5.041000000000000000e+04
6.735800000000000000e+04
5.343400000000000000e+04
8.354200000000000000e+04
4.156500000000000000e+04
4.269300000000000000e+04
7.522500000000000000e+04
6.287800000000000000e+04
8.025400000000000000e+04
7.562300000000000000e+04
8.080000000000000000e+04
7.783800000000000000e+04
4.160900000000000000e+04
6.433600000000000000e+04
4.674600000000000000e+04
5.501500000000000000e+04
7.122800000000000000e+04
6.607800000000000000e+04
7.588200000000000000e+04
7.294100000000000000e+04
6.362500000000000000e+04
8.087500000000000000e+04
7.763100000000000000e+04
9.330900000000000000e+04
7.506300000000000000e+04
6.565600000000000000e+04
6.959200000000000000e+04
6.342400000000000000e+04
6.532300000000000000e+04
5.171200000000000000e+04
8.300100000000000000e+04
6.531000000000000000e+04
5.782000000000000000e+04
6.266100000000000000e+04
5.264500000000000000e+04
8.654700000000000000e+04
8.899400000000000000e+04
4.505900000000000000e+04
5.661900000000000000e+04
7.722500000000000000e+04
6.617700000000000000e+04
7.699800000000000000e+04
5.660400000000000000e+04
5.107700000000000000e+04
6.643400000000000000e+04
6.547800000000000000e+04
6.927500000000000000e+04
6.414400000000000000e+04
6.307000000000000000e+04
