50.72197501169072
84.15274992699042
85.6047097825998
68.98029614984391
49.97542398227625
68.65010174860876
77.04331525119851
45.63712293341901
95.79605849271016
73.96000992104902
69.91438938847267
84.10590241841574
70.18063476520167
91.07273424332631
48.84671184365425
71.39930859814245
64.73895487458698
58.23916780468564
82.99509889320898
90.82577754140064
67.5072417797335
53.78524490905178
77.32553250455788
68.94387405775026
83.20986472768716
68.34149858412579
46.36731696781654
58.81503424373189
85.25410159172412
79.0403678814688
57.33807190460991
17.11113336398263
84.86454230767907
63.93412840493599
76.86659296793574
67.78343902062758
80.83638665688697
79.10902964456632
57.98817375529222
79.05063122521854
73.82329774248414
67.72829387121462
45.48990717128208
43.57599388725494
66.32539460993333
74.02036487637781
83.47297272573228
78.58602192308629
69.26241893860126
70.71744331238723
76.64562153462764
62.51110632471423
73.61594628585131
68.4177067692786
65.79194143771555
91.02720122710575
72.61591093984681
94.21907009730037
74.37862901198312
70.57207548109952
86.17469325078393
83.75081069440225
81.76018074185474
59.26690511324632
61.55881302118085
48.60949408237902
73.62165051938011
103.8010323744421
45.0808529465567
69.89740560968659
63.73793788447635
95.97112637512059
57.37821094310205
73.32559968101488
83.09324469768274
76.90277262482203
66.51838552138364
31.46626357459325
36.71915628782884
75.00347011073713
76.58793563039411
72.51452679804591
72.05863940603254
79.99981210785546
71.07256333150065
79.19052631681755
64.34651954392712
49.5347722009499
60.96087417143841
50.87258837846273
77.0236850860622
69.09733230723137
69.09467047900334
66.69370428728638
59.12996992459496
70.980800554534
73.20583252557343
95.05835516018567
98.69457161959664
73.84046116526599
