75.95199491014102
64.66019655728677
48.62749725810311
61.83131974496782
80.32605142791478
45.15013024578848
53.50722657477024
46.1761036506664
57.71361951434852
45.27306069516336
73.14689133793154
74.91565091807526
76.58753637548375
63.07917262255361
56.6255677460796
76.18808435053617
72.48966102301171
82.17107263508245
41.70148505768874
72.68771007104577
78.17692507940032
56.10076910086246
68.85120659799651
79.68401076285451
73.17061077372527
71.08798287564203
67.71909629266688
54.77673791689728
57.79132641980111
30.84476644894559
48.47645075428191
76.45021953971633
64.32389979220831
45.91916861005353
73.71041603815172
57.05546411713784
75.85704855410775
63.29752446476249
102.1310208473477
59.55279226819862
47.68854843850906
58.51472822050647
48.70784462266815
93.87868069882785
78.48517372337342
88.27585198741713
104.8952192237569
95.279269595594
65.50887725004209
30.84476644894559
96.71912811631924
48.55166115838784
66.45187754645488
72.24831418964801
95.45796387249315
63.63571090561708
72.12029440433604
84.30775184263342
74.51502893330671
74.54341992426664
60.76180385715205
50.76718311039304
79.53123025579323
38.20966915595036
70.58640674455289
72.86218611186466
91.19090270660911
57.32922336566362
55.33649888635884
63.08255927191153
71.4541019716311
73.13003788490568
52.3552211421292
85.12586522272022
71.51886311427053
66.43917837722302
85.41576949397685
63.42382738578493
74.24598617083055
57.68364574123243
66.72544973734688
65.75426307092189
69.81497453268472
66.99419848419915
77.18700561123784
60.73424554097625
63.17812383250297
70.92251674096801
83.89956588207465
88.57375991212479
71.46669825206924
64.06900351884157
56.77718933683861
68.16584253954031
73.76039623651943
74.63883661589283
62.63455768625832
58.80037071265698
46.84608704612554
85.66163655622229
