66.40998650303447
86.51776325034552
76.05148860033391
47.8485658906219
55.90514121581688
82.09847230550923
56.50423666897043
66.42553518932819
74.48033675334828
50.1783498705489
81.18578203513101
66.19720565586613
58.45251423446172
75.73184884842046
61.42209999412673
44.84925785407882
93.53324883681992
78.41100514952768
78.60722401198286
68.08643558908412
85.0599732247783
69.59927807121963
58.9769850217015
71.41786919384921
65.40292712348105
88.57961748370232
75.13527185801983
61.09189712348871
71.41988827005963
67.28258005413899
81.58201483052827
79.67008021412627
95.0063449820165
86.50117235104815
91.32986390774924
76.39090857166228
71.15804226586593
46.87134911934807
61.47349298791214
48.73017668681259
69.02537018860508
90.06805962159947
64.59299857565524
78.59647156050445
105.0279905596599
98.28646132382629
96.40742958921786
80.08884600894001
70.95395146931764
70.33321031924093
82.06053731831231
69.43682132531356
82.76089848816783
83.62886618448383
103.4453358300896
64.78822905010605
68.98438471672654
71.43638894950656
67.81509311565287
80.63808589996417
75.38717643423628
57.57911199487484
61.95719891819328
51.79645260027387
59.98890604446476
72.83226889390239
72.67221508275925
66.30084218459632
85.39619817846163
78.92432586170814
71.84834899997485
81.09056201556383
76.65011862987592
94.00387079285619
74.53518548285315
78.41710791033468
44.42758603163404
85.50730820204838
79.79666446752036
78.91531724139641
73.91302031114533
62.47444551044524
70.74505613804358
81.62198486314823
77.68913572263553
77.41930505413575
74.77780706875693
75.66657393044323
68.35208470471608
69.6614926107688
48.30083821501147
68.71770730070649
57.37582858476976
59.30161620995651
60.72214595176849
96.65937449505883
46.90655641655495
75.67663678512832
60.12652239755877
75.82568434865861
