26.35235674610057
29.02587766994787
43.38174125292193
67.80549858112269
75.37779509742347
50.94784577566512
71.39876114585223
60.31863505315234
72.15146983823875
55.71377090625455
72.47488526704579
64.58914404451525
83.97548673011322
76.42998510552178
63.20587839705186
75.93148321255238
58.09835626282261
69.80236330547244
69.75547201279045
68.90905174230559
67.2729209132013
74.26342614849484
70.66534653665197
64.05208793568396
54.77902868080886
44.90389576156775
61.33365469785308
82.9157170559392
68.41758229013237
84.99602233183039
65.66664965882389
69.62283856778976
66.7700633953754
67.00156248924353
103.666877530868
89.86797914803536
62.21407547061911
77.07434443444852
66.68985437830852
63.60723285916468
82.74453365630868
80.69549980950009
65.87853357505769
79.37184146185032
41.74046073671181
68.8975473879523
69.20755555080481
74.84155521937767
67.72017474096683
67.04885029366281
59.8847488592579
55.44295067794747
62.52923232983399
61.23014985504804
51.5759206563204
66.44362225820504
59.58665581340755
77.6835814225622
67.00174226168333
53.14189163766289
55.25463411833638
70.62684065153047
91.65158566004195
58.09208667513668
81.16374248994754
63.46188840982697
71.16509524304334
41.75540475830243
71.10390389444709
70.55806672605928
60.5275772559968
72.92489749764439
57.77142512644862
47.83342097995929
38.73080874525687
55.69124283064448
42.71324404423786
45.92199884769076
35.76566096428709
56.46161155771904
60.44321455651751
103.0186238667856
93.85603451254971
74.76075049833794
72.7975987120782
24.06293785145788
98.86583089128538
93.45065830313825
80.9466711212138
58.09639293317042
67.59424177772365
100.2502320115664
89.39389665319536
95.42435553999863
0
49.35803082944771
65.66867379637904
104.9325211270028
98.15935299318144
93.4570670577672
