2.483190000000000000e+05
2.554560000000000000e+05
2.559260000000000000e+05
1.174450000000000000e+05
1.975570000000000000e+05
3.206590000000000000e+05
3.980060000000000000e+05
3.420080000000000000e+05
2.423060000000000000e+05
2.542920000000000000e+05
2.627450000000000000e+05
3.487040000000000000e+05
2.732200000000000000e+05
2.972730000000000000e+05
3.234620000000000000e+05
2.731600000000000000e+05
2.518930000000000000e+05
2.817260000000000000e+05
2.560310000000000000e+05
2.426480000000000000e+05
3.192240000000000000e+05
2.611460000000000000e+05
2.660640000000000000e+05
3.209000000000000000e+05
3.138540000000000000e+05
3.164280000000000000e+05
2.732620000000000000e+05
2.251570000000000000e+05
1.913870000000000000e+05
2.860960000000000000e+05
2.943740000000000000e+05
2.364710000000000000e+05
3.283360000000000000e+05
2.717920000000000000e+05
3.246800000000000000e+05
2.377850000000000000e+05
2.304700000000000000e+05
3.260710000000000000e+05
2.251570000000000000e+05
3.082780000000000000e+05
3.319350000000000000e+05
3.026640000000000000e+05
2.781620000000000000e+05
2.690250000000000000e+05
2.483560000000000000e+05
3.517490000000000000e+05
2.207590000000000000e+05
2.624200000000000000e+05
1.313120000000000000e+05
2.572550000000000000e+05
