3.602620000000000000e+05
3.213700000000000000e+05
2.655620000000000000e+05
3.136050000000000000e+05
3.459610000000000000e+05
4.007310000000000000e+05
4.167370000000000000e+05
2.749430000000000000e+05
3.246530000000000000e+05
3.758800000000000000e+05
2.988500000000000000e+05
2.812670000000000000e+05
2.485080000000000000e+05
3.857560000000000000e+05
4.018810000000000000e+05
3.663390000000000000e+05
4.083110000000000000e+05
3.778200000000000000e+05
3.142190000000000000e+05
3.860990000000000000e+05
2.305140000000000000e+05
4.042810000000000000e+05
3.524050000000000000e+05
3.289240000000000000e+05
3.424380000000000000e+05
4.073390000000000000e+05
3.038710000000000000e+05
2.578820000000000000e+05
3.722740000000000000e+05
3.079940000000000000e+05
3.019410000000000000e+05
3.354330000000000000e+05
4.208230000000000000e+05
3.426230000000000000e+05
4.408360000000000000e+05
3.239740000000000000e+05
2.587990000000000000e+05
3.265920000000000000e+05
3.753770000000000000e+05
3.749630000000000000e+05
3.303450000000000000e+05
3.480550000000000000e+05
2.939740000000000000e+05
3.085050000000000000e+05
3.827460000000000000e+05
3.165030000000000000e+05
3.490680000000000000e+05
2.556930000000000000e+05
2.411830000000000000e+05
3.127260000000000000e+05
