3.643170000000000000e+05
2.868990000000000000e+05
3.416800000000000000e+05
3.832840000000000000e+05
3.915310000000000000e+05
3.324080000000000000e+05
3.650650000000000000e+05
3.710760000000000000e+05
3.473650000000000000e+05
3.459330000000000000e+05
3.689920000000000000e+05
2.926610000000000000e+05
2.776370000000000000e+05
2.808450000000000000e+05
3.348740000000000000e+05
2.999760000000000000e+05
3.130580000000000000e+05
3.159910000000000000e+05
3.543330000000000000e+05
3.572710000000000000e+05
3.664980000000000000e+05
3.154420000000000000e+05
3.475480000000000000e+05
3.447870000000000000e+05
3.304300000000000000e+05
2.945560000000000000e+05
2.912740000000000000e+05
3.940290000000000000e+05
3.213130000000000000e+05
2.926080000000000000e+05
3.110090000000000000e+05
2.602220000000000000e+05
3.508920000000000000e+05
3.233030000000000000e+05
3.671450000000000000e+05
3.613570000000000000e+05
2.733730000000000000e+05
3.302330000000000000e+05
2.697420000000000000e+05
3.388290000000000000e+05
4.035470000000000000e+05
3.013640000000000000e+05
2.922470000000000000e+05
3.419820000000000000e+05
3.740140000000000000e+05
3.054570000000000000e+05
2.890370000000000000e+05
3.259020000000000000e+05
2.930140000000000000e+05
4.584090000000000000e+05
