3.182210000000000000e+05
3.026360000000000000e+05
4.079230000000000000e+05
3.401700000000000000e+05
3.700500000000000000e+05
3.944550000000000000e+05
1.511170000000000000e+05
2.983730000000000000e+05
3.250760000000000000e+05
3.075280000000000000e+05
2.911860000000000000e+05
2.732840000000000000e+05
2.955480000000000000e+05
3.558540000000000000e+05
2.614360000000000000e+05
2.871860000000000000e+05
2.803580000000000000e+05
2.190330000000000000e+05
3.148640000000000000e+05
2.578330000000000000e+05
3.014290000000000000e+05
2.888300000000000000e+05
3.105350000000000000e+05
2.862980000000000000e+05
3.090620000000000000e+05
2.986620000000000000e+05
2.816870000000000000e+05
3.463160000000000000e+05
3.060460000000000000e+05
2.897930000000000000e+05
3.375570000000000000e+05
2.592470000000000000e+05
2.419290000000000000e+05
3.147240000000000000e+05
3.820480000000000000e+05
3.482420000000000000e+05
3.476670000000000000e+05
3.055790000000000000e+05
3.444080000000000000e+05
3.225200000000000000e+05
3.011240000000000000e+05
3.617230000000000000e+05
3.117420000000000000e+05
2.810660000000000000e+05
3.044090000000000000e+05
2.853130000000000000e+05
2.272100000000000000e+05
2.570120000000000000e+05
3.287870000000000000e+05
2.821160000000000000e+05
