2.058010000000000000e+05
2.701230000000000000e+05
2.746740000000000000e+05
2.384550000000000000e+05
2.874920000000000000e+05
2.695880000000000000e+05
2.585250000000000000e+05
2.691600000000000000e+05
2.668480000000000000e+05
2.607670000000000000e+05
2.313060000000000000e+05
2.106370000000000000e+05
2.711830000000000000e+05
2.685590000000000000e+05
2.594320000000000000e+05
2.729670000000000000e+05
2.593660000000000000e+05
2.471580000000000000e+05
2.825130000000000000e+05
2.499530000000000000e+05
3.282630000000000000e+05
2.192170000000000000e+05
2.252890000000000000e+05
2.838320000000000000e+05
2.394850000000000000e+05
2.438970000000000000e+05
2.972260000000000000e+05
2.731660000000000000e+05
2.471610000000000000e+05
2.621110000000000000e+05
2.887330000000000000e+05
2.392910000000000000e+05
3.556870000000000000e+05
3.068070000000000000e+05
2.463000000000000000e+05
2.697950000000000000e+05
2.531020000000000000e+05
2.442090000000000000e+05
3.151820000000000000e+05
2.689570000000000000e+05
2.666900000000000000e+05
2.987320000000000000e+05
3.083850000000000000e+05
2.837260000000000000e+05
3.119560000000000000e+05
2.215460000000000000e+05
2.650200000000000000e+05
2.494750000000000000e+05
2.189260000000000000e+05
2.917640000000000000e+05
