2.440700000000000000e+05
1.955170000000000000e+05
2.417830000000000000e+05
2.708880000000000000e+05
3.221170000000000000e+05
2.670190000000000000e+05
2.613400000000000000e+05
2.413850000000000000e+05
2.972850000000000000e+05
3.257130000000000000e+05
2.558260000000000000e+05
2.805540000000000000e+05
2.842220000000000000e+05
2.580330000000000000e+05
2.845830000000000000e+05
3.090650000000000000e+05
2.179050000000000000e+05
2.404610000000000000e+05
2.693720000000000000e+05
2.870210000000000000e+05
3.175980000000000000e+05
1.147360000000000000e+05
2.693690000000000000e+05
2.949420000000000000e+05
2.227230000000000000e+05
2.895200000000000000e+05
2.670060000000000000e+05
2.887060000000000000e+05
2.220100000000000000e+05
2.078930000000000000e+05
2.911590000000000000e+05
2.721470000000000000e+05
2.049250000000000000e+05
2.169570000000000000e+05
2.102760000000000000e+05
2.100760000000000000e+05
1.963280000000000000e+05
2.962330000000000000e+05
2.413450000000000000e+05
2.389690000000000000e+05
2.670170000000000000e+05
2.452900000000000000e+05
1.957460000000000000e+05
2.810640000000000000e+05
2.096690000000000000e+05
2.722360000000000000e+05
1.895340000000000000e+05
2.617420000000000000e+05
2.416130000000000000e+05
3.015260000000000000e+05
