1.007190000000000000e+05
4.109100000000000000e+04
5.926700000000000000e+04
3.848300000000000000e+04
9.551700000000000000e+04
3.790400000000000000e+04
6.013100000000000000e+04
1.138810000000000000e+05
6.544700000000000000e+04
2.877500000000000000e+04
1.485600000000000000e+05
1.248420000000000000e+05
2.890000000000000000e+03
1.041170000000000000e+05
5.097900000000000000e+04
1.126900000000000000e+05
3.810300000000000000e+04
5.967100000000000000e+04
5.280700000000000000e+04
2.225270000000000000e+05
8.693200000000000000e+04
3.794000000000000000e+04
1.048910000000000000e+05
2.405400000000000000e+04
1.701920000000000000e+05
7.788400000000000000e+04
1.430640000000000000e+05
3.671300000000000000e+04
3.658000000000000000e+04
2.748600000000000000e+04
6.073600000000000000e+04
1.843100000000000000e+05
8.965400000000000000e+04
9.719400000000000000e+04
1.465360000000000000e+05
8.940000000000000000e+04
2.247270000000000000e+05
6.756100000000000000e+04
1.198200000000000000e+04
3.929300000000000000e+04
1.631360000000000000e+05
9.582500000000000000e+04
3.802600000000000000e+04
1.377300000000000000e+04
3.975700000000000000e+04
5.711700000000000000e+04
9.688200000000000000e+04
6.538400000000000000e+04
9.101400000000000000e+04
1.681700000000000000e+04
