3.355690000000000000e+05
1.993790000000000000e+05
2.605740000000000000e+05
2.510240000000000000e+05
3.317540000000000000e+05
2.782220000000000000e+05
2.560170000000000000e+05
3.520880000000000000e+05
3.115890000000000000e+05
2.333470000000000000e+05
2.446200000000000000e+05
2.826550000000000000e+05
2.443140000000000000e+05
2.457470000000000000e+05
3.131950000000000000e+05
1.989000000000000000e+05
2.558490000000000000e+05
2.502450000000000000e+05
1.872200000000000000e+05
3.062210000000000000e+05
1.540090000000000000e+05
2.523990000000000000e+05
2.042200000000000000e+05
1.983750000000000000e+05
2.486930000000000000e+05
2.527940000000000000e+05
2.903240000000000000e+05
2.731940000000000000e+05
3.469090000000000000e+05
2.382270000000000000e+05
2.853020000000000000e+05
3.038370000000000000e+05
1.543330000000000000e+05
1.371070000000000000e+05
2.192070000000000000e+05
3.353250000000000000e+05
3.016020000000000000e+05
2.970310000000000000e+05
3.834870000000000000e+05
2.735830000000000000e+05
2.469400000000000000e+05
2.510330000000000000e+05
2.490890000000000000e+05
2.356060000000000000e+05
2.486810000000000000e+05
2.680790000000000000e+05
2.819220000000000000e+05
2.208230000000000000e+05
2.167850000000000000e+05
2.906990000000000000e+05
