1.642540000000000000e+05
2.286270000000000000e+05
2.540260000000000000e+05
2.181080000000000000e+05
2.103690000000000000e+05
2.454750000000000000e+05
2.379860000000000000e+05
1.847590000000000000e+05
2.031160000000000000e+05
1.280670000000000000e+05
1.912470000000000000e+05
2.436840000000000000e+05
1.539210000000000000e+05
2.829530000000000000e+05
1.851030000000000000e+05
2.264910000000000000e+05
2.227320000000000000e+05
2.856370000000000000e+05
2.825480000000000000e+05
1.870430000000000000e+05
2.512340000000000000e+05
9.230200000000000000e+04
2.637420000000000000e+05
2.205230000000000000e+05
2.528730000000000000e+05
2.297630000000000000e+05
1.871460000000000000e+05
8.315900000000000000e+04
2.010970000000000000e+05
1.085430000000000000e+05
2.352780000000000000e+05
1.298130000000000000e+05
2.501700000000000000e+05
1.696020000000000000e+05
1.527590000000000000e+05
2.598010000000000000e+05
1.974830000000000000e+05
2.423290000000000000e+05
1.089610000000000000e+05
2.404710000000000000e+05
1.554000000000000000e+05
2.029060000000000000e+05
1.454910000000000000e+05
1.913430000000000000e+05
1.305410000000000000e+05
3.026570000000000000e+05
1.298360000000000000e+05
1.768500000000000000e+05
2.552830000000000000e+05
3.054790000000000000e+05
