2.593250000000000000e+05
2.656420000000000000e+05
4.053220000000000000e+05
2.764350000000000000e+05
1.104090000000000000e+05
3.170680000000000000e+05
1.980470000000000000e+05
2.429420000000000000e+05
1.924900000000000000e+05
2.921070000000000000e+05
1.629140000000000000e+05
3.049140000000000000e+05
2.918180000000000000e+05
3.199070000000000000e+05
2.759020000000000000e+05
2.638070000000000000e+05
1.966030000000000000e+05
3.092100000000000000e+05
2.262700000000000000e+05
2.663740000000000000e+05
2.009500000000000000e+05
1.253200000000000000e+05
2.173240000000000000e+05
3.124280000000000000e+05
3.163410000000000000e+05
2.754940000000000000e+05
2.289120000000000000e+05
1.694540000000000000e+05
2.240470000000000000e+05
2.240540000000000000e+05
3.697160000000000000e+05
2.566860000000000000e+05
2.872850000000000000e+05
2.826360000000000000e+05
2.478770000000000000e+05
1.919090000000000000e+05
2.299560000000000000e+05
2.783140000000000000e+05
2.531100000000000000e+05
2.073640000000000000e+05
2.931940000000000000e+05
2.217980000000000000e+05
2.495350000000000000e+05
2.569840000000000000e+05
1.920620000000000000e+05
2.916520000000000000e+05
1.459680000000000000e+05
1.412200000000000000e+05
3.829700000000000000e+05
2.083320000000000000e+05
