5.414500000000000000e+04
4.085700000000000000e+04
7.636100000000000000e+04
4.917000000000000000e+04
6.217100000000000000e+04
4.691700000000000000e+04
4.747800000000000000e+04
5.254600000000000000e+04
4.448700000000000000e+04
4.973000000000000000e+04
3.778100000000000000e+04
5.134400000000000000e+04
3.927500000000000000e+04
3.420500000000000000e+04
4.760800000000000000e+04
3.946900000000000000e+04
4.441200000000000000e+04
4.979400000000000000e+04
3.163800000000000000e+04
5.054800000000000000e+04
2.697600000000000000e+04
3.512600000000000000e+04
5.517000000000000000e+04
3.845500000000000000e+04
4.497000000000000000e+04
5.373900000000000000e+04
5.936000000000000000e+04
3.993200000000000000e+04
7.980200000000000000e+04
4.849900000000000000e+04
4.655000000000000000e+04
5.159500000000000000e+04
3.025300000000000000e+04
3.241900000000000000e+04
2.782700000000000000e+04
4.861500000000000000e+04
5.518300000000000000e+04
4.949000000000000000e+04
5.990800000000000000e+04
5.597500000000000000e+04
5.583700000000000000e+04
3.929600000000000000e+04
3.311900000000000000e+04
5.245000000000000000e+04
4.072000000000000000e+04
6.907100000000000000e+04
5.850700000000000000e+04
3.173100000000000000e+04
5.969800000000000000e+04
5.212000000000000000e+04
