9.252500000000000000e+04
8.911900000000000000e+04
7.720300000000000000e+04
9.746800000000000000e+04
7.387000000000000000e+04
9.700400000000000000e+04
1.074860000000000000e+05
6.445000000000000000e+04
6.358600000000000000e+04
8.335100000000000000e+04
8.150900000000000000e+04
1.086630000000000000e+05
8.496700000000000000e+04
9.566100000000000000e+04
9.824100000000000000e+04
8.642900000000000000e+04
9.628400000000000000e+04
9.704500000000000000e+04
8.836500000000000000e+04
1.055430000000000000e+05
7.891000000000000000e+04
7.731800000000000000e+04
9.012200000000000000e+04
8.379900000000000000e+04
1.113090000000000000e+05
9.047800000000000000e+04
1.027640000000000000e+05
9.880700000000000000e+04
6.284500000000000000e+04
8.813200000000000000e+04
8.601100000000000000e+04
1.075270000000000000e+05
8.008400000000000000e+04
1.044700000000000000e+05
8.204500000000000000e+04
8.628900000000000000e+04
9.575500000000000000e+04
1.040130000000000000e+05
9.475400000000000000e+04
8.767100000000000000e+04
1.006980000000000000e+05
8.063400000000000000e+04
7.918400000000000000e+04
8.560100000000000000e+04
9.911800000000000000e+04
9.935300000000000000e+04
7.899500000000000000e+04
7.576700000000000000e+04
1.019630000000000000e+05
8.574500000000000000e+04
