2.506400000000000000e+04
5.954800000000000000e+04
3.264800000000000000e+04
4.817000000000000000e+04
4.608800000000000000e+04
2.335900000000000000e+04
3.793800000000000000e+04
4.054500000000000000e+04
3.587900000000000000e+04
4.396700000000000000e+04
5.045500000000000000e+04
2.882800000000000000e+04
5.835600000000000000e+04
4.902400000000000000e+04
2.108400000000000000e+04
4.296300000000000000e+04
2.997900000000000000e+04
3.561400000000000000e+04
3.618500000000000000e+04
3.111800000000000000e+04
4.073100000000000000e+04
4.669500000000000000e+04
3.682200000000000000e+04
4.490200000000000000e+04
2.373100000000000000e+04
4.071000000000000000e+04
3.525700000000000000e+04
4.774000000000000000e+04
3.180700000000000000e+04
3.109700000000000000e+04
5.131100000000000000e+04
5.203200000000000000e+04
3.849100000000000000e+04
4.666900000000000000e+04
4.172800000000000000e+04
4.327800000000000000e+04
4.543900000000000000e+04
4.184200000000000000e+04
3.762800000000000000e+04
3.799700000000000000e+04
4.267700000000000000e+04
4.228400000000000000e+04
6.321100000000000000e+04
3.743700000000000000e+04
2.656200000000000000e+04
4.743000000000000000e+04
4.470900000000000000e+04
2.993600000000000000e+04
4.154600000000000000e+04
3.020000000000000000e+04
