5.290700000000000000e+04
8.763400000000000000e+04
7.318600000000000000e+04
6.636200000000000000e+04
9.603500000000000000e+04
5.105900000000000000e+04
8.368900000000000000e+04
6.691600000000000000e+04
7.623100000000000000e+04
5.880800000000000000e+04
8.080200000000000000e+04
7.432500000000000000e+04
9.932300000000000000e+04
7.949600000000000000e+04
5.534700000000000000e+04
8.443000000000000000e+04
6.806900000000000000e+04
7.256600000000000000e+04
5.612900000000000000e+04
5.850100000000000000e+04
6.145800000000000000e+04
7.102900000000000000e+04
5.337500000000000000e+04
7.307700000000000000e+04
7.490100000000000000e+04
4.176200000000000000e+04
8.007500000000000000e+04
7.502200000000000000e+04
8.341400000000000000e+04
7.308200000000000000e+04
7.532600000000000000e+04
8.689800000000000000e+04
5.954000000000000000e+04
7.335900000000000000e+04
9.261400000000000000e+04
7.584200000000000000e+04
6.853800000000000000e+04
6.300300000000000000e+04
8.024600000000000000e+04
1.087000000000000000e+05
5.744000000000000000e+04
5.884700000000000000e+04
6.205100000000000000e+04
6.851500000000000000e+04
8.777000000000000000e+04
5.881100000000000000e+04
5.419600000000000000e+04
5.614100000000000000e+04
7.954900000000000000e+04
7.679500000000000000e+04
