6.605000000000000000e+04
7.404000000000000000e+04
6.333000000000000000e+04
6.689300000000000000e+04
6.567200000000000000e+04
7.595800000000000000e+04
6.223700000000000000e+04
4.897000000000000000e+04
6.237800000000000000e+04
3.841700000000000000e+04
6.305400000000000000e+04
6.010900000000000000e+04
4.355500000000000000e+04
5.231500000000000000e+04
5.342000000000000000e+04
6.697400000000000000e+04
5.751000000000000000e+04
4.596700000000000000e+04
5.629800000000000000e+04
6.195000000000000000e+04
8.089700000000000000e+04
5.916600000000000000e+04
5.243300000000000000e+04
7.085300000000000000e+04
6.457700000000000000e+04
6.244800000000000000e+04
6.468200000000000000e+04
5.509900000000000000e+04
5.136600000000000000e+04
6.364100000000000000e+04
4.050200000000000000e+04
7.445600000000000000e+04
5.815400000000000000e+04
5.397000000000000000e+04
5.544900000000000000e+04
6.649400000000000000e+04
6.040500000000000000e+04
5.047600000000000000e+04
5.278100000000000000e+04
7.702900000000000000e+04
7.223300000000000000e+04
6.352500000000000000e+04
7.026800000000000000e+04
6.215900000000000000e+04
5.741900000000000000e+04
6.308000000000000000e+04
5.735300000000000000e+04
8.965200000000000000e+04
7.332500000000000000e+04
6.050500000000000000e+04
