4.260700000000000000e+04
5.611800000000000000e+04
4.460800000000000000e+04
5.762700000000000000e+04
6.594700000000000000e+04
5.598600000000000000e+04
5.926200000000000000e+04
6.192600000000000000e+04
4.878100000000000000e+04
4.726400000000000000e+04
3.955200000000000000e+04
3.598500000000000000e+04
3.608600000000000000e+04
4.825800000000000000e+04
4.396700000000000000e+04
4.049300000000000000e+04
3.496100000000000000e+04
5.967000000000000000e+04
4.986000000000000000e+04
6.483100000000000000e+04
2.030400000000000000e+04
6.553300000000000000e+04
5.529900000000000000e+04
3.860100000000000000e+04
5.664600000000000000e+04
3.500000000000000000e+04
5.246900000000000000e+04
4.968400000000000000e+04
5.347400000000000000e+04
3.611700000000000000e+04
2.741000000000000000e+04
3.547900000000000000e+04
4.938000000000000000e+04
4.161400000000000000e+04
2.461700000000000000e+04
4.977000000000000000e+04
5.776500000000000000e+04
4.685700000000000000e+04
3.144800000000000000e+04
5.304200000000000000e+04
4.826400000000000000e+04
5.475900000000000000e+04
3.787500000000000000e+04
1.223300000000000000e+04
4.606700000000000000e+04
4.359300000000000000e+04
4.071400000000000000e+04
5.829500000000000000e+04
4.820500000000000000e+04
4.399600000000000000e+04
