1.820200000000000000e+04
1.781700000000000000e+04
6.605000000000000000e+03
1.096900000000000000e+04
1.006100000000000000e+04
1.104800000000000000e+04
2.803300000000000000e+04
1.425100000000000000e+04
2.075800000000000000e+04
1.308900000000000000e+04
1.227700000000000000e+04
1.300500000000000000e+04
2.133000000000000000e+03
2.717400000000000000e+04
5.044000000000000000e+03
6.878000000000000000e+03
1.445400000000000000e+04
2.519000000000000000e+04
7.676000000000000000e+03
6.657000000000000000e+03
1.516800000000000000e+04
1.905700000000000000e+04
4.356000000000000000e+03
1.216600000000000000e+04
2.481700000000000000e+04
1.423100000000000000e+04
1.753200000000000000e+04
2.173800000000000000e+04
1.334400000000000000e+04
1.644100000000000000e+04
2.011500000000000000e+04
1.773900000000000000e+04
9.623000000000000000e+03
1.907800000000000000e+04
1.206800000000000000e+04
4.560000000000000000e+03
3.483000000000000000e+03
1.728100000000000000e+04
1.378900000000000000e+04
1.711900000000000000e+04
1.006900000000000000e+04
1.317800000000000000e+04
1.489800000000000000e+04
6.026000000000000000e+03
1.196900000000000000e+04
1.704400000000000000e+04
1.676100000000000000e+04
1.142700000000000000e+04
1.318600000000000000e+04
8.702000000000000000e+03
