5.108800000000000000e+04
7.038800000000000000e+04
5.460500000000000000e+04
6.094700000000000000e+04
3.603700000000000000e+04
5.624500000000000000e+04
3.631800000000000000e+04
8.492300000000000000e+04
5.686800000000000000e+04
5.984000000000000000e+04
7.382200000000000000e+04
6.450200000000000000e+04
5.754600000000000000e+04
8.629500000000000000e+04
5.820600000000000000e+04
6.031700000000000000e+04
8.489400000000000000e+04
5.499400000000000000e+04
4.587100000000000000e+04
4.282800000000000000e+04
5.055100000000000000e+04
2.309700000000000000e+04
6.433200000000000000e+04
5.912800000000000000e+04
6.787000000000000000e+04
7.176900000000000000e+04
5.195900000000000000e+04
7.033400000000000000e+04
6.134600000000000000e+04
4.549500000000000000e+04
4.839700000000000000e+04
6.602800000000000000e+04
5.477300000000000000e+04
5.372200000000000000e+04
8.363600000000000000e+04
5.370400000000000000e+04
5.822400000000000000e+04
4.713400000000000000e+04
6.921600000000000000e+04
8.959100000000000000e+04
5.090700000000000000e+04
6.669000000000000000e+04
4.587800000000000000e+04
4.558700000000000000e+04
6.040100000000000000e+04
5.396500000000000000e+04
2.559500000000000000e+04
6.964800000000000000e+04
4.703800000000000000e+04
5.213800000000000000e+04
