5.437200000000000000e+04
4.346800000000000000e+04
5.824300000000000000e+04
5.318300000000000000e+04
2.430700000000000000e+04
3.755200000000000000e+04
5.649700000000000000e+04
7.251600000000000000e+04
3.910700000000000000e+04
5.154100000000000000e+04
3.862400000000000000e+04
6.630500000000000000e+04
6.252100000000000000e+04
7.739500000000000000e+04
6.135600000000000000e+04
5.147500000000000000e+04
7.188100000000000000e+04
4.181000000000000000e+04
4.379000000000000000e+04
5.799900000000000000e+04
4.925300000000000000e+04
5.443500000000000000e+04
5.149300000000000000e+04
4.925900000000000000e+04
4.948200000000000000e+04
4.114400000000000000e+04
4.570200000000000000e+04
4.625800000000000000e+04
5.950000000000000000e+04
6.030200000000000000e+04
4.582800000000000000e+04
6.217900000000000000e+04
6.498300000000000000e+04
5.225300000000000000e+04
5.658100000000000000e+04
7.479100000000000000e+04
5.873200000000000000e+04
5.168600000000000000e+04
5.472300000000000000e+04
4.881700000000000000e+04
5.969900000000000000e+04
5.183500000000000000e+04
6.404000000000000000e+04
5.165900000000000000e+04
4.040700000000000000e+04
5.379300000000000000e+04
7.703900000000000000e+04
5.105900000000000000e+04
6.877500000000000000e+04
5.712600000000000000e+04
