6.507000000000000000e+03
5.008000000000000000e+03
8.383000000000000000e+03
7.896000000000000000e+03
6.040000000000000000e+03
5.373000000000000000e+03
1.595000000000000000e+04
1.902500000000000000e+04
1.237100000000000000e+04
5.717000000000000000e+03
2.060000000000000000e+04
1.456600000000000000e+04
3.912000000000000000e+03
1.455500000000000000e+04
1.059000000000000000e+04
7.320000000000000000e+03
6.571000000000000000e+03
8.213000000000000000e+03
4.505000000000000000e+03
1.670700000000000000e+04
1.489600000000000000e+04
8.547000000000000000e+03
1.102700000000000000e+04
4.220000000000000000e+03
2.213900000000000000e+04
1.203600000000000000e+04
1.893300000000000000e+04
1.093500000000000000e+04
1.031300000000000000e+04
1.557000000000000000e+03
6.724000000000000000e+03
1.667800000000000000e+04
1.439200000000000000e+04
1.199900000000000000e+04
1.587900000000000000e+04
1.206400000000000000e+04
1.500000000000000000e+04
7.146000000000000000e+03
3.640000000000000000e+02
2.653000000000000000e+03
1.705600000000000000e+04
5.041000000000000000e+03
9.908000000000000000e+03
1.722000000000000000e+03
5.635000000000000000e+03
1.465100000000000000e+04
1.336600000000000000e+04
6.640000000000000000e+03
7.872000000000000000e+03
7.842000000000000000e+03
