6.161700000000000000e+04
3.923900000000000000e+04
6.209000000000000000e+04
4.178200000000000000e+04
3.585700000000000000e+04
4.906300000000000000e+04
2.148500000000000000e+04
4.140500000000000000e+04
5.212600000000000000e+04
5.187200000000000000e+04
4.738200000000000000e+04
4.198500000000000000e+04
5.428500000000000000e+04
4.644300000000000000e+04
4.078800000000000000e+04
5.762800000000000000e+04
4.839800000000000000e+04
4.679700000000000000e+04
3.715400000000000000e+04
5.623500000000000000e+04
4.704600000000000000e+04
4.844400000000000000e+04
4.358400000000000000e+04
5.104800000000000000e+04
5.159600000000000000e+04
5.742900000000000000e+04
3.321100000000000000e+04
4.616000000000000000e+04
4.353300000000000000e+04
4.932100000000000000e+04
4.406300000000000000e+04
3.034800000000000000e+04
3.995600000000000000e+04
4.052300000000000000e+04
4.139500000000000000e+04
4.861800000000000000e+04
5.771100000000000000e+04
3.695400000000000000e+04
4.416400000000000000e+04
3.444600000000000000e+04
3.546500000000000000e+04
5.149000000000000000e+04
4.638600000000000000e+04
4.082700000000000000e+04
3.129800000000000000e+04
4.074100000000000000e+04
4.433900000000000000e+04
3.455400000000000000e+04
5.946700000000000000e+04
3.410300000000000000e+04
