1.167600000000000000e+04
1.081900000000000000e+04
6.172000000000000000e+03
1.158700000000000000e+04
5.910000000000000000e+03
5.657000000000000000e+03
4.678000000000000000e+03
7.155000000000000000e+03
1.844700000000000000e+04
5.738000000000000000e+03
5.587000000000000000e+03
6.950000000000000000e+03
4.174000000000000000e+03
7.877000000000000000e+03
4.427000000000000000e+03
6.834000000000000000e+03
1.482600000000000000e+04
4.863000000000000000e+03
3.166000000000000000e+03
6.282000000000000000e+03
1.443000000000000000e+03
9.868000000000000000e+03
8.922000000000000000e+03
6.975000000000000000e+03
7.095000000000000000e+03
1.326600000000000000e+04
1.037200000000000000e+04
1.057100000000000000e+04
4.317000000000000000e+03
1.295600000000000000e+04
9.542000000000000000e+03
3.201000000000000000e+03
1.198000000000000000e+03
4.810000000000000000e+03
1.937700000000000000e+04
2.028000000000000000e+03
5.979000000000000000e+03
9.703000000000000000e+03
2.624000000000000000e+03
1.149900000000000000e+04
8.684000000000000000e+03
5.711000000000000000e+03
1.022200000000000000e+04
4.679000000000000000e+03
6.663000000000000000e+03
8.807000000000000000e+03
1.548900000000000000e+04
8.475000000000000000e+03
7.288000000000000000e+03
5.998000000000000000e+03
