3.226800000000000000e+04
4.049500000000000000e+04
3.973900000000000000e+04
2.259000000000000000e+04
3.174300000000000000e+04
4.705600000000000000e+04
3.459100000000000000e+04
3.676100000000000000e+04
3.555400000000000000e+04
2.177800000000000000e+04
3.108000000000000000e+04
3.050900000000000000e+04
2.828000000000000000e+04
3.333900000000000000e+04
3.951700000000000000e+04
2.197500000000000000e+04
4.523000000000000000e+04
5.895900000000000000e+04
2.397100000000000000e+04
4.099200000000000000e+04
2.608300000000000000e+04
1.566400000000000000e+04
4.548300000000000000e+04
3.023300000000000000e+04
3.793300000000000000e+04
3.389300000000000000e+04
3.775000000000000000e+04
1.004200000000000000e+04
3.876800000000000000e+04
2.630800000000000000e+04
3.464800000000000000e+04
2.498600000000000000e+04
3.026700000000000000e+04
2.299700000000000000e+04
2.536800000000000000e+04
3.238900000000000000e+04
2.765700000000000000e+04
2.812900000000000000e+04
1.721000000000000000e+04
3.022500000000000000e+04
2.571700000000000000e+04
4.852400000000000000e+04
2.678800000000000000e+04
2.126400000000000000e+04
3.071700000000000000e+04
4.600600000000000000e+04
2.054000000000000000e+04
2.773300000000000000e+04
3.992900000000000000e+04
3.563400000000000000e+04
