9.336800000000000000e+04
5.642300000000000000e+04
8.760900000000000000e+04
6.609300000000000000e+04
8.784200000000000000e+04
6.595800000000000000e+04
8.126700000000000000e+04
7.323300000000000000e+04
8.568300000000000000e+04
6.662200000000000000e+04
6.730000000000000000e+04
1.073980000000000000e+05
6.500200000000000000e+04
1.017540000000000000e+05
8.412500000000000000e+04
8.470400000000000000e+04
8.288800000000000000e+04
1.000070000000000000e+05
7.022500000000000000e+04
9.744100000000000000e+04
9.571300000000000000e+04
7.081600000000000000e+04
6.023400000000000000e+04
8.938000000000000000e+04
6.557600000000000000e+04
5.343200000000000000e+04
6.971500000000000000e+04
7.207400000000000000e+04
6.019700000000000000e+04
6.129700000000000000e+04
6.130300000000000000e+04
7.768900000000000000e+04
6.323900000000000000e+04
7.940300000000000000e+04
7.933900000000000000e+04
9.812600000000000000e+04
5.940700000000000000e+04
8.925800000000000000e+04
1.081320000000000000e+05
8.989200000000000000e+04
6.340600000000000000e+04
7.440500000000000000e+04
6.519200000000000000e+04
6.686000000000000000e+04
9.924300000000000000e+04
7.744600000000000000e+04
7.000900000000000000e+04
8.304600000000000000e+04
7.665600000000000000e+04
8.953200000000000000e+04
