7.764200000000000000e+04
9.064200000000000000e+04
7.211700000000000000e+04
8.295900000000000000e+04
8.967700000000000000e+04
8.764600000000000000e+04
6.761900000000000000e+04
7.924900000000000000e+04
9.514800000000000000e+04
5.939900000000000000e+04
7.757400000000000000e+04
7.206100000000000000e+04
7.276900000000000000e+04
7.105100000000000000e+04
7.994500000000000000e+04
7.370200000000000000e+04
7.290400000000000000e+04
8.475400000000000000e+04
1.016000000000000000e+05
9.345300000000000000e+04
7.215900000000000000e+04
6.745800000000000000e+04
9.343100000000000000e+04
7.821900000000000000e+04
7.317300000000000000e+04
8.528300000000000000e+04
6.896000000000000000e+04
8.154100000000000000e+04
8.505900000000000000e+04
8.742900000000000000e+04
9.626600000000000000e+04
7.174900000000000000e+04
8.708300000000000000e+04
6.361800000000000000e+04
8.668800000000000000e+04
8.342200000000000000e+04
9.795500000000000000e+04
1.036400000000000000e+05
4.828300000000000000e+04
8.103400000000000000e+04
9.927200000000000000e+04
6.996100000000000000e+04
9.664400000000000000e+04
8.333400000000000000e+04
7.229500000000000000e+04
7.044500000000000000e+04
7.375300000000000000e+04
7.978300000000000000e+04
8.177300000000000000e+04
8.873800000000000000e+04
