2.316200000000000000e+04
2.835300000000000000e+04
2.865800000000000000e+04
1.277500000000000000e+04
2.774000000000000000e+04
3.118400000000000000e+04
3.220600000000000000e+04
3.528000000000000000e+04
2.831400000000000000e+04
3.312600000000000000e+04
4.417200000000000000e+04
4.191600000000000000e+04
3.204800000000000000e+04
3.738900000000000000e+04
4.180600000000000000e+04
2.491100000000000000e+04
3.122000000000000000e+04
4.321000000000000000e+04
2.647800000000000000e+04
4.684100000000000000e+04
3.317300000000000000e+04
3.619700000000000000e+04
4.303200000000000000e+04
2.778100000000000000e+04
4.027300000000000000e+04
4.240600000000000000e+04
3.369600000000000000e+04
1.223300000000000000e+04
2.572300000000000000e+04
4.315600000000000000e+04
3.242200000000000000e+04
3.142600000000000000e+04
3.075300000000000000e+04
3.507700000000000000e+04
4.835400000000000000e+04
2.557300000000000000e+04
3.006000000000000000e+04
3.348800000000000000e+04
1.223300000000000000e+04
4.469200000000000000e+04
3.606500000000000000e+04
5.242800000000000000e+04
3.173300000000000000e+04
1.868800000000000000e+04
2.947500000000000000e+04
4.659800000000000000e+04
2.748100000000000000e+04
2.538900000000000000e+04
1.426800000000000000e+04
2.766500000000000000e+04
