1.054710000000000000e+05
1.433110000000000000e+05
1.713160000000000000e+05
2.255800000000000000e+05
2.574190000000000000e+05
1.102440000000000000e+05
2.330340000000000000e+05
9.973700000000000000e+04
1.853470000000000000e+05
2.588310000000000000e+05
2.888520000000000000e+05
1.926290000000000000e+05
2.337610000000000000e+05
1.859900000000000000e+05
8.535600000000000000e+04
1.463750000000000000e+05
2.266650000000000000e+05
3.080680000000000000e+05
2.338650000000000000e+05
1.764330000000000000e+05
7.636700000000000000e+04
1.925060000000000000e+05
1.206570000000000000e+05
1.694640000000000000e+05
1.974680000000000000e+05
2.701190000000000000e+05
2.807070000000000000e+05
1.697480000000000000e+05
1.991680000000000000e+05
1.351870000000000000e+05
2.025860000000000000e+05
3.234560000000000000e+05
1.329570000000000000e+05
4.427800000000000000e+04
1.323800000000000000e+05
2.071030000000000000e+05
1.028840000000000000e+05
2.056510000000000000e+05
2.496360000000000000e+05
2.176570000000000000e+05
2.567830000000000000e+05
5.557000000000000000e+04
9.690000000000000000e+04
1.707040000000000000e+05
2.133640000000000000e+05
1.811870000000000000e+05
1.577710000000000000e+05
2.018210000000000000e+05
1.866740000000000000e+05
1.772350000000000000e+05
