2.832910000000000000e+05
3.750100000000000000e+05
3.245780000000000000e+05
2.974290000000000000e+05
3.665600000000000000e+05
3.493620000000000000e+05
1.966780000000000000e+05
2.908590000000000000e+05
3.695090000000000000e+05
3.259120000000000000e+05
3.005690000000000000e+05
3.200350000000000000e+05
2.688590000000000000e+05
2.973710000000000000e+05
3.388570000000000000e+05
2.773180000000000000e+05
4.060630000000000000e+05
3.007780000000000000e+05
3.317400000000000000e+05
2.622190000000000000e+05
3.490150000000000000e+05
2.683110000000000000e+05
2.601490000000000000e+05
3.252140000000000000e+05
3.291820000000000000e+05
2.581030000000000000e+05
1.650740000000000000e+05
3.032100000000000000e+05
2.413900000000000000e+05
3.881030000000000000e+05
3.547860000000000000e+05
2.179520000000000000e+05
3.709290000000000000e+05
3.274770000000000000e+05
3.460730000000000000e+05
3.316580000000000000e+05
4.303210000000000000e+05
2.764740000000000000e+05
2.494360000000000000e+05
3.833860000000000000e+05
3.879060000000000000e+05
3.217390000000000000e+05
3.076610000000000000e+05
2.705060000000000000e+05
2.549550000000000000e+05
3.637000000000000000e+05
3.403670000000000000e+05
3.487020000000000000e+05
2.778100000000000000e+05
3.275590000000000000e+05
