3.743700000000000000e+04
1.675860000000000000e+05
1.231300000000000000e+05
1.400910000000000000e+05
8.660200000000000000e+04
1.627360000000000000e+05
2.013810000000000000e+05
2.328600000000000000e+05
4.685200000000000000e+04
1.598250000000000000e+05
7.930100000000000000e+04
9.368500000000000000e+04
9.120700000000000000e+04
1.208980000000000000e+05
2.028430000000000000e+05
1.445010000000000000e+05
1.408860000000000000e+05
1.368360000000000000e+05
2.985400000000000000e+04
1.668410000000000000e+05
1.075170000000000000e+05
3.647500000000000000e+04
6.570200000000000000e+04
2.882550000000000000e+05
1.043550000000000000e+05
4.393600000000000000e+04
9.181200000000000000e+04
9.948000000000000000e+03
9.213700000000000000e+04
2.008400000000000000e+04
1.774210000000000000e+05
1.570030000000000000e+05
6.050400000000000000e+04
1.193250000000000000e+05
1.438900000000000000e+04
1.356910000000000000e+05
5.253000000000000000e+04
3.526300000000000000e+04
9.024200000000000000e+04
1.429100000000000000e+05
1.334570000000000000e+05
1.894710000000000000e+05
1.155860000000000000e+05
7.101000000000000000e+03
1.621040000000000000e+05
1.508720000000000000e+05
1.006750000000000000e+05
2.388810000000000000e+05
3.389500000000000000e+04
8.529200000000000000e+04
