1.916410000000000000e+05
1.547160000000000000e+05
2.982730000000000000e+05
9.181800000000000000e+04
2.301370000000000000e+05
5.519000000000000000e+04
1.648180000000000000e+05
3.060530000000000000e+05
3.384770000000000000e+05
2.366520000000000000e+05
1.721150000000000000e+05
2.308270000000000000e+05
4.648500000000000000e+04
2.030070000000000000e+05
1.683930000000000000e+05
2.758340000000000000e+05
1.555060000000000000e+05
1.790320000000000000e+05
2.682410000000000000e+05
3.309000000000000000e+05
2.637660000000000000e+05
2.198770000000000000e+05
2.779710000000000000e+05
1.527280000000000000e+05
1.583630000000000000e+05
2.498080000000000000e+05
2.444340000000000000e+05
2.501980000000000000e+05
2.981370000000000000e+05
1.561860000000000000e+05
2.003410000000000000e+05
2.675840000000000000e+05
2.240800000000000000e+05
2.218950000000000000e+05
2.337430000000000000e+05
1.646250000000000000e+05
2.257630000000000000e+05
1.592030000000000000e+05
2.375780000000000000e+05
1.878630000000000000e+05
2.025580000000000000e+05
2.068690000000000000e+05
2.933590000000000000e+05
2.120060000000000000e+05
1.311010000000000000e+05
3.289540000000000000e+05
1.937540000000000000e+05
2.610510000000000000e+05
2.196540000000000000e+05
2.309530000000000000e+05
