2.738080000000000000e+05
1.788290000000000000e+05
2.003950000000000000e+05
2.220000000000000000e+05
2.236260000000000000e+05
3.060860000000000000e+05
2.278820000000000000e+05
1.850630000000000000e+05
3.473700000000000000e+05
2.416790000000000000e+05
1.925940000000000000e+05
2.026670000000000000e+05
3.860890000000000000e+05
2.577840000000000000e+05
3.251780000000000000e+05
2.413530000000000000e+05
2.621250000000000000e+05
2.900950000000000000e+05
2.442030000000000000e+05
3.395120000000000000e+05
3.415990000000000000e+05
2.538500000000000000e+05
2.404210000000000000e+05
2.102670000000000000e+05
2.731460000000000000e+05
2.427190000000000000e+05
2.403930000000000000e+05
2.777990000000000000e+05
4.275990000000000000e+05
2.850930000000000000e+05
2.950940000000000000e+05
3.355840000000000000e+05
3.113190000000000000e+05
2.213680000000000000e+05
1.856660000000000000e+05
3.529110000000000000e+05
2.377380000000000000e+05
1.427310000000000000e+05
4.774710000000000000e+05
2.780710000000000000e+05
4.712750000000000000e+05
2.527510000000000000e+05
2.933830000000000000e+05
2.603580000000000000e+05
2.365420000000000000e+05
2.899890000000000000e+05
2.495890000000000000e+05
1.627810000000000000e+05
4.283790000000000000e+05
3.550000000000000000e+05
