3.398400000000000000e+05
2.099470000000000000e+05
2.179530000000000000e+05
2.040630000000000000e+05
2.157460000000000000e+05
2.225420000000000000e+05
1.265880000000000000e+05
2.354940000000000000e+05
2.841650000000000000e+05
2.801180000000000000e+05
2.536780000000000000e+05
1.598310000000000000e+05
3.017580000000000000e+05
2.477170000000000000e+05
2.573840000000000000e+05
3.568710000000000000e+05
2.515540000000000000e+05
2.514470000000000000e+05
2.216850000000000000e+05
3.909380000000000000e+05
3.628180000000000000e+05
2.354030000000000000e+05
1.926340000000000000e+05
1.628740000000000000e+05
2.968530000000000000e+05
2.138650000000000000e+05
1.909380000000000000e+05
3.406330000000000000e+05
2.406760000000000000e+05
2.549910000000000000e+05
3.099530000000000000e+05
2.438120000000000000e+05
3.229730000000000000e+05
1.167880000000000000e+05
2.586620000000000000e+05
2.633490000000000000e+05
2.748560000000000000e+05
1.901500000000000000e+05
3.384220000000000000e+05
2.125220000000000000e+05
3.604360000000000000e+05
3.657720000000000000e+05
1.600690000000000000e+05
2.381800000000000000e+05
2.730070000000000000e+05
3.810340000000000000e+05
8.793400000000000000e+04
3.443220000000000000e+05
3.300250000000000000e+05
3.592680000000000000e+05
