2.478650000000000000e+05
2.670130000000000000e+05
2.880740000000000000e+05
2.515400000000000000e+05
2.214880000000000000e+05
2.681200000000000000e+05
2.902090000000000000e+05
2.473440000000000000e+05
3.968460000000000000e+05
2.715130000000000000e+05
2.492980000000000000e+05
2.519360000000000000e+05
3.638020000000000000e+05
3.349010000000000000e+05
2.398180000000000000e+05
3.047950000000000000e+05
2.753780000000000000e+05
2.915620000000000000e+05
2.622050000000000000e+05
2.357720000000000000e+05
2.799960000000000000e+05
2.774480000000000000e+05
2.980130000000000000e+05
2.682810000000000000e+05
2.856660000000000000e+05
3.162680000000000000e+05
2.478640000000000000e+05
2.488420000000000000e+05
3.235400000000000000e+05
2.239190000000000000e+05
3.059450000000000000e+05
2.993650000000000000e+05
2.624900000000000000e+05
2.699970000000000000e+05
2.601100000000000000e+05
3.004140000000000000e+05
2.695580000000000000e+05
2.482200000000000000e+05
3.092650000000000000e+05
2.656610000000000000e+05
3.241800000000000000e+05
2.872080000000000000e+05
2.429650000000000000e+05
3.469750000000000000e+05
3.137690000000000000e+05
2.240930000000000000e+05
2.553710000000000000e+05
2.127460000000000000e+05
3.460650000000000000e+05
3.394210000000000000e+05
