9.656100000000000000e+04
1.123000000000000000e+05
9.729900000000000000e+04
1.256450000000000000e+05
1.780310000000000000e+05
4.811700000000000000e+04
1.260800000000000000e+04
8.309100000000000000e+04
1.324080000000000000e+05
1.483080000000000000e+05
6.161400000000000000e+04
1.685820000000000000e+05
1.434820000000000000e+05
2.966200000000000000e+04
2.973600000000000000e+04
1.709820000000000000e+05
1.506250000000000000e+05
1.541900000000000000e+05
1.117440000000000000e+05
1.043470000000000000e+05
1.326950000000000000e+05
1.651430000000000000e+05
7.579000000000000000e+04
1.217100000000000000e+05
6.611300000000000000e+04
1.266570000000000000e+05
1.136720000000000000e+05
9.336800000000000000e+04
5.683900000000000000e+04
1.562370000000000000e+05
2.000180000000000000e+05
5.960100000000000000e+04
5.361900000000000000e+04
1.506200000000000000e+05
9.323400000000000000e+04
1.936430000000000000e+05
3.102600000000000000e+04
9.525000000000000000e+04
7.324200000000000000e+04
1.118300000000000000e+05
1.306960000000000000e+05
1.457450000000000000e+05
8.159700000000000000e+04
1.798980000000000000e+05
1.268530000000000000e+05
1.200000000000000000e+05
6.337900000000000000e+04
7.826700000000000000e+04
1.306330000000000000e+05
8.613600000000000000e+04
