2.255480000000000000e+05
1.943780000000000000e+05
1.082310000000000000e+05
8.880000000000000000e+04
1.343200000000000000e+05
2.038640000000000000e+05
1.467800000000000000e+05
6.518400000000000000e+04
6.686400000000000000e+04
2.102320000000000000e+05
1.440960000000000000e+05
1.290450000000000000e+05
1.768500000000000000e+05
1.872130000000000000e+05
2.344430000000000000e+05
1.610040000000000000e+05
1.619900000000000000e+05
2.047640000000000000e+05
2.412740000000000000e+05
2.294280000000000000e+05
5.651800000000000000e+04
2.256140000000000000e+05
2.809380000000000000e+05
2.799800000000000000e+05
2.673170000000000000e+05
1.678780000000000000e+05
9.854900000000000000e+04
1.079480000000000000e+05
1.779820000000000000e+05
1.097320000000000000e+05
2.197210000000000000e+05
1.913750000000000000e+05
1.173270000000000000e+05
1.043990000000000000e+05
1.706670000000000000e+05
2.233790000000000000e+05
1.764580000000000000e+05
1.964210000000000000e+05
8.395600000000000000e+04
1.786810000000000000e+05
1.478460000000000000e+05
2.453350000000000000e+05
1.438280000000000000e+05
1.227630000000000000e+05
1.144750000000000000e+05
1.923550000000000000e+05
2.120110000000000000e+05
1.792990000000000000e+05
2.160630000000000000e+05
1.612810000000000000e+05
