2.308110000000000000e+05
1.187660000000000000e+05
2.646190000000000000e+05
3.034400000000000000e+05
2.066850000000000000e+05
2.293870000000000000e+05
2.338730000000000000e+05
2.478380000000000000e+05
3.177570000000000000e+05
1.929170000000000000e+05
1.027130000000000000e+05
3.161940000000000000e+05
9.294400000000000000e+04
3.055900000000000000e+05
1.432080000000000000e+05
1.119900000000000000e+05
1.944840000000000000e+05
1.731490000000000000e+05
2.840750000000000000e+05
2.965660000000000000e+05
2.901360000000000000e+05
2.671480000000000000e+05
2.712950000000000000e+05
1.655320000000000000e+05
1.573320000000000000e+05
2.971140000000000000e+05
2.243590000000000000e+05
1.609670000000000000e+05
2.140760000000000000e+05
2.302960000000000000e+05
1.433560000000000000e+05
1.687100000000000000e+05
2.492090000000000000e+05
1.856280000000000000e+05
2.429230000000000000e+05
2.113880000000000000e+05
1.989310000000000000e+05
1.971420000000000000e+05
1.622230000000000000e+05
1.346730000000000000e+05
2.442210000000000000e+05
9.564000000000000000e+04
2.429400000000000000e+05
2.610690000000000000e+05
2.098380000000000000e+05
1.722440000000000000e+05
3.163190000000000000e+05
2.470750000000000000e+05
2.676130000000000000e+05
1.803100000000000000e+05
