2.452750000000000000e+05
1.679980000000000000e+05
2.203440000000000000e+05
2.246500000000000000e+05
2.180540000000000000e+05
1.085060000000000000e+05
1.332840000000000000e+05
1.130110000000000000e+05
1.631250000000000000e+05
2.226680000000000000e+05
1.581390000000000000e+05
2.398610000000000000e+05
1.574820000000000000e+05
3.273400000000000000e+05
1.330250000000000000e+05
5.533900000000000000e+04
1.633890000000000000e+05
1.796750000000000000e+05
1.935240000000000000e+05
2.250250000000000000e+05
1.459000000000000000e+05
1.205440000000000000e+05
1.135180000000000000e+05
1.667530000000000000e+05
1.204150000000000000e+05
1.271020000000000000e+05
2.079300000000000000e+05
1.306560000000000000e+05
1.263490000000000000e+05
1.623820000000000000e+05
1.303050000000000000e+05
1.539430000000000000e+05
1.158170000000000000e+05
2.084470000000000000e+05
1.431840000000000000e+05
1.934450000000000000e+05
1.944190000000000000e+05
1.910750000000000000e+05
2.311170000000000000e+05
2.151640000000000000e+05
2.273820000000000000e+05
1.899450000000000000e+05
2.269500000000000000e+05
9.078800000000000000e+04
2.013750000000000000e+05
2.370770000000000000e+05
8.573300000000000000e+04
1.174070000000000000e+05
1.347650000000000000e+05
2.478810000000000000e+05
