2.068170000000000000e+05
2.189330000000000000e+05
1.643940000000000000e+05
1.854570000000000000e+05
3.134240000000000000e+05
2.276450000000000000e+05
2.517500000000000000e+05
1.970870000000000000e+05
1.945330000000000000e+05
3.009980000000000000e+05
2.069230000000000000e+05
2.165110000000000000e+05
2.022790000000000000e+05
2.676830000000000000e+05
1.727270000000000000e+05
2.579900000000000000e+05
2.511110000000000000e+05
1.759970000000000000e+05
2.119460000000000000e+05
3.044610000000000000e+05
2.584800000000000000e+05
1.855160000000000000e+05
1.882340000000000000e+05
1.689850000000000000e+05
2.339890000000000000e+05
2.114550000000000000e+05
2.352420000000000000e+05
2.408540000000000000e+05
2.989440000000000000e+05
2.221850000000000000e+05
1.538960000000000000e+05
1.456650000000000000e+05
2.301630000000000000e+05
1.336390000000000000e+05
1.706740000000000000e+05
1.497280000000000000e+05
1.923930000000000000e+05
2.090910000000000000e+05
2.938540000000000000e+05
6.716000000000000000e+04
2.563680000000000000e+05
6.180400000000000000e+04
1.543940000000000000e+05
2.823330000000000000e+05
3.036070000000000000e+05
1.936200000000000000e+05
2.718130000000000000e+05
2.434520000000000000e+05
2.405390000000000000e+05
2.710360000000000000e+05
