1.766300000000000000e+04
8.125000000000000000e+03
2.924400000000000000e+04
1.419300000000000000e+04
1.504900000000000000e+04
1.396600000000000000e+04
1.431100000000000000e+04
2.092500000000000000e+04
2.667300000000000000e+04
1.134300000000000000e+04
1.852800000000000000e+04
1.098100000000000000e+04
1.236900000000000000e+04
1.518100000000000000e+04
1.463600000000000000e+04
1.656400000000000000e+04
2.120700000000000000e+04
2.480200000000000000e+04
1.737600000000000000e+04
1.591100000000000000e+04
1.688600000000000000e+04
6.123000000000000000e+03
2.618800000000000000e+04
2.137400000000000000e+04
1.271700000000000000e+04
2.390900000000000000e+04
1.217500000000000000e+04
1.067100000000000000e+04
1.520800000000000000e+04
1.021100000000000000e+04
2.220300000000000000e+04
9.468000000000000000e+03
2.556700000000000000e+04
1.605900000000000000e+04
1.754900000000000000e+04
3.331200000000000000e+04
8.829000000000000000e+03
1.851000000000000000e+04
1.677000000000000000e+04
1.673500000000000000e+04
2.766600000000000000e+04
1.229300000000000000e+04
1.787000000000000000e+04
1.917000000000000000e+04
1.692000000000000000e+04
2.720100000000000000e+04
2.115700000000000000e+04
9.244000000000000000e+03
2.413400000000000000e+04
8.626000000000000000e+03
