7.737800000000000000e+04
7.421600000000000000e+04
8.209700000000000000e+04
8.536700000000000000e+04
1.030810000000000000e+05
1.105760000000000000e+05
8.206800000000000000e+04
8.824600000000000000e+04
1.069040000000000000e+05
8.952500000000000000e+04
9.307700000000000000e+04
8.719600000000000000e+04
1.113070000000000000e+05
9.697200000000000000e+04
1.049080000000000000e+05
9.937900000000000000e+04
9.618800000000000000e+04
8.869100000000000000e+04
1.051520000000000000e+05
9.902600000000000000e+04
8.438800000000000000e+04
1.241070000000000000e+05
9.045500000000000000e+04
9.592600000000000000e+04
6.637400000000000000e+04
8.689200000000000000e+04
1.162860000000000000e+05
9.802000000000000000e+04
1.069920000000000000e+05
9.905700000000000000e+04
9.825700000000000000e+04
8.457100000000000000e+04
1.118820000000000000e+05
6.602500000000000000e+04
9.964700000000000000e+04
1.164670000000000000e+05
8.911000000000000000e+04
1.025110000000000000e+05
8.957200000000000000e+04
6.821700000000000000e+04
8.951400000000000000e+04
9.543900000000000000e+04
7.836900000000000000e+04
9.735300000000000000e+04
8.861300000000000000e+04
7.679200000000000000e+04
1.055990000000000000e+05
8.955200000000000000e+04
9.971500000000000000e+04
1.067250000000000000e+05
