3.622100000000000000e+04
4.572500000000000000e+04
4.224800000000000000e+04
4.328500000000000000e+04
4.339200000000000000e+04
3.567000000000000000e+04
3.647400000000000000e+04
3.043400000000000000e+04
1.393100000000000000e+04
5.255200000000000000e+04
3.572700000000000000e+04
3.319000000000000000e+04
4.149300000000000000e+04
3.817300000000000000e+04
4.241600000000000000e+04
1.228600000000000000e+04
4.604200000000000000e+04
2.756600000000000000e+04
2.379800000000000000e+04
7.157400000000000000e+04
4.172900000000000000e+04
2.953000000000000000e+04
5.315100000000000000e+04
3.063700000000000000e+04
3.147500000000000000e+04
2.587900000000000000e+04
2.910000000000000000e+04
3.677100000000000000e+04
3.998700000000000000e+04
2.212100000000000000e+04
1.378400000000000000e+04
3.294800000000000000e+04
3.851400000000000000e+04
3.993000000000000000e+04
2.955900000000000000e+04
5.043500000000000000e+04
4.747000000000000000e+04
2.058700000000000000e+04
4.138200000000000000e+04
1.071000000000000000e+04
3.122000000000000000e+04
3.354700000000000000e+04
2.245100000000000000e+04
3.430200000000000000e+04
3.015700000000000000e+04
2.566400000000000000e+04
2.302500000000000000e+04
2.482600000000000000e+04
2.801600000000000000e+04
3.580500000000000000e+04
