2.916000000000000000e+04
3.163800000000000000e+04
3.549200000000000000e+04
2.883800000000000000e+04
2.730500000000000000e+04
2.777000000000000000e+04
2.361400000000000000e+04
3.631100000000000000e+04
2.599800000000000000e+04
3.910000000000000000e+04
2.165100000000000000e+04
2.559300000000000000e+04
3.178800000000000000e+04
2.334700000000000000e+04
2.236900000000000000e+04
2.323100000000000000e+04
3.399000000000000000e+04
2.318500000000000000e+04
1.973700000000000000e+04
1.627400000000000000e+04
2.236900000000000000e+04
1.818600000000000000e+04
2.647500000000000000e+04
3.115300000000000000e+04
2.448100000000000000e+04
4.031400000000000000e+04
2.867400000000000000e+04
2.462900000000000000e+04
3.440700000000000000e+04
3.198200000000000000e+04
3.367300000000000000e+04
3.134800000000000000e+04
2.191100000000000000e+04
2.848100000000000000e+04
2.379100000000000000e+04
3.334800000000000000e+04
2.276800000000000000e+04
2.597600000000000000e+04
3.060800000000000000e+04
2.410900000000000000e+04
3.023400000000000000e+04
2.437100000000000000e+04
3.347700000000000000e+04
3.733100000000000000e+04
3.028800000000000000e+04
2.558600000000000000e+04
2.324700000000000000e+04
2.977500000000000000e+04
2.343800000000000000e+04
2.117500000000000000e+04
