8.367000000000000000e+03
6.696000000000000000e+03
3.528000000000000000e+03
1.001300000000000000e+04
6.871000000000000000e+03
2.616000000000000000e+03
4.145000000000000000e+03
5.828000000000000000e+03
6.755000000000000000e+03
6.690000000000000000e+03
5.651000000000000000e+03
1.360000000000000000e+03
5.442000000000000000e+03
4.343000000000000000e+03
1.400500000000000000e+04
3.151000000000000000e+03
4.919000000000000000e+03
2.475000000000000000e+03
6.170000000000000000e+02
8.579000000000000000e+03
5.267000000000000000e+03
5.940000000000000000e+02
1.051100000000000000e+04
1.271900000000000000e+04
3.265000000000000000e+03
1.366100000000000000e+04
1.461000000000000000e+03
6.345000000000000000e+03
3.230000000000000000e+03
4.519000000000000000e+03
1.511500000000000000e+04
2.287000000000000000e+03
8.785000000000000000e+03
9.421000000000000000e+03
9.635000000000000000e+03
1.497300000000000000e+04
1.155200000000000000e+04
2.018000000000000000e+04
5.285000000000000000e+03
1.103700000000000000e+04
2.136700000000000000e+04
5.258000000000000000e+03
1.208300000000000000e+04
1.787800000000000000e+04
1.485600000000000000e+04
8.800000000000000000e+02
5.902000000000000000e+03
7.322000000000000000e+03
1.293500000000000000e+04
5.324000000000000000e+03
