5.131600000000000000e+04
3.091100000000000000e+04
5.045400000000000000e+04
4.138100000000000000e+04
3.840400000000000000e+04
5.693700000000000000e+04
4.129700000000000000e+04
4.880900000000000000e+04
3.879100000000000000e+04
4.746900000000000000e+04
4.888000000000000000e+04
5.418400000000000000e+04
4.566000000000000000e+04
5.805800000000000000e+04
3.109800000000000000e+04
5.203200000000000000e+04
5.003600000000000000e+04
3.990200000000000000e+04
4.521800000000000000e+04
4.391300000000000000e+04
5.475300000000000000e+04
4.979500000000000000e+04
4.997800000000000000e+04
4.561600000000000000e+04
5.029600000000000000e+04
5.043800000000000000e+04
3.199500000000000000e+04
3.324600000000000000e+04
5.868700000000000000e+04
5.322900000000000000e+04
6.413100000000000000e+04
4.774100000000000000e+04
6.179200000000000000e+04
4.744800000000000000e+04
3.743300000000000000e+04
6.314300000000000000e+04
3.116500000000000000e+04
5.233900000000000000e+04
6.414400000000000000e+04
4.124600000000000000e+04
4.978300000000000000e+04
5.307800000000000000e+04
3.505600000000000000e+04
3.838000000000000000e+04
3.831500000000000000e+04
4.330200000000000000e+04
6.159600000000000000e+04
5.161700000000000000e+04
4.627200000000000000e+04
5.930900000000000000e+04
