1.234800000000000000e+04
2.162800000000000000e+04
2.455400000000000000e+04
1.465000000000000000e+04
1.461600000000000000e+04
2.261900000000000000e+04
1.690200000000000000e+04
1.199300000000000000e+04
1.954100000000000000e+04
1.064900000000000000e+04
2.377000000000000000e+04
8.390000000000000000e+03
2.020600000000000000e+04
9.964000000000000000e+03
1.180000000000000000e+04
1.526000000000000000e+04
7.428000000000000000e+03
1.940900000000000000e+04
1.006100000000000000e+04
2.409500000000000000e+04
9.784000000000000000e+03
5.252000000000000000e+03
2.824000000000000000e+03
8.513000000000000000e+03
2.733200000000000000e+04
1.407300000000000000e+04
3.037900000000000000e+04
2.165700000000000000e+04
2.010500000000000000e+04
3.352300000000000000e+04
4.983000000000000000e+03
1.261100000000000000e+04
1.673000000000000000e+04
2.132800000000000000e+04
2.866300000000000000e+04
2.157200000000000000e+04
1.015900000000000000e+04
1.399200000000000000e+04
1.554600000000000000e+04
1.082500000000000000e+04
9.814000000000000000e+03
1.458000000000000000e+04
2.024800000000000000e+04
6.730000000000000000e+03
1.930300000000000000e+04
1.814900000000000000e+04
7.925000000000000000e+03
1.550200000000000000e+04
1.367400000000000000e+04
1.177200000000000000e+04
