2.412000000000000000e+04
5.141300000000000000e+04
4.554800000000000000e+04
3.114900000000000000e+04
3.454500000000000000e+04
2.773400000000000000e+04
3.664800000000000000e+04
4.072700000000000000e+04
3.669300000000000000e+04
4.039400000000000000e+04
3.130400000000000000e+04
2.761000000000000000e+04
2.749300000000000000e+04
4.064900000000000000e+04
3.962100000000000000e+04
2.490900000000000000e+04
3.305200000000000000e+04
3.742000000000000000e+04
4.282600000000000000e+04
3.197100000000000000e+04
3.446200000000000000e+04
3.433600000000000000e+04
3.240400000000000000e+04
3.658300000000000000e+04
3.939100000000000000e+04
3.847400000000000000e+04
2.528100000000000000e+04
3.502600000000000000e+04
2.964500000000000000e+04
3.245800000000000000e+04
3.168700000000000000e+04
3.082400000000000000e+04
3.444400000000000000e+04
3.519300000000000000e+04
2.551900000000000000e+04
3.654800000000000000e+04
3.549500000000000000e+04
3.576700000000000000e+04
3.776400000000000000e+04
3.127400000000000000e+04
2.779900000000000000e+04
3.212100000000000000e+04
3.383100000000000000e+04
3.711400000000000000e+04
4.052500000000000000e+04
3.493900000000000000e+04
3.124500000000000000e+04
3.887500000000000000e+04
4.283600000000000000e+04
2.679100000000000000e+04
