9.956700000000000000e+04
1.183580000000000000e+05
1.071300000000000000e+05
1.104560000000000000e+05
1.019540000000000000e+05
1.115660000000000000e+05
1.274400000000000000e+05
8.471000000000000000e+04
1.331080000000000000e+05
1.215630000000000000e+05
8.928100000000000000e+04
1.219310000000000000e+05
1.075810000000000000e+05
8.666000000000000000e+04
9.854700000000000000e+04
8.254400000000000000e+04
1.101740000000000000e+05
9.875700000000000000e+04
9.633300000000000000e+04
9.372000000000000000e+04
9.023900000000000000e+04
1.096730000000000000e+05
1.020100000000000000e+05
1.007730000000000000e+05
1.111060000000000000e+05
9.587300000000000000e+04
1.145970000000000000e+05
9.898000000000000000e+04
1.088320000000000000e+05
8.898700000000000000e+04
9.240100000000000000e+04
7.725800000000000000e+04
8.849200000000000000e+04
1.051110000000000000e+05
9.748100000000000000e+04
1.007560000000000000e+05
1.210250000000000000e+05
1.005710000000000000e+05
9.889900000000000000e+04
9.802500000000000000e+04
8.681500000000000000e+04
8.423200000000000000e+04
9.268900000000000000e+04
1.061030000000000000e+05
1.131540000000000000e+05
1.128050000000000000e+05
8.610400000000000000e+04
9.223900000000000000e+04
8.293000000000000000e+04
1.163840000000000000e+05
