7.816000000000000000e+03
2.690800000000000000e+04
2.140000000000000000e+04
1.236000000000000000e+04
1.406600000000000000e+04
2.015100000000000000e+04
2.215800000000000000e+04
2.127000000000000000e+04
4.528000000000000000e+03
1.687300000000000000e+04
1.194900000000000000e+04
8.209000000000000000e+03
1.953600000000000000e+04
1.439300000000000000e+04
1.784400000000000000e+04
1.018500000000000000e+04
1.650000000000000000e+04
1.043000000000000000e+04
5.864000000000000000e+03
1.503800000000000000e+04
1.493000000000000000e+04
8.911000000000000000e+03
7.370000000000000000e+03
2.126100000000000000e+04
1.116600000000000000e+04
9.460000000000000000e+03
1.003800000000000000e+04
4.898000000000000000e+03
9.377000000000000000e+03
1.076100000000000000e+04
1.078300000000000000e+04
2.406500000000000000e+04
6.695000000000000000e+03
8.415000000000000000e+03
5.776000000000000000e+03
1.884600000000000000e+04
5.847000000000000000e+03
1.128200000000000000e+04
1.727300000000000000e+04
1.051200000000000000e+04
1.168200000000000000e+04
1.579900000000000000e+04
1.319100000000000000e+04
8.813000000000000000e+03
1.050300000000000000e+04
1.540500000000000000e+04
1.701600000000000000e+04
2.095500000000000000e+04
8.081000000000000000e+03
1.784100000000000000e+04
