2.531210000000000000e+05
1.767520000000000000e+05
2.401830000000000000e+05
2.053530000000000000e+05
2.310950000000000000e+05
1.761530000000000000e+05
2.068000000000000000e+05
1.921990000000000000e+05
1.978010000000000000e+05
2.239590000000000000e+05
1.917680000000000000e+05
1.509400000000000000e+05
1.250650000000000000e+05
2.505310000000000000e+05
2.826150000000000000e+05
2.356570000000000000e+05
2.330890000000000000e+05
2.865390000000000000e+05
2.891560000000000000e+05
2.726580000000000000e+05
2.551960000000000000e+05
1.896830000000000000e+05
2.619810000000000000e+05
1.852980000000000000e+05
1.945460000000000000e+05
2.442460000000000000e+05
1.805530000000000000e+05
1.182890000000000000e+05
2.634840000000000000e+05
2.784580000000000000e+05
2.685540000000000000e+05
1.920520000000000000e+05
2.627900000000000000e+05
2.503310000000000000e+05
2.529260000000000000e+05
2.827440000000000000e+05
3.145400000000000000e+04
2.412270000000000000e+05
2.523240000000000000e+05
1.848080000000000000e+05
2.396400000000000000e+05
1.940240000000000000e+05
2.633300000000000000e+05
1.905640000000000000e+05
2.552660000000000000e+05
1.984190000000000000e+05
2.457600000000000000e+05
2.536230000000000000e+05
1.946430000000000000e+05
2.208260000000000000e+05
