8.752400000000000000e+04
5.535400000000000000e+04
6.259100000000000000e+04
2.417000000000000000e+04
9.540400000000000000e+04
3.936500000000000000e+04
1.437430000000000000e+05
4.460100000000000000e+04
5.498800000000000000e+04
6.336400000000000000e+04
3.145400000000000000e+04
2.055300000000000000e+04
5.207300000000000000e+04
2.181800000000000000e+04
9.836700000000000000e+04
4.598400000000000000e+04
5.320400000000000000e+04
7.035500000000000000e+04
4.054900000000000000e+04
5.017100000000000000e+04
1.044090000000000000e+05
8.508200000000000000e+04
2.297200000000000000e+04
8.134000000000000000e+04
8.106000000000000000e+04
6.339300000000000000e+04
4.641500000000000000e+04
2.397700000000000000e+04
7.885300000000000000e+04
6.977800000000000000e+04
5.972500000000000000e+04
7.515000000000000000e+04
3.145400000000000000e+04
3.577000000000000000e+04
8.757200000000000000e+04
7.669000000000000000e+03
9.328000000000000000e+03
6.243700000000000000e+04
3.088200000000000000e+04
5.633300000000000000e+04
7.728200000000000000e+04
1.148480000000000000e+05
3.145400000000000000e+04
5.407900000000000000e+04
6.128000000000000000e+04
2.656600000000000000e+04
5.675800000000000000e+04
3.145400000000000000e+04
0.000000000000000000e+00
7.753400000000000000e+04
