3.469570000000000000e+05
3.384190000000000000e+05
3.758230000000000000e+05
4.059890000000000000e+05
3.699610000000000000e+05
3.467730000000000000e+05
3.750120000000000000e+05
4.196940000000000000e+05
4.206040000000000000e+05
4.317620000000000000e+05
3.148640000000000000e+05
3.893340000000000000e+05
3.404600000000000000e+05
4.558150000000000000e+05
3.525820000000000000e+05
3.836430000000000000e+05
4.105680000000000000e+05
3.524840000000000000e+05
3.459510000000000000e+05
3.820550000000000000e+05
3.233020000000000000e+05
3.537440000000000000e+05
3.810670000000000000e+05
4.036800000000000000e+05
3.196990000000000000e+05
3.716450000000000000e+05
4.241410000000000000e+05
3.655660000000000000e+05
2.723820000000000000e+05
4.004250000000000000e+05
3.797510000000000000e+05
3.328550000000000000e+05
4.041750000000000000e+05
3.855850000000000000e+05
3.870090000000000000e+05
4.261300000000000000e+05
3.527800000000000000e+05
3.882280000000000000e+05
2.841260000000000000e+05
3.504380000000000000e+05
4.044730000000000000e+05
3.061370000000000000e+05
4.640100000000000000e+05
3.391170000000000000e+05
3.883010000000000000e+05
3.157510000000000000e+05
3.169900000000000000e+05
3.487980000000000000e+05
3.586080000000000000e+05
2.795560000000000000e+05
