3.924110000000000000e+05
3.916170000000000000e+05
3.718420000000000000e+05
4.150160000000000000e+05
5.121250000000000000e+05
4.208750000000000000e+05
3.817680000000000000e+05
3.937310000000000000e+05
3.976850000000000000e+05
3.810260000000000000e+05
3.360280000000000000e+05
4.034010000000000000e+05
2.680540000000000000e+05
3.601160000000000000e+05
3.859260000000000000e+05
3.393380000000000000e+05
3.391600000000000000e+05
3.606100000000000000e+05
3.742760000000000000e+05
4.292950000000000000e+05
3.686040000000000000e+05
3.884790000000000000e+05
3.329900000000000000e+05
3.426070000000000000e+05
3.591620000000000000e+05
3.503290000000000000e+05
3.105010000000000000e+05
3.966930000000000000e+05
3.501210000000000000e+05
3.101360000000000000e+05
3.991270000000000000e+05
4.031970000000000000e+05
3.727510000000000000e+05
3.784480000000000000e+05
3.143110000000000000e+05
3.969660000000000000e+05
3.842180000000000000e+05
3.519550000000000000e+05
4.320160000000000000e+05
4.314070000000000000e+05
3.376800000000000000e+05
3.815810000000000000e+05
3.456110000000000000e+05
3.704970000000000000e+05
3.775290000000000000e+05
3.731650000000000000e+05
3.237470000000000000e+05
3.095390000000000000e+05
4.098250000000000000e+05
3.934360000000000000e+05
