2.879730000000000000e+05
3.204680000000000000e+05
2.686340000000000000e+05
2.416620000000000000e+05
3.079590000000000000e+05
3.101540000000000000e+05
2.709550000000000000e+05
2.551450000000000000e+05
3.147740000000000000e+05
2.775900000000000000e+05
3.008790000000000000e+05
2.486320000000000000e+05
2.868410000000000000e+05
3.031930000000000000e+05
2.587710000000000000e+05
2.173200000000000000e+05
2.399990000000000000e+05
3.010670000000000000e+05
3.028240000000000000e+05
2.373180000000000000e+05
2.733110000000000000e+05
2.107650000000000000e+05
2.187500000000000000e+05
2.943950000000000000e+05
2.047790000000000000e+05
3.461790000000000000e+05
1.830540000000000000e+05
2.402470000000000000e+05
2.519990000000000000e+05
2.834950000000000000e+05
2.560550000000000000e+05
2.220090000000000000e+05
2.541920000000000000e+05
3.150070000000000000e+05
2.702070000000000000e+05
3.008640000000000000e+05
2.426060000000000000e+05
3.145400000000000000e+04
2.299020000000000000e+05
2.858350000000000000e+05
2.891040000000000000e+05
2.411620000000000000e+05
2.795340000000000000e+05
2.525790000000000000e+05
2.558490000000000000e+05
2.554640000000000000e+05
2.423860000000000000e+05
2.818540000000000000e+05
2.276170000000000000e+05
2.380260000000000000e+05
