3.336100000000000000e+05
3.904520000000000000e+05
2.873830000000000000e+05
3.967610000000000000e+05
3.504360000000000000e+05
3.554230000000000000e+05
3.872730000000000000e+05
3.257760000000000000e+05
3.447130000000000000e+05
2.882600000000000000e+05
4.056510000000000000e+05
3.821260000000000000e+05
2.728290000000000000e+05
3.136840000000000000e+05
3.691750000000000000e+05
3.214080000000000000e+05
3.759490000000000000e+05
3.730690000000000000e+05
2.868200000000000000e+05
3.774840000000000000e+05
3.150580000000000000e+05
3.285860000000000000e+05
2.628010000000000000e+05
2.731750000000000000e+05
3.409140000000000000e+05
3.508320000000000000e+05
2.951950000000000000e+05
3.308660000000000000e+05
3.702750000000000000e+05
3.269090000000000000e+05
3.241370000000000000e+05
3.858950000000000000e+05
3.692710000000000000e+05
2.517490000000000000e+05
3.580020000000000000e+05
4.002020000000000000e+05
3.326660000000000000e+05
3.676260000000000000e+05
3.427700000000000000e+05
3.783850000000000000e+05
3.539610000000000000e+05
3.018830000000000000e+05
3.056340000000000000e+05
3.168020000000000000e+05
3.575980000000000000e+05
3.130530000000000000e+05
3.695010000000000000e+05
3.409440000000000000e+05
2.866150000000000000e+05
3.268830000000000000e+05
