4.892700000000000000e+04
2.365320000000000000e+05
1.875400000000000000e+04
2.110410000000000000e+05
1.004830000000000000e+05
1.483800000000000000e+05
6.893400000000000000e+04
1.110100000000000000e+05
5.320500000000000000e+04
5.745200000000000000e+04
1.669470000000000000e+05
3.077600000000000000e+04
1.564030000000000000e+05
1.812610000000000000e+05
8.870000000000000000e+04
1.319250000000000000e+05
1.231900000000000000e+05
1.508860000000000000e+05
1.063890000000000000e+05
1.368800000000000000e+05
9.547300000000000000e+04
1.381810000000000000e+05
2.017360000000000000e+05
7.183700000000000000e+04
1.615530000000000000e+05
3.145400000000000000e+04
7.470900000000000000e+04
1.472850000000000000e+05
2.273230000000000000e+05
1.150910000000000000e+05
1.106880000000000000e+05
1.526200000000000000e+05
1.112430000000000000e+05
1.460210000000000000e+05
1.104740000000000000e+05
1.098760000000000000e+05
3.145400000000000000e+04
1.247260000000000000e+05
1.300460000000000000e+05
2.600330000000000000e+05
1.922690000000000000e+05
1.291800000000000000e+05
1.419940000000000000e+05
1.248360000000000000e+05
1.496250000000000000e+05
9.937100000000000000e+04
7.369900000000000000e+04
1.058910000000000000e+05
8.737800000000000000e+04
2.554200000000000000e+05
