2.884530000000000000e+05
2.924990000000000000e+05
3.538060000000000000e+05
3.350870000000000000e+05
3.199280000000000000e+05
3.010870000000000000e+05
3.078230000000000000e+05
3.242280000000000000e+05
2.928970000000000000e+05
2.298240000000000000e+05
3.141630000000000000e+05
3.126040000000000000e+05
3.590960000000000000e+05
3.090790000000000000e+05
3.210990000000000000e+05
3.088410000000000000e+05
3.296210000000000000e+05
3.052580000000000000e+05
3.004240000000000000e+05
3.359000000000000000e+05
3.000330000000000000e+05
2.717210000000000000e+05
2.343940000000000000e+05
3.070110000000000000e+05
2.750070000000000000e+05
3.026330000000000000e+05
1.870000000000000000e+05
2.711760000000000000e+05
2.206370000000000000e+05
2.880180000000000000e+05
2.551580000000000000e+05
2.620820000000000000e+05
3.500120000000000000e+05
2.983460000000000000e+05
2.584660000000000000e+05
3.388000000000000000e+05
3.530710000000000000e+05
2.964580000000000000e+05
2.437720000000000000e+05
2.975830000000000000e+05
2.680190000000000000e+05
3.062600000000000000e+05
3.247710000000000000e+05
3.110140000000000000e+05
3.414810000000000000e+05
2.463170000000000000e+05
3.127770000000000000e+05
2.910420000000000000e+05
3.399320000000000000e+05
2.314690000000000000e+05
