3.583150000000000000e+05
3.061410000000000000e+05
3.122250000000000000e+05
3.351000000000000000e+05
2.711870000000000000e+05
2.681250000000000000e+05
3.412750000000000000e+05
3.291510000000000000e+05
3.174170000000000000e+05
3.410610000000000000e+05
3.235270000000000000e+05
3.153350000000000000e+05
2.762840000000000000e+05
3.138900000000000000e+05
2.907790000000000000e+05
3.318310000000000000e+05
3.258900000000000000e+05
3.074140000000000000e+05
3.408770000000000000e+05
3.504270000000000000e+05
3.293880000000000000e+05
2.443050000000000000e+05
3.038720000000000000e+05
2.766230000000000000e+05
2.692530000000000000e+05
3.129210000000000000e+05
2.728130000000000000e+05
3.829970000000000000e+05
2.511320000000000000e+05
3.170530000000000000e+05
3.367060000000000000e+05
2.705100000000000000e+05
3.213300000000000000e+05
3.231700000000000000e+05
2.709520000000000000e+05
3.441330000000000000e+05
3.484480000000000000e+05
2.813980000000000000e+05
2.933180000000000000e+05
3.414190000000000000e+05
2.866920000000000000e+05
3.100620000000000000e+05
2.677250000000000000e+05
3.085760000000000000e+05
2.819890000000000000e+05
3.524560000000000000e+05
2.889680000000000000e+05
3.630290000000000000e+05
3.176800000000000000e+05
3.214130000000000000e+05
