9.399000000000000000e+03
3.681100000000000000e+04
1.156600000000000000e+04
2.616400000000000000e+04
2.597600000000000000e+04
3.980500000000000000e+04
3.483800000000000000e+04
3.734200000000000000e+04
3.224300000000000000e+04
3.084700000000000000e+04
2.203500000000000000e+04
4.125300000000000000e+04
5.024400000000000000e+04
3.541300000000000000e+04
5.047400000000000000e+04
1.924700000000000000e+04
3.746000000000000000e+04
3.898200000000000000e+04
3.931300000000000000e+04
3.710000000000000000e+04
2.127900000000000000e+04
3.351400000000000000e+04
2.033400000000000000e+04
3.931300000000000000e+04
2.000600000000000000e+04
3.676200000000000000e+04
3.275000000000000000e+04
2.215900000000000000e+04
3.660700000000000000e+04
4.041200000000000000e+04
3.693600000000000000e+04
3.220500000000000000e+04
3.343000000000000000e+04
4.020000000000000000e+04
2.378800000000000000e+04
1.937300000000000000e+04
2.598500000000000000e+04
3.821700000000000000e+04
4.978300000000000000e+04
3.236400000000000000e+04
2.639800000000000000e+04
3.655100000000000000e+04
2.639500000000000000e+04
1.881600000000000000e+04
1.945100000000000000e+04
3.062500000000000000e+04
2.805300000000000000e+04
3.499200000000000000e+04
1.523700000000000000e+04
3.452500000000000000e+04
