2.471100000000000000e+04
2.532700000000000000e+04
1.464700000000000000e+04
2.346800000000000000e+04
2.435300000000000000e+04
1.205300000000000000e+04
2.372500000000000000e+04
2.985200000000000000e+04
2.902000000000000000e+04
2.238700000000000000e+04
3.100600000000000000e+04
2.354100000000000000e+04
3.003200000000000000e+04
3.264400000000000000e+04
3.117700000000000000e+04
2.976800000000000000e+04
1.950600000000000000e+04
2.326800000000000000e+04
3.462500000000000000e+04
1.002200000000000000e+04
2.644800000000000000e+04
2.483000000000000000e+04
1.717000000000000000e+04
4.267000000000000000e+04
2.740200000000000000e+04
2.753500000000000000e+04
2.388100000000000000e+04
2.363000000000000000e+04
2.568000000000000000e+04
1.033000000000000000e+04
1.520300000000000000e+04
3.052500000000000000e+04
3.236900000000000000e+04
2.254200000000000000e+04
2.014100000000000000e+04
2.641000000000000000e+04
3.701200000000000000e+04
2.088600000000000000e+04
2.205000000000000000e+04
1.363800000000000000e+04
3.105100000000000000e+04
3.163300000000000000e+04
2.436100000000000000e+04
3.773200000000000000e+04
1.766900000000000000e+04
2.310900000000000000e+04
1.684900000000000000e+04
5.276000000000000000e+03
1.966700000000000000e+04
2.966200000000000000e+04
