6.873400000000000000e+04
5.394400000000000000e+04
5.881700000000000000e+04
5.442100000000000000e+04
3.842900000000000000e+04
4.037400000000000000e+04
4.303500000000000000e+04
4.428700000000000000e+04
3.271600000000000000e+04
4.098100000000000000e+04
5.653900000000000000e+04
5.383500000000000000e+04
6.712600000000000000e+04
3.376600000000000000e+04
3.396900000000000000e+04
5.671000000000000000e+04
6.409200000000000000e+04
5.386000000000000000e+04
4.184900000000000000e+04
4.911800000000000000e+04
5.652300000000000000e+04
5.439600000000000000e+04
5.924600000000000000e+04
3.608900000000000000e+04
4.990900000000000000e+04
5.601400000000000000e+04
6.179200000000000000e+04
5.729900000000000000e+04
4.138300000000000000e+04
3.310600000000000000e+04
5.751800000000000000e+04
4.476300000000000000e+04
5.950500000000000000e+04
6.051200000000000000e+04
4.928100000000000000e+04
3.005400000000000000e+04
6.281900000000000000e+04
4.367100000000000000e+04
4.451100000000000000e+04
6.371800000000000000e+04
4.255400000000000000e+04
5.088500000000000000e+04
5.893100000000000000e+04
7.540900000000000000e+04
3.892500000000000000e+04
4.699500000000000000e+04
7.155800000000000000e+04
7.180700000000000000e+04
5.182100000000000000e+04
4.508900000000000000e+04
