6.616600000000000000e+04
7.953100000000000000e+04
9.567800000000000000e+04
8.457600000000000000e+04
7.291600000000000000e+04
6.678700000000000000e+04
8.403000000000000000e+04
7.354300000000000000e+04
6.629000000000000000e+04
8.243000000000000000e+04
8.170300000000000000e+04
8.920800000000000000e+04
6.977100000000000000e+04
8.299800000000000000e+04
9.550300000000000000e+04
1.093110000000000000e+05
7.715600000000000000e+04
9.044600000000000000e+04
6.774000000000000000e+04
9.374600000000000000e+04
7.678700000000000000e+04
9.299800000000000000e+04
8.358600000000000000e+04
8.459000000000000000e+04
9.174100000000000000e+04
9.718900000000000000e+04
7.541500000000000000e+04
8.941200000000000000e+04
1.036000000000000000e+05
5.722400000000000000e+04
6.942300000000000000e+04
9.316700000000000000e+04
6.228300000000000000e+04
8.968900000000000000e+04
8.647800000000000000e+04
6.619600000000000000e+04
8.186600000000000000e+04
8.446600000000000000e+04
1.069120000000000000e+05
9.746000000000000000e+04
9.052500000000000000e+04
7.128000000000000000e+04
1.038510000000000000e+05
9.624300000000000000e+04
9.429400000000000000e+04
8.090300000000000000e+04
8.064500000000000000e+04
9.785000000000000000e+04
7.643300000000000000e+04
7.157200000000000000e+04
