1.184300000000000000e+04
4.228900000000000000e+04
7.637000000000000000e+03
3.559000000000000000e+04
1.234100000000000000e+04
3.787300000000000000e+04
2.403100000000000000e+04
2.029300000000000000e+04
2.034700000000000000e+04
1.677100000000000000e+04
2.039800000000000000e+04
9.967000000000000000e+03
1.457500000000000000e+04
2.003400000000000000e+04
1.357600000000000000e+04
2.182700000000000000e+04
1.590700000000000000e+04
1.491900000000000000e+04
1.699200000000000000e+04
2.824000000000000000e+04
1.897000000000000000e+04
2.403000000000000000e+04
1.559000000000000000e+04
2.763500000000000000e+04
2.269500000000000000e+04
2.590800000000000000e+04
3.214800000000000000e+04
2.684400000000000000e+04
2.505900000000000000e+04
3.450500000000000000e+04
2.050500000000000000e+04
2.995000000000000000e+04
2.327400000000000000e+04
7.101000000000000000e+03
3.526100000000000000e+04
2.043200000000000000e+04
3.310100000000000000e+04
2.177400000000000000e+04
1.007200000000000000e+04
1.411400000000000000e+04
2.837100000000000000e+04
3.445100000000000000e+04
2.618600000000000000e+04
3.679500000000000000e+04
1.961100000000000000e+04
2.896500000000000000e+04
1.151200000000000000e+04
2.012800000000000000e+04
2.009400000000000000e+04
3.781400000000000000e+04
