6.756900000000000000e+04
8.108900000000000000e+04
1.005600000000000000e+05
1.023020000000000000e+05
8.040200000000000000e+04
8.724200000000000000e+04
6.475700000000000000e+04
9.557200000000000000e+04
7.670000000000000000e+04
1.026470000000000000e+05
7.868200000000000000e+04
7.145100000000000000e+04
9.165900000000000000e+04
7.738200000000000000e+04
7.239800000000000000e+04
1.081010000000000000e+05
1.056480000000000000e+05
8.728400000000000000e+04
9.089200000000000000e+04
9.565000000000000000e+04
7.023300000000000000e+04
7.340300000000000000e+04
9.776200000000000000e+04
8.147500000000000000e+04
6.626300000000000000e+04
7.619500000000000000e+04
9.235700000000000000e+04
1.006890000000000000e+05
9.153900000000000000e+04
8.817900000000000000e+04
8.332200000000000000e+04
9.022200000000000000e+04
9.074800000000000000e+04
7.432600000000000000e+04
8.081400000000000000e+04
1.044400000000000000e+05
1.084690000000000000e+05
7.879900000000000000e+04
7.436300000000000000e+04
8.492600000000000000e+04
7.924200000000000000e+04
5.666500000000000000e+04
9.234000000000000000e+04
7.191500000000000000e+04
9.089900000000000000e+04
7.142200000000000000e+04
8.447700000000000000e+04
7.377100000000000000e+04
8.407200000000000000e+04
6.903700000000000000e+04
