4.520900000000000000e+04
3.280000000000000000e+04
4.574600000000000000e+04
3.201200000000000000e+04
5.023300000000000000e+04
5.300100000000000000e+04
3.135900000000000000e+04
3.448200000000000000e+04
4.919900000000000000e+04
5.207100000000000000e+04
5.290800000000000000e+04
4.111800000000000000e+04
4.758100000000000000e+04
4.969600000000000000e+04
4.927300000000000000e+04
5.332600000000000000e+04
5.354600000000000000e+04
3.780700000000000000e+04
3.772300000000000000e+04
5.116400000000000000e+04
6.397600000000000000e+04
4.920000000000000000e+04
4.725100000000000000e+04
3.658800000000000000e+04
4.716100000000000000e+04
5.636300000000000000e+04
5.408500000000000000e+04
3.946300000000000000e+04
4.435700000000000000e+04
5.059800000000000000e+04
2.499500000000000000e+04
4.268300000000000000e+04
4.705200000000000000e+04
5.635300000000000000e+04
4.401500000000000000e+04
4.314200000000000000e+04
3.475700000000000000e+04
3.938400000000000000e+04
4.185700000000000000e+04
3.927000000000000000e+03
3.211600000000000000e+04
4.728300000000000000e+04
5.052600000000000000e+04
5.333700000000000000e+04
4.279400000000000000e+04
4.762300000000000000e+04
3.249800000000000000e+04
3.703600000000000000e+04
3.312600000000000000e+04
4.927000000000000000e+04
