9.636300000000000000e+04
8.061800000000000000e+04
8.846200000000000000e+04
8.981700000000000000e+04
5.636800000000000000e+04
7.128500000000000000e+04
6.679100000000000000e+04
7.257200000000000000e+04
7.725500000000000000e+04
7.476400000000000000e+04
6.628800000000000000e+04
7.077500000000000000e+04
7.481800000000000000e+04
5.713400000000000000e+04
9.388100000000000000e+04
8.551000000000000000e+04
8.655300000000000000e+04
6.901600000000000000e+04
7.874800000000000000e+04
6.157900000000000000e+04
8.168000000000000000e+04
7.711700000000000000e+04
7.027800000000000000e+04
6.355300000000000000e+04
7.327800000000000000e+04
7.181200000000000000e+04
8.644000000000000000e+04
9.664900000000000000e+04
6.005900000000000000e+04
9.204300000000000000e+04
7.861200000000000000e+04
6.369900000000000000e+04
9.965300000000000000e+04
8.185400000000000000e+04
8.600300000000000000e+04
7.709600000000000000e+04
1.011120000000000000e+05
7.595200000000000000e+04
6.444600000000000000e+04
8.923400000000000000e+04
5.448200000000000000e+04
6.093800000000000000e+04
5.855600000000000000e+04
7.888200000000000000e+04
7.860500000000000000e+04
5.685500000000000000e+04
8.158400000000000000e+04
5.948300000000000000e+04
6.392500000000000000e+04
6.501800000000000000e+04
