1.105500000000000000e+04
1.105500000000000000e+04
1.105500000000000000e+04
1.105500000000000000e+04
1.105500000000000000e+04
1.105500000000000000e+04
1.105500000000000000e+04
1.105500000000000000e+04
1.105500000000000000e+04
1.105500000000000000e+04
1.105500000000000000e+04
1.105500000000000000e+04
1.105500000000000000e+04
1.105500000000000000e+04
1.105500000000000000e+04
1.105500000000000000e+04
1.105500000000000000e+04
1.105500000000000000e+04
1.105500000000000000e+04
1.105500000000000000e+04
1.118100000000000000e+04
7.361000000000000000e+03
1.660500000000000000e+04
7.234000000000000000e+03
1.489000000000000000e+04
1.277300000000000000e+04
1.123200000000000000e+04
1.442600000000000000e+04
6.679000000000000000e+03
1.628500000000000000e+04
1.844400000000000000e+04
1.355900000000000000e+04
2.793000000000000000e+04
1.888400000000000000e+04
1.378500000000000000e+04
1.363800000000000000e+04
1.817100000000000000e+04
2.281800000000000000e+04
1.508200000000000000e+04
2.015400000000000000e+04
1.471600000000000000e+04
3.200400000000000000e+04
4.779000000000000000e+03
1.462500000000000000e+04
6.877000000000000000e+03
1.443400000000000000e+04
7.068000000000000000e+03
7.853000000000000000e+03
2.067200000000000000e+04
2.119600000000000000e+04
