3.926300000000000000e+04
1.238500000000000000e+04
4.260000000000000000e+04
1.680800000000000000e+04
1.701500000000000000e+04
1.746000000000000000e+04
1.208400000000000000e+04
2.609500000000000000e+04
1.643700000000000000e+04
2.763700000000000000e+04
1.556500000000000000e+04
1.531800000000000000e+04
3.449700000000000000e+04
3.113400000000000000e+04
2.215200000000000000e+04
1.660400000000000000e+04
2.608200000000000000e+04
2.536400000000000000e+04
1.058400000000000000e+04
2.749100000000000000e+04
2.379100000000000000e+04
2.315700000000000000e+04
2.061900000000000000e+04
2.555900000000000000e+04
1.804100000000000000e+04
3.486300000000000000e+04
2.392700000000000000e+04
2.437900000000000000e+04
2.959000000000000000e+04
3.771200000000000000e+04
1.752500000000000000e+04
3.005700000000000000e+04
3.193400000000000000e+04
2.181100000000000000e+04
1.351400000000000000e+04
1.538600000000000000e+04
3.484400000000000000e+04
2.222800000000000000e+04
2.133700000000000000e+04
1.937100000000000000e+04
3.655200000000000000e+04
2.169600000000000000e+04
3.013300000000000000e+04
1.821000000000000000e+04
2.734900000000000000e+04
2.041900000000000000e+04
2.465300000000000000e+04
2.189100000000000000e+04
2.125400000000000000e+04
2.956100000000000000e+04
