66.40998650303447
75.213781307369
76.05148860033391
55.32325791752034
65.80399649772335
68.24651782009019
54.91758818047575
66.42553518932819
70.11338746006389
64.54560811835991
81.18578203513101
59.56321282136415
73.55088712340913
84.05215148430894
71.03880579932023
67.08303084035445
97.66565008052885
60.27761770865973
78.60722401198286
78.68195494336618
85.0599732247783
64.78796525634885
83.61267498356587
71.41786919384921
65.40292712348105
88.57961748370232
68.0198247597742
47.83899019272861
71.41988827005963
68.24375704240659
81.58201483052827
68.5323428727481
93.2806544074226
86.50117235104815
91.32986390774924
62.79886779995474
71.15804226586593
60.6646488390433
61.47349298791214
61.3703706692319
64.92177714762273
90.06805962159947
64.59299857565524
78.59647156050445
105.0279905596599
98.28646132382629
73.73074165903782
80.08884600894001
70.95395146931764
64.51713634136836
82.06053731831231
69.43682132531356
82.76089848816783
83.62886618448383
86.64062052077077
64.78822905010605
65.53141115231141
68.96351945451812
67.81509311565287
80.63808589996417
75.38717643423628
64.67186110161911
69.56224496194309
57.81925229580306
61.80396622011111
72.83226889390239
72.67221508275925
66.30084218459632
85.39619817846163
78.92432586170814
61.01988902260322
65.37326440980451
73.52335412863667
94.00387079285619
74.53518548285315
79.63677193518282
63.46801280230094
85.50730820204838
86.61748325099468
78.91531724139641
71.62446443382622
62.47444551044524
70.74505613804358
69.630352699593
77.68913572263553
63.30074440327245
61.12689239223386
75.66657393044323
68.35208470471608
69.6614926107688
52.1298866244251
68.71770730070649
64.0439825036534
65.25238108380921
51.47220369339106
79.98039960855105
67.0757027207958
67.62753743279238
53.87244359384409
66.14451227372864
