65.3103128194962
81.08805639841093
68.31071099802348
71.38201275881752
44.96613911955676
72.69640445645749
64.29774848231249
55.5981342127219
60.95463284177266
64.04441582466264
56.64019744674336
64.36278138259372
69.13401900113298
64.79458329013755
53.23377144215892
66.40612606027466
61.32428868960763
43.39763530239199
64.89719214354119
54.17628230836623
72.60890688478999
69.8415304375438
75.10887485963124
66.81769642335732
75.32456933899694
69.0681443160563
70.67326110295846
48.96729609414206
104.7973179714538
31.25564202572073
67.75274893218949
77.87215101163697
52.75353493739819
54.9995003651289
61.58203202674045
52.07132608950697
84.12685076873774
78.97469704642872
93.66421145077719
72.61610930192542
70.51455952292885
82.14334197791317
62.67015062056684
88.22895890843691
65.30054473708161
70.17539641388647
72.37748548409238
78.94367941094809
73.77096241040755
31.25564202572073
79.62205337726806
53.72582499007932
67.35347843076669
71.87423033971758
83.73692325026721
47.65257352459778
57.08757992415967
69.21216409227151
59.72498269438674
53.41289733944122
57.14513313150438
75.11507520970565
53.11108766863856
69.48745536303579
68.20871579328254
60.14557139918073
94.55097386202317
72.13593750996527
46.82342477126549
48.23978173269968
74.03474903458745
74.03474903458745
65.06433261533523
70.12564281071738
60.68401553595533
87.76251822098645
85.8957252614173
54.55812970017816
74.452572908983
56.99012036874218
57.70981826287982
48.96616920526697
67.97213556636879
87.76251822098645
59.10904039176437
77.91957045682288
56.23901441705186
60.68401553595533
74.30428170188189
81.68120559865397
77.37010762088183
65.53916656243655
72.13593750996527
51.15868767826547
60.25226103896892
72.73555215723107
49.39660260835477
56.98199327053387
61.38461498738796
64.00725851727235
