72.81234708997896
74.19767262994679
72.70117956385543
68.49373206326659
38.80026009794901
78.38744754098259
70.15499669233154
48.99208413388943
59.67662320826226
65.64405402268928
54.31059079962196
63.15690268912252
82.09016459281604
61.99072061718238
52.52203552697478
75.46504679417004
54.49982600175159
40.44334304815673
61.95657473558031
65.69535137106838
76.5569913245954
66.88719860138148
76.58991828939541
67.84799205504058
78.54928749049141
70.14144404873684
70.99632739527246
47.65038209665494
81.15984909424118
30.8256920045601
68.86960610671009
78.85132068623385
48.39542136674285
55.06449167777337
60.09320032379934
60.15170994978581
83.78132709678739
70.55804523239497
93.96141894941796
70.20906014428762
68.49895006138183
64.12786044079292
63.07581703624088
87.94096250291003
78.23082516544201
63.27321801983553
81.9618243476226
74.64027061700565
75.86577301269037
30.8256920045601
78.55573454394219
60.19089054687397
68.68813361740187
69.91835380067634
87.23177280238008
53.19789933474056
54.17040203888707
71.92711690172577
53.07187758143746
54.2446722614158
60.05955643695019
67.74687022774273
58.53318732427302
71.51750904162678
62.86409488366377
50.2991737725002
93.98107145626552
54.6165356887978
43.37653461784814
47.86371095904718
64.113805761527
65.11550779563383
66.26539338347486
69.29416790944194
63.22690934433077
87.81985136309079
85.77690660144268
56.18366544567984
73.56808289815078
55.29527615671226
63.10396730974305
46.72068551378288
68.96092363913431
87.81985136309079
67.88620427053927
69.3609566470498
50.59130505491821
63.22690934433077
81.58411257831007
86.86170780639449
77.08194073137851
69.16608304521399
54.12487100314034
52.47780029708162
64.50390674147211
76.32075057139997
48.67762338480031
54.51611799339354
60.15455420985312
66.26859221315429
