75.95199491014102
66.27830366761003
50.35963969955861
72.20000069284683
35.91337337096683
59.72726497523404
60.43345618134617
46.04626288370774
57.71361951434852
62.85038744872706
45.64503830750972
69.89890870958887
71.88594554141214
63.07917262255361
56.6255677460796
76.18808435053617
44.98680321623543
37.71729059421514
54.61642516053176
72.68771007104577
78.17692507940032
69.54756462173941
73.19730488455025
79.68401076285451
73.17061077372527
71.08798287564203
72.46268720261065
54.77673791689728
57.79132641980111
30.84476644894559
66.76187751323459
74.72516854991967
54.36638652541102
46.10071524225987
65.15718353600806
56.45834108828733
75.85704855410775
63.29752446476249
90.43716498660834
67.71989804017176
64.32353978903247
58.51472822050647
46.52554867889127
86.36378776215386
78.48517372337342
64.81023093878018
81.82346292539371
65.0571001385733
65.50887725004209
30.84476644894559
62.40376924522079
53.58665033992526
66.45187754645488
72.24831418964801
95.45796387249315
63.63571090561708
52.51146658519239
84.30775184263342
46.82277837034762
52.25890470901238
60.76180385715205
69.65828453187288
56.01513223511065
70.230020271117
54.8399624886814
41.37074588055546
92.84723207936838
57.32922336566362
42.5974394496734
56.48241374536143
58.18432162612859
59.16510588196653
62.74353042263974
64.35573381575732
53.72864502008253
66.43917837722302
85.41576949397685
63.42382738578493
74.24598617083055
54.33018858447372
60.65559345547854
47.80632154195493
69.81497453268472
66.99419848419915
77.18700561123784
65.53600535203549
63.17812383250297
54.13461888520419
83.89956588207465
88.57375991212479
71.46669825206924
60.21106775427376
56.77718933683861
57.95361599869993
73.76039623651943
74.63883661589283
54.41001937613856
52.30823301731277
57.81080506822699
64.30742117408379
