65.5841520502693
73.51441474178849
78.57201923568772
56.73387324636774
67.30817553991814
70.99259989609571
61.43496535472002
57.00506027542688
77.7539912339621
68.06442566892679
84.72376139761919
59.99602192173656
67.43878060097036
96.29106851017598
87.39724551835005
75.22619294874917
74.97921019523608
74.28070454907518
82.39733645025487
79.28799768279545
101.2843085378974
52.06123523063948
53.09588169157868
73.52918309195137
50.35389530096245
72.56957966940685
70.28217651587983
62.68803010783097
11.78254136423888
83.92847334246457
95.41419241743786
78.38785651819252
65.9213139157073
52.30211140518389
75.07716555269212
57.33020794662504
59.36695641171062
58.0675177143281
62.34387747076695
86.7986390061091
60.18856532687973
95.89983698084465
62.22397043895297
53.34383085890635
94.74158099271936
98.07056988215167
72.29208108628987
70.68085446396613
81.4131529186521
67.62767261456166
67.84048858312657
67.34806348786962
73.82962835395475
76.67554815508781
63.12185358311947
75.92297925501771
74.85105287103603
59.17998095612014
61.04733552309007
84.80044158876768
56.08364627569022
57.18912357101586
78.05261473001404
57.4709263799865
64.14864357495019
76.49707159284176
65.74884946806776
63.93002749899927
86.27816444129903
76.81025036229853
64.00289911949082
77.97642261166824
56.06194590584803
79.56066350589779
71.08644294188132
71.19467570689807
75.36427245935495
65.59250815746242
65.67853674616211
87.04157089904562
62.01106609185217
62.77382244140254
66.88686267331863
59.9695556144045
75.89213730305916
52.31308653030379
72.1313637191661
67.03699891825013
69.14411108879541
62.54161090080218
57.13623289039949
59.24598624035193
61.284414893776
69.89350170949322
78.33253520176528
66.84864525216533
89.1480016392206
64.435285857419
61.29764265618783
67.15886690270123
