6.500000000000000000e+04
7.509400000000000000e+04
9.774800000000000000e+04
7.316700000000000000e+04
7.684200000000000000e+04
7.744400000000000000e+04
8.233500000000000000e+04
9.497100000000000000e+04
9.227100000000000000e+04
1.079440000000000000e+05
7.779200000000000000e+04
8.925100000000000000e+04
6.205600000000000000e+04
1.035220000000000000e+05
6.431400000000000000e+04
7.988400000000000000e+04
6.544000000000000000e+04
8.789400000000000000e+04
8.965800000000000000e+04
7.203100000000000000e+04
7.715300000000000000e+04
9.326000000000000000e+04
7.228400000000000000e+04
1.006480000000000000e+05
8.097000000000000000e+04
9.436100000000000000e+04
8.162700000000000000e+04
8.268700000000000000e+04
8.895600000000000000e+04
9.289400000000000000e+04
8.480400000000000000e+04
8.023500000000000000e+04
8.459800000000000000e+04
7.993900000000000000e+04
7.453600000000000000e+04
9.495200000000000000e+04
8.117800000000000000e+04
6.420200000000000000e+04
7.401800000000000000e+04
8.086700000000000000e+04
7.073500000000000000e+04
5.704600000000000000e+04
8.411800000000000000e+04
7.048600000000000000e+04
8.790900000000000000e+04
9.791200000000000000e+04
7.817200000000000000e+04
8.176500000000000000e+04
1.054240000000000000e+05
9.315200000000000000e+04
