7.533000000000000000e+04
7.358400000000000000e+04
7.763500000000000000e+04
7.332900000000000000e+04
8.064900000000000000e+04
6.708700000000000000e+04
7.082300000000000000e+04
7.479800000000000000e+04
7.623300000000000000e+04
7.446400000000000000e+04
8.232000000000000000e+04
5.054700000000000000e+04
7.440500000000000000e+04
6.644900000000000000e+04
5.989200000000000000e+04
8.513800000000000000e+04
6.791000000000000000e+04
7.963300000000000000e+04
6.173300000000000000e+04
6.316000000000000000e+04
6.606900000000000000e+04
8.619700000000000000e+04
7.482900000000000000e+04
6.053200000000000000e+04
8.501800000000000000e+04
7.500900000000000000e+04
5.371000000000000000e+04
6.388200000000000000e+04
6.236800000000000000e+04
7.133600000000000000e+04
5.739100000000000000e+04
6.852100000000000000e+04
7.089500000000000000e+04
7.777400000000000000e+04
6.809900000000000000e+04
6.124000000000000000e+04
7.759200000000000000e+04
7.015800000000000000e+04
7.165000000000000000e+04
6.612400000000000000e+04
7.508400000000000000e+04
7.533400000000000000e+04
8.736200000000000000e+04
4.921000000000000000e+04
7.102500000000000000e+04
7.904400000000000000e+04
7.494100000000000000e+04
6.346900000000000000e+04
7.583100000000000000e+04
6.817100000000000000e+04
