1.118920000000000000e+05
5.200000000000000000e+02
9.033600000000000000e+04
1.848060000000000000e+05
9.895300000000000000e+04
1.794760000000000000e+05
1.414880000000000000e+05
1.891120000000000000e+05
1.925720000000000000e+05
1.579130000000000000e+05
1.695200000000000000e+05
1.156460000000000000e+05
1.978820000000000000e+05
2.249100000000000000e+04
1.399480000000000000e+05
2.217980000000000000e+05
1.578720000000000000e+05
4.835000000000000000e+04
9.501000000000000000e+04
1.299720000000000000e+05
2.104520000000000000e+05
1.948670000000000000e+05
1.416560000000000000e+05
6.717300000000000000e+04
8.330300000000000000e+04
1.351620000000000000e+05
1.968760000000000000e+05
1.237540000000000000e+05
1.695390000000000000e+05
1.150840000000000000e+05
1.341250000000000000e+05
8.804200000000000000e+04
7.864700000000000000e+04
1.570030000000000000e+05
1.054340000000000000e+05
1.095780000000000000e+05
1.941470000000000000e+05
6.277000000000000000e+04
1.252280000000000000e+05
1.074630000000000000e+05
5.287800000000000000e+04
1.214120000000000000e+05
1.709170000000000000e+05
2.141610000000000000e+05
1.008380000000000000e+05
1.050670000000000000e+05
1.564360000000000000e+05
2.772780000000000000e+05
1.273790000000000000e+05
9.051200000000000000e+04
