4.851100000000000000e+04
2.758000000000000000e+03
1.168260000000000000e+05
1.146790000000000000e+05
2.027740000000000000e+05
1.187490000000000000e+05
4.953200000000000000e+04
3.991300000000000000e+04
5.661000000000000000e+04
2.211150000000000000e+05
1.623330000000000000e+05
6.877600000000000000e+04
1.109500000000000000e+05
7.219100000000000000e+04
3.925900000000000000e+04
7.958100000000000000e+04
6.652600000000000000e+04
5.775100000000000000e+04
1.560900000000000000e+05
3.744700000000000000e+04
1.873400000000000000e+04
5.755000000000000000e+04
1.266000000000000000e+04
6.575400000000000000e+04
6.697700000000000000e+04
7.770000000000000000e+02
9.450500000000000000e+04
1.668560000000000000e+05
1.778200000000000000e+05
1.201160000000000000e+05
4.230600000000000000e+04
2.797600000000000000e+04
7.414100000000000000e+04
1.358430000000000000e+05
1.297390000000000000e+05
7.511900000000000000e+04
1.043980000000000000e+05
7.569100000000000000e+04
6.201400000000000000e+04
7.114000000000000000e+03
1.267630000000000000e+05
1.128160000000000000e+05
5.838000000000000000e+03
8.630500000000000000e+04
6.686100000000000000e+04
9.159300000000000000e+04
1.270450000000000000e+05
8.072900000000000000e+04
1.370870000000000000e+05
2.722800000000000000e+04
