3.048610000000000000e+05
2.750810000000000000e+05
3.668520000000000000e+05
2.995740000000000000e+05
3.516850000000000000e+05
2.504690000000000000e+05
3.191690000000000000e+05
2.756000000000000000e+05
2.704490000000000000e+05
2.622320000000000000e+05
2.882490000000000000e+05
3.107290000000000000e+05
2.004950000000000000e+05
1.997670000000000000e+05
2.902780000000000000e+05
3.164940000000000000e+05
2.332170000000000000e+05
2.459170000000000000e+05
2.181820000000000000e+05
1.866020000000000000e+05
3.270100000000000000e+05
2.391670000000000000e+05
2.462040000000000000e+05
3.388530000000000000e+05
2.593640000000000000e+05
2.604060000000000000e+05
1.597250000000000000e+05
3.224910000000000000e+05
3.059800000000000000e+05
2.562690000000000000e+05
2.601520000000000000e+05
2.799860000000000000e+05
1.508710000000000000e+05
1.804210000000000000e+05
3.140550000000000000e+05
2.707480000000000000e+05
3.308540000000000000e+05
3.458330000000000000e+05
1.906500000000000000e+05
2.442510000000000000e+05
2.665790000000000000e+05
3.459500000000000000e+05
2.937330000000000000e+05
1.603210000000000000e+05
2.781960000000000000e+05
2.603480000000000000e+05
2.063330000000000000e+05
3.451360000000000000e+05
3.134330000000000000e+05
3.052000000000000000e+05
