2.062770000000000000e+05
2.728970000000000000e+05
2.402130000000000000e+05
2.636570000000000000e+05
2.860140000000000000e+05
2.097520000000000000e+05
2.023520000000000000e+05
1.446750000000000000e+05
1.506420000000000000e+05
2.747350000000000000e+05
2.957600000000000000e+05
2.033350000000000000e+05
2.398200000000000000e+05
2.183290000000000000e+05
2.038810000000000000e+05
2.943380000000000000e+05
3.274790000000000000e+05
1.708340000000000000e+05
2.874390000000000000e+05
2.068190000000000000e+05
2.540620000000000000e+05
1.701510000000000000e+05
2.399940000000000000e+05
2.240440000000000000e+05
2.303880000000000000e+05
2.871900000000000000e+05
2.459140000000000000e+05
3.230320000000000000e+05
1.655980000000000000e+05
2.610810000000000000e+05
2.481430000000000000e+05
2.486770000000000000e+05
1.948510000000000000e+05
2.780800000000000000e+05
1.937540000000000000e+05
2.856750000000000000e+05
3.699370000000000000e+05
2.409520000000000000e+05
2.880600000000000000e+05
3.049340000000000000e+05
1.619200000000000000e+05
3.495720000000000000e+05
3.430670000000000000e+05
1.911090000000000000e+05
2.783170000000000000e+05
2.120670000000000000e+05
3.074370000000000000e+05
2.529850000000000000e+05
3.032750000000000000e+05
2.614070000000000000e+05
