2.277090000000000000e+05
2.139410000000000000e+05
3.610830000000000000e+05
2.055930000000000000e+05
3.064570000000000000e+05
2.992120000000000000e+05
3.055780000000000000e+05
2.328610000000000000e+05
2.385600000000000000e+05
2.703320000000000000e+05
2.719940000000000000e+05
2.400510000000000000e+05
2.694320000000000000e+05
2.299860000000000000e+05
2.882060000000000000e+05
3.607550000000000000e+05
3.282200000000000000e+05
2.982320000000000000e+05
3.181510000000000000e+05
2.813890000000000000e+05
2.549440000000000000e+05
4.017760000000000000e+05
2.704580000000000000e+05
2.385430000000000000e+05
2.630050000000000000e+05
3.055020000000000000e+05
4.050230000000000000e+05
2.519050000000000000e+05
2.796070000000000000e+05
2.105620000000000000e+05
2.534080000000000000e+05
2.996750000000000000e+05
3.062340000000000000e+05
3.159670000000000000e+05
2.041850000000000000e+05
9.887700000000000000e+04
2.546110000000000000e+05
1.676120000000000000e+05
2.675340000000000000e+05
2.738010000000000000e+05
3.195160000000000000e+05
2.812180000000000000e+05
2.152320000000000000e+05
2.703260000000000000e+05
2.390200000000000000e+05
3.103550000000000000e+05
3.007460000000000000e+05
2.677400000000000000e+05
2.570690000000000000e+05
3.526910000000000000e+05
