3.367460000000000000e+05
3.091100000000000000e+05
2.451290000000000000e+05
3.738230000000000000e+05
3.375120000000000000e+05
3.216890000000000000e+05
3.411640000000000000e+05
3.485960000000000000e+05
3.052160000000000000e+05
5.087280000000000000e+05
4.304120000000000000e+05
4.409790000000000000e+05
3.206380000000000000e+05
3.006210000000000000e+05
3.183580000000000000e+05
2.875700000000000000e+05
3.738640000000000000e+05
4.372220000000000000e+05
4.226430000000000000e+05
3.207320000000000000e+05
3.408770000000000000e+05
3.915880000000000000e+05
3.172970000000000000e+05
3.813330000000000000e+05
3.579070000000000000e+05
4.005380000000000000e+05
3.733770000000000000e+05
4.500060000000000000e+05
3.187220000000000000e+05
3.571820000000000000e+05
3.177220000000000000e+05
4.329100000000000000e+05
3.946180000000000000e+05
3.967140000000000000e+05
4.119700000000000000e+05
3.463290000000000000e+05
4.458220000000000000e+05
3.873650000000000000e+05
3.593230000000000000e+05
5.328200000000000000e+05
2.939100000000000000e+05
4.198500000000000000e+05
3.960820000000000000e+05
3.977480000000000000e+05
4.478000000000000000e+05
3.607820000000000000e+05
4.354970000000000000e+05
4.527860000000000000e+05
4.172600000000000000e+05
3.980040000000000000e+05
