5.421400000000000000e+04
4.382700000000000000e+04
4.737700000000000000e+04
5.466400000000000000e+04
4.942100000000000000e+04
5.901000000000000000e+04
5.102100000000000000e+04
6.924800000000000000e+04
4.593300000000000000e+04
5.972900000000000000e+04
6.505800000000000000e+04
6.380600000000000000e+04
6.771200000000000000e+04
4.711100000000000000e+04
3.795000000000000000e+04
6.101600000000000000e+04
5.863500000000000000e+04
4.418200000000000000e+04
6.258000000000000000e+04
3.551200000000000000e+04
4.426800000000000000e+04
5.347200000000000000e+04
6.054700000000000000e+04
4.955100000000000000e+04
6.698900000000000000e+04
5.883900000000000000e+04
5.105100000000000000e+04
6.189800000000000000e+04
6.249600000000000000e+04
5.226200000000000000e+04
5.763100000000000000e+04
6.006200000000000000e+04
4.737700000000000000e+04
5.533300000000000000e+04
6.124000000000000000e+04
4.809600000000000000e+04
7.118500000000000000e+04
5.786900000000000000e+04
5.443800000000000000e+04
4.644500000000000000e+04
3.809600000000000000e+04
4.919700000000000000e+04
5.764600000000000000e+04
5.843900000000000000e+04
6.256300000000000000e+04
5.116500000000000000e+04
5.266000000000000000e+04
4.648600000000000000e+04
3.819500000000000000e+04
6.179400000000000000e+04
