4.776600000000000000e+04
4.509900000000000000e+04
4.537700000000000000e+04
5.171500000000000000e+04
5.187500000000000000e+04
5.208400000000000000e+04
3.324500000000000000e+04
5.698300000000000000e+04
4.894600000000000000e+04
3.767100000000000000e+04
4.791600000000000000e+04
5.411700000000000000e+04
6.422800000000000000e+04
5.047800000000000000e+04
4.929400000000000000e+04
3.421700000000000000e+04
5.450600000000000000e+04
3.743800000000000000e+04
5.087300000000000000e+04
4.406600000000000000e+04
4.185700000000000000e+04
5.857200000000000000e+04
5.421800000000000000e+04
5.550500000000000000e+04
6.411600000000000000e+04
4.907900000000000000e+04
5.721900000000000000e+04
7.129500000000000000e+04
6.387900000000000000e+04
4.146100000000000000e+04
4.734500000000000000e+04
3.648500000000000000e+04
3.801900000000000000e+04
5.413000000000000000e+04
6.187200000000000000e+04
5.452200000000000000e+04
3.889300000000000000e+04
5.028700000000000000e+04
4.556300000000000000e+04
3.146500000000000000e+04
4.199700000000000000e+04
5.960600000000000000e+04
6.705700000000000000e+04
6.672300000000000000e+04
4.092800000000000000e+04
5.195000000000000000e+04
5.176100000000000000e+04
5.111600000000000000e+04
4.976900000000000000e+04
4.306200000000000000e+04
