1.807600000000000000e+04
3.504800000000000000e+04
2.377800000000000000e+04
2.475000000000000000e+04
2.795200000000000000e+04
2.199300000000000000e+04
2.480300000000000000e+04
3.205100000000000000e+04
2.055100000000000000e+04
1.582700000000000000e+04
2.671800000000000000e+04
1.029900000000000000e+04
1.853400000000000000e+04
1.607600000000000000e+04
2.145700000000000000e+04
3.235200000000000000e+04
2.546300000000000000e+04
1.317800000000000000e+04
1.824100000000000000e+04
2.179400000000000000e+04
1.208200000000000000e+04
2.335000000000000000e+04
7.732000000000000000e+03
3.481100000000000000e+04
6.656000000000000000e+03
1.419300000000000000e+04
2.253900000000000000e+04
3.902200000000000000e+04
2.606300000000000000e+04
2.921000000000000000e+04
1.153300000000000000e+04
1.192700000000000000e+04
1.545500000000000000e+04
1.491400000000000000e+04
2.326200000000000000e+04
2.566700000000000000e+04
1.662900000000000000e+04
1.111600000000000000e+04
1.947100000000000000e+04
1.415600000000000000e+04
1.189200000000000000e+04
2.184800000000000000e+04
1.788200000000000000e+04
6.306000000000000000e+03
1.672700000000000000e+04
1.304100000000000000e+04
1.338900000000000000e+04
1.760300000000000000e+04
1.670100000000000000e+04
2.356500000000000000e+04
