4.391700000000000000e+04
3.897100000000000000e+04
4.420100000000000000e+04
3.496300000000000000e+04
3.535600000000000000e+04
4.148300000000000000e+04
4.791100000000000000e+04
3.825500000000000000e+04
3.311000000000000000e+04
3.495700000000000000e+04
2.802700000000000000e+04
4.108100000000000000e+04
3.279900000000000000e+04
2.341100000000000000e+04
4.447700000000000000e+04
3.305900000000000000e+04
2.696600000000000000e+04
2.933300000000000000e+04
3.275700000000000000e+04
1.784000000000000000e+04
5.260900000000000000e+04
2.150900000000000000e+04
2.330700000000000000e+04
3.754200000000000000e+04
3.704400000000000000e+04
3.062100000000000000e+04
2.241500000000000000e+04
3.030300000000000000e+04
3.337200000000000000e+04
3.025200000000000000e+04
3.656800000000000000e+04
3.555500000000000000e+04
2.240800000000000000e+04
2.201300000000000000e+04
4.910700000000000000e+04
3.235200000000000000e+04
4.094200000000000000e+04
4.626400000000000000e+04
2.606200000000000000e+04
2.197600000000000000e+04
3.612500000000000000e+04
4.162400000000000000e+04
2.779300000000000000e+04
2.573900000000000000e+04
3.782600000000000000e+04
3.872900000000000000e+04
3.187500000000000000e+04
5.375600000000000000e+04
4.045900000000000000e+04
3.159000000000000000e+04
