4.831400000000000000e+04
6.435200000000000000e+04
5.865500000000000000e+04
5.787000000000000000e+04
5.507100000000000000e+04
5.597400000000000000e+04
4.786200000000000000e+04
6.093900000000000000e+04
6.341300000000000000e+04
5.230200000000000000e+04
4.616400000000000000e+04
5.240100000000000000e+04
4.793800000000000000e+04
4.565900000000000000e+04
4.112900000000000000e+04
5.122700000000000000e+04
7.057700000000000000e+04
5.869100000000000000e+04
4.524600000000000000e+04
5.939900000000000000e+04
4.781300000000000000e+04
4.035300000000000000e+04
6.178500000000000000e+04
4.466700000000000000e+04
4.581300000000000000e+04
6.092200000000000000e+04
6.049100000000000000e+04
5.321600000000000000e+04
5.113400000000000000e+04
5.564800000000000000e+04
5.366400000000000000e+04
5.392700000000000000e+04
4.659400000000000000e+04
5.831300000000000000e+04
5.560400000000000000e+04
6.655500000000000000e+04
4.401700000000000000e+04
5.065600000000000000e+04
5.450800000000000000e+04
6.928900000000000000e+04
5.352400000000000000e+04
4.853900000000000000e+04
6.305000000000000000e+04
4.500300000000000000e+04
4.964900000000000000e+04
3.404800000000000000e+04
6.852300000000000000e+04
6.680200000000000000e+04
5.769100000000000000e+04
4.129800000000000000e+04
