3.349000000000000000e+03
1.289100000000000000e+04
1.021500000000000000e+04
1.071100000000000000e+04
9.439000000000000000e+03
9.189000000000000000e+03
1.059900000000000000e+04
1.276000000000000000e+03
1.820900000000000000e+04
1.595700000000000000e+04
1.121300000000000000e+04
1.904700000000000000e+04
1.244800000000000000e+04
1.076300000000000000e+04
1.021500000000000000e+04
1.020700000000000000e+04
9.319000000000000000e+03
9.399000000000000000e+03
1.401800000000000000e+04
1.293300000000000000e+04
9.906000000000000000e+03
8.395000000000000000e+03
1.507400000000000000e+04
5.314000000000000000e+03
1.233600000000000000e+04
2.801000000000000000e+03
1.618300000000000000e+04
2.161100000000000000e+04
1.309500000000000000e+04
1.774700000000000000e+04
1.308200000000000000e+04
1.798200000000000000e+04
1.566200000000000000e+04
1.424200000000000000e+04
1.148500000000000000e+04
1.224800000000000000e+04
1.064500000000000000e+04
1.389600000000000000e+04
2.893000000000000000e+03
6.510000000000000000e+02
9.212000000000000000e+03
6.993000000000000000e+03
4.024000000000000000e+03
1.228100000000000000e+04
1.332300000000000000e+04
1.100100000000000000e+04
1.200600000000000000e+04
9.486000000000000000e+03
1.494500000000000000e+04
1.054600000000000000e+04
