7.044300000000000000e+04
5.144600000000000000e+04
5.897700000000000000e+04
4.892800000000000000e+04
5.556000000000000000e+04
6.271200000000000000e+04
4.688400000000000000e+04
7.236900000000000000e+04
7.090400000000000000e+04
5.861700000000000000e+04
5.954200000000000000e+04
6.113900000000000000e+04
6.575800000000000000e+04
4.014900000000000000e+04
4.524800000000000000e+04
4.634300000000000000e+04
5.191400000000000000e+04
6.936100000000000000e+04
6.262900000000000000e+04
5.604000000000000000e+04
4.780200000000000000e+04
4.591900000000000000e+04
5.936300000000000000e+04
5.941000000000000000e+04
7.178000000000000000e+04
7.109700000000000000e+04
4.459800000000000000e+04
4.956600000000000000e+04
4.514100000000000000e+04
8.009300000000000000e+04
8.192200000000000000e+04
5.618800000000000000e+04
7.055700000000000000e+04
5.302700000000000000e+04
5.197000000000000000e+04
5.410300000000000000e+04
5.922800000000000000e+04
6.160500000000000000e+04
3.035600000000000000e+04
5.014900000000000000e+04
4.421100000000000000e+04
5.073800000000000000e+04
5.856500000000000000e+04
4.374100000000000000e+04
8.708100000000000000e+04
5.429400000000000000e+04
6.503300000000000000e+04
5.684000000000000000e+04
5.599500000000000000e+04
5.770200000000000000e+04
