5.605600000000000000e+04
7.349900000000000000e+04
7.278200000000000000e+04
6.857700000000000000e+04
8.373000000000000000e+04
7.019400000000000000e+04
5.936600000000000000e+04
8.002700000000000000e+04
6.843500000000000000e+04
5.759300000000000000e+04
7.902700000000000000e+04
6.303600000000000000e+04
6.447100000000000000e+04
8.155400000000000000e+04
6.456600000000000000e+04
7.367100000000000000e+04
6.397500000000000000e+04
7.150300000000000000e+04
5.838400000000000000e+04
6.895900000000000000e+04
6.786100000000000000e+04
7.128600000000000000e+04
6.777400000000000000e+04
6.400800000000000000e+04
5.906700000000000000e+04
5.780100000000000000e+04
7.003800000000000000e+04
6.572600000000000000e+04
7.143200000000000000e+04
3.995400000000000000e+04
7.821800000000000000e+04
6.838700000000000000e+04
6.027800000000000000e+04
7.528300000000000000e+04
6.548700000000000000e+04
6.244800000000000000e+04
6.970700000000000000e+04
7.364000000000000000e+04
6.945000000000000000e+04
6.847500000000000000e+04
7.502900000000000000e+04
6.201800000000000000e+04
8.625500000000000000e+04
6.510000000000000000e+04
7.757700000000000000e+04
6.458700000000000000e+04
7.405500000000000000e+04
7.296000000000000000e+04
6.801100000000000000e+04
8.237500000000000000e+04
