4.271800000000000000e+04
3.486100000000000000e+04
4.737500000000000000e+04
2.984700000000000000e+04
2.295400000000000000e+04
3.293000000000000000e+04
4.442100000000000000e+04
2.654800000000000000e+04
4.460900000000000000e+04
3.185500000000000000e+04
1.634200000000000000e+04
4.932000000000000000e+04
2.735300000000000000e+04
2.489900000000000000e+04
3.577700000000000000e+04
3.394500000000000000e+04
2.111300000000000000e+04
2.672000000000000000e+04
3.297300000000000000e+04
3.128800000000000000e+04
4.489300000000000000e+04
2.591400000000000000e+04
4.948200000000000000e+04
3.305500000000000000e+04
3.356100000000000000e+04
3.422900000000000000e+04
3.123000000000000000e+04
2.253300000000000000e+04
3.264000000000000000e+04
1.996900000000000000e+04
3.668000000000000000e+04
3.307800000000000000e+04
2.569700000000000000e+04
4.110100000000000000e+04
5.230200000000000000e+04
3.141400000000000000e+04
2.412300000000000000e+04
4.896400000000000000e+04
3.016300000000000000e+04
3.320800000000000000e+04
2.957100000000000000e+04
2.937800000000000000e+04
1.857100000000000000e+04
1.892800000000000000e+04
3.378100000000000000e+04
2.748700000000000000e+04
3.689800000000000000e+04
2.688200000000000000e+04
4.263100000000000000e+04
3.452400000000000000e+04
