6.868400000000000000e+04
2.943000000000000000e+04
3.346700000000000000e+04
3.783600000000000000e+04
4.484900000000000000e+04
5.085600000000000000e+04
4.520300000000000000e+04
4.153500000000000000e+04
5.682500000000000000e+04
4.448400000000000000e+04
5.853300000000000000e+04
4.998300000000000000e+04
6.087200000000000000e+04
4.390600000000000000e+04
5.512100000000000000e+04
5.917700000000000000e+04
5.189200000000000000e+04
5.932400000000000000e+04
6.377700000000000000e+04
5.993000000000000000e+04
4.431600000000000000e+04
3.803800000000000000e+04
4.490300000000000000e+04
5.609500000000000000e+04
4.889200000000000000e+04
5.342000000000000000e+04
5.922800000000000000e+04
4.022500000000000000e+04
5.052000000000000000e+04
4.335000000000000000e+04
4.251100000000000000e+04
3.904900000000000000e+04
4.381200000000000000e+04
4.208300000000000000e+04
3.442000000000000000e+04
4.332600000000000000e+04
5.806100000000000000e+04
3.663600000000000000e+04
4.665000000000000000e+04
4.892400000000000000e+04
4.157100000000000000e+04
4.263900000000000000e+04
4.317900000000000000e+04
5.441900000000000000e+04
4.285300000000000000e+04
6.064700000000000000e+04
6.527000000000000000e+04
4.927500000000000000e+04
5.658900000000000000e+04
4.827700000000000000e+04
