4.392000000000000000e+04
4.858600000000000000e+04
3.702100000000000000e+04
3.422800000000000000e+04
6.461900000000000000e+04
5.167800000000000000e+04
2.662400000000000000e+04
5.416100000000000000e+04
4.491800000000000000e+04
6.043000000000000000e+04
4.398000000000000000e+04
3.623900000000000000e+04
4.888000000000000000e+04
6.293300000000000000e+04
5.344700000000000000e+04
4.674400000000000000e+04
4.845700000000000000e+04
6.069300000000000000e+04
5.865100000000000000e+04
6.135300000000000000e+04
3.871000000000000000e+04
4.748400000000000000e+04
4.444300000000000000e+04
3.654900000000000000e+04
5.460700000000000000e+04
5.243500000000000000e+04
7.034000000000000000e+04
6.203000000000000000e+04
5.671300000000000000e+04
6.819800000000000000e+04
4.861200000000000000e+04
4.814000000000000000e+04
5.184500000000000000e+04
5.986100000000000000e+04
5.065000000000000000e+04
3.688700000000000000e+04
4.442000000000000000e+04
4.510700000000000000e+04
6.564600000000000000e+04
5.912100000000000000e+04
5.472100000000000000e+04
6.270200000000000000e+04
4.430400000000000000e+04
5.262700000000000000e+04
5.180100000000000000e+04
6.116800000000000000e+04
5.118800000000000000e+04
6.387000000000000000e+04
4.082100000000000000e+04
5.588400000000000000e+04
