5.658100000000000000e+04
3.565100000000000000e+04
2.661400000000000000e+04
3.553100000000000000e+04
4.184000000000000000e+04
3.314000000000000000e+04
5.638000000000000000e+04
4.635700000000000000e+04
3.327500000000000000e+04
4.845400000000000000e+04
4.753400000000000000e+04
3.530200000000000000e+04
3.713700000000000000e+04
2.918000000000000000e+04
3.870700000000000000e+04
5.290400000000000000e+04
4.671700000000000000e+04
4.347000000000000000e+04
5.568600000000000000e+04
2.824500000000000000e+04
4.230800000000000000e+04
3.767500000000000000e+04
2.529500000000000000e+04
4.672900000000000000e+04
6.061700000000000000e+04
3.753900000000000000e+04
4.178800000000000000e+04
4.262500000000000000e+04
4.598800000000000000e+04
3.657200000000000000e+04
4.601300000000000000e+04
2.714600000000000000e+04
2.691900000000000000e+04
5.599900000000000000e+04
3.447900000000000000e+04
5.496900000000000000e+04
5.766000000000000000e+04
2.960300000000000000e+04
2.857200000000000000e+04
3.419600000000000000e+04
4.693800000000000000e+04
4.372700000000000000e+04
3.564600000000000000e+04
3.003500000000000000e+04
3.907000000000000000e+04
2.992900000000000000e+04
5.034700000000000000e+04
4.785100000000000000e+04
4.702000000000000000e+04
4.710800000000000000e+04
