2.871890000000000000e+05
3.558510000000000000e+05
3.402710000000000000e+05
2.662020000000000000e+05
4.591780000000000000e+05
3.988380000000000000e+05
2.985480000000000000e+05
3.704650000000000000e+05
3.523290000000000000e+05
4.175710000000000000e+05
4.314550000000000000e+05
4.826480000000000000e+05
3.647960000000000000e+05
3.821980000000000000e+05
3.673950000000000000e+05
3.960720000000000000e+05
4.012650000000000000e+05
3.884250000000000000e+05
3.905540000000000000e+05
4.045960000000000000e+05
4.188170000000000000e+05
3.710480000000000000e+05
3.504510000000000000e+05
3.413370000000000000e+05
3.598510000000000000e+05
3.990800000000000000e+05
3.348780000000000000e+05
3.651760000000000000e+05
3.271180000000000000e+05
3.937540000000000000e+05
4.273940000000000000e+05
4.268430000000000000e+05
2.786880000000000000e+05
3.260110000000000000e+05
2.438030000000000000e+05
2.582070000000000000e+05
4.181440000000000000e+05
2.225880000000000000e+05
3.384210000000000000e+05
2.646340000000000000e+05
3.441030000000000000e+05
4.132810000000000000e+05
4.119480000000000000e+05
3.319200000000000000e+05
2.974880000000000000e+05
4.085580000000000000e+05
3.546940000000000000e+05
3.409510000000000000e+05
3.533210000000000000e+05
3.502670000000000000e+05
