4.480860000000000000e+05
4.511950000000000000e+05
4.231890000000000000e+05
4.315760000000000000e+05
3.574340000000000000e+05
4.732550000000000000e+05
3.822880000000000000e+05
4.685920000000000000e+05
4.964980000000000000e+05
4.901950000000000000e+05
5.021770000000000000e+05
3.742430000000000000e+05
4.465140000000000000e+05
4.164120000000000000e+05
3.958530000000000000e+05
4.358620000000000000e+05
5.014900000000000000e+05
4.482830000000000000e+05
4.426650000000000000e+05
4.813060000000000000e+05
4.738980000000000000e+05
3.708480000000000000e+05
4.403530000000000000e+05
3.881060000000000000e+05
4.027940000000000000e+05
3.864010000000000000e+05
4.507010000000000000e+05
5.074260000000000000e+05
4.841310000000000000e+05
4.690000000000000000e+05
4.481560000000000000e+05
5.164170000000000000e+05
4.077970000000000000e+05
4.361370000000000000e+05
4.219190000000000000e+05
5.147960000000000000e+05
4.188600000000000000e+05
3.653560000000000000e+05
4.406670000000000000e+05
4.088710000000000000e+05
4.616200000000000000e+05
4.725290000000000000e+05
4.330620000000000000e+05
4.656260000000000000e+05
4.640080000000000000e+05
4.300160000000000000e+05
4.863840000000000000e+05
4.116930000000000000e+05
4.345080000000000000e+05
4.740190000000000000e+05
