4.143030000000000000e+05
3.384020000000000000e+05
5.251520000000000000e+05
4.111670000000000000e+05
4.482010000000000000e+05
3.737900000000000000e+05
4.713670000000000000e+05
4.083200000000000000e+05
4.853820000000000000e+05
5.212680000000000000e+05
2.884770000000000000e+05
4.271270000000000000e+05
4.707730000000000000e+05
3.253940000000000000e+05
4.269930000000000000e+05
4.245110000000000000e+05
3.289240000000000000e+05
4.961820000000000000e+05
4.002140000000000000e+05
4.444350000000000000e+05
3.693630000000000000e+05
2.240340000000000000e+05
3.647230000000000000e+05
3.857470000000000000e+05
3.594660000000000000e+05
4.510890000000000000e+05
3.737850000000000000e+05
4.106150000000000000e+05
4.423360000000000000e+05
4.730460000000000000e+05
4.337760000000000000e+05
3.956100000000000000e+05
3.691360000000000000e+05
4.093670000000000000e+05
4.483780000000000000e+05
2.541480000000000000e+05
4.562200000000000000e+05
3.924820000000000000e+05
4.040710000000000000e+05
4.804760000000000000e+05
3.901010000000000000e+05
4.024690000000000000e+05
3.546050000000000000e+05
5.351530000000000000e+05
3.672410000000000000e+05
4.455900000000000000e+05
3.970230000000000000e+05
4.591510000000000000e+05
3.902640000000000000e+05
3.705730000000000000e+05
