3.306410000000000000e+05
4.175730000000000000e+05
2.983200000000000000e+05
2.713090000000000000e+05
3.139220000000000000e+05
2.878040000000000000e+05
4.333320000000000000e+05
2.865800000000000000e+05
3.120990000000000000e+05
3.471190000000000000e+05
3.076940000000000000e+05
3.601870000000000000e+05
2.108250000000000000e+05
3.444360000000000000e+05
2.699180000000000000e+05
3.158650000000000000e+05
3.867350000000000000e+05
3.066940000000000000e+05
3.395710000000000000e+05
3.241400000000000000e+05
2.849490000000000000e+05
3.107930000000000000e+05
3.728310000000000000e+05
2.207520000000000000e+05
2.176520000000000000e+05
2.765150000000000000e+05
4.541760000000000000e+05
2.390640000000000000e+05
3.991250000000000000e+05
2.934790000000000000e+05
3.578580000000000000e+05
2.524570000000000000e+05
2.974930000000000000e+05
2.405320000000000000e+05
2.855730000000000000e+05
4.053090000000000000e+05
3.092070000000000000e+05
2.785600000000000000e+05
2.997210000000000000e+05
4.478670000000000000e+05
3.330410000000000000e+05
3.213620000000000000e+05
3.926820000000000000e+05
3.323980000000000000e+05
3.991840000000000000e+05
3.082540000000000000e+05
3.400190000000000000e+05
2.689720000000000000e+05
4.266000000000000000e+05
2.651680000000000000e+05
