4.381740000000000000e+05
3.499170000000000000e+05
3.437200000000000000e+05
3.492620000000000000e+05
3.033660000000000000e+05
4.432520000000000000e+05
3.733220000000000000e+05
3.653670000000000000e+05
5.061860000000000000e+05
3.078370000000000000e+05
3.897320000000000000e+05
3.760660000000000000e+05
4.326870000000000000e+05
3.500870000000000000e+05
2.948470000000000000e+05
4.038750000000000000e+05
4.753160000000000000e+05
3.811480000000000000e+05
3.436830000000000000e+05
3.482180000000000000e+05
3.982040000000000000e+05
4.514510000000000000e+05
4.645130000000000000e+05
4.013440000000000000e+05
5.154240000000000000e+05
3.923520000000000000e+05
4.515580000000000000e+05
3.574980000000000000e+05
4.931260000000000000e+05
3.709200000000000000e+05
4.044430000000000000e+05
4.052460000000000000e+05
2.521710000000000000e+05
3.713850000000000000e+05
4.265250000000000000e+05
3.430240000000000000e+05
3.238880000000000000e+05
2.732020000000000000e+05
4.646070000000000000e+05
4.115250000000000000e+05
3.727150000000000000e+05
4.360140000000000000e+05
3.191920000000000000e+05
4.283900000000000000e+05
4.612080000000000000e+05
3.576410000000000000e+05
3.536640000000000000e+05
3.363310000000000000e+05
3.986410000000000000e+05
2.688790000000000000e+05
