2.671090000000000000e+05
2.063580000000000000e+05
2.845240000000000000e+05
1.446240000000000000e+05
2.818670000000000000e+05
1.520470000000000000e+05
1.366950000000000000e+05
2.553880000000000000e+05
1.861960000000000000e+05
1.946910000000000000e+05
2.954440000000000000e+05
3.862580000000000000e+05
1.933270000000000000e+05
2.310300000000000000e+05
3.010420000000000000e+05
8.454300000000000000e+04
3.569870000000000000e+05
2.584460000000000000e+05
2.007150000000000000e+05
3.189490000000000000e+05
1.606260000000000000e+05
1.267560000000000000e+05
1.723840000000000000e+05
2.892680000000000000e+05
1.927330000000000000e+05
9.705500000000000000e+04
2.145230000000000000e+05
1.347270000000000000e+05
2.763480000000000000e+05
1.720320000000000000e+05
2.490660000000000000e+05
1.847020000000000000e+05
1.551450000000000000e+05
1.562670000000000000e+05
5.283100000000000000e+04
3.097090000000000000e+05
2.782260000000000000e+05
1.181060000000000000e+05
1.384630000000000000e+05
1.638190000000000000e+05
1.361830000000000000e+05
1.051990000000000000e+05
2.314580000000000000e+05
1.305160000000000000e+05
1.165790000000000000e+05
1.545750000000000000e+05
2.940320000000000000e+05
3.190020000000000000e+05
2.492180000000000000e+05
1.409110000000000000e+05
