5.914600000000000000e+04
7.005400000000000000e+04
7.328000000000000000e+04
3.033900000000000000e+04
3.340200000000000000e+04
3.754100000000000000e+04
4.566700000000000000e+04
1.343450000000000000e+05
1.763620000000000000e+05
1.432390000000000000e+05
9.726000000000000000e+04
6.382800000000000000e+04
1.446760000000000000e+05
1.266250000000000000e+05
1.500910000000000000e+05
8.872700000000000000e+04
1.145740000000000000e+05
1.418560000000000000e+05
1.613460000000000000e+05
7.122100000000000000e+04
1.422830000000000000e+05
2.069060000000000000e+05
1.682430000000000000e+05
7.180000000000000000e+04
1.304390000000000000e+05
2.025860000000000000e+05
6.851900000000000000e+04
1.643330000000000000e+05
4.377000000000000000e+04
9.795500000000000000e+04
9.425100000000000000e+04
3.510700000000000000e+04
3.190800000000000000e+04
1.281900000000000000e+05
8.135900000000000000e+04
5.360600000000000000e+04
7.404700000000000000e+04
1.439080000000000000e+05
7.083900000000000000e+04
7.487600000000000000e+04
8.917400000000000000e+04
3.355000000000000000e+04
1.010960000000000000e+05
1.250390000000000000e+05
1.537330000000000000e+05
1.153520000000000000e+05
1.567170000000000000e+05
6.502200000000000000e+04
4.527200000000000000e+04
8.419300000000000000e+04
