4.822550000000000000e+05
5.542090000000000000e+05
5.128850000000000000e+05
4.845930000000000000e+05
5.517250000000000000e+05
5.295460000000000000e+05
5.053460000000000000e+05
5.153390000000000000e+05
4.631280000000000000e+05
5.267940000000000000e+05
5.216120000000000000e+05
5.472890000000000000e+05
5.514600000000000000e+05
4.889800000000000000e+05
5.448350000000000000e+05
5.419510000000000000e+05
5.036150000000000000e+05
5.012880000000000000e+05
4.876870000000000000e+05
5.143230000000000000e+05
4.966300000000000000e+05
4.220140000000000000e+05
5.259180000000000000e+05
5.933300000000000000e+05
5.358860000000000000e+05
5.000670000000000000e+05
4.663500000000000000e+05
5.127210000000000000e+05
5.053850000000000000e+05
5.144980000000000000e+05
5.289270000000000000e+05
4.724560000000000000e+05
4.947710000000000000e+05
5.642100000000000000e+05
5.319580000000000000e+05
5.374720000000000000e+05
5.464080000000000000e+05
5.195580000000000000e+05
4.830510000000000000e+05
5.226740000000000000e+05
5.261480000000000000e+05
5.006170000000000000e+05
5.479520000000000000e+05
4.833160000000000000e+05
4.734720000000000000e+05
5.096880000000000000e+05
5.584910000000000000e+05
5.336320000000000000e+05
4.578230000000000000e+05
5.587810000000000000e+05
