3.199080000000000000e+05
2.877380000000000000e+05
3.434360000000000000e+05
2.278050000000000000e+05
2.990490000000000000e+05
2.761990000000000000e+05
2.520120000000000000e+05
2.135280000000000000e+05
1.264060000000000000e+05
3.950680000000000000e+05
3.542380000000000000e+05
1.690010000000000000e+05
2.140200000000000000e+05
2.119010000000000000e+05
3.838290000000000000e+05
9.742400000000000000e+04
2.521420000000000000e+05
3.495210000000000000e+05
2.377840000000000000e+05
2.824860000000000000e+05
2.280000000000000000e+05
2.091870000000000000e+05
3.887570000000000000e+05
2.656900000000000000e+05
3.402500000000000000e+05
1.426810000000000000e+05
3.156780000000000000e+05
2.252760000000000000e+05
2.458380000000000000e+05
2.441380000000000000e+05
1.980930000000000000e+05
2.257750000000000000e+05
2.882310000000000000e+05
2.744960000000000000e+05
3.736650000000000000e+05
2.042780000000000000e+05
4.319710000000000000e+05
1.174220000000000000e+05
3.608540000000000000e+05
2.850240000000000000e+05
2.234290000000000000e+05
2.089560000000000000e+05
1.973500000000000000e+05
2.538830000000000000e+05
3.027740000000000000e+05
1.529040000000000000e+05
2.090100000000000000e+05
2.504670000000000000e+05
1.028560000000000000e+05
2.548040000000000000e+05
