4.086070000000000000e+05
3.403950000000000000e+05
3.143440000000000000e+05
3.655670000000000000e+05
3.726780000000000000e+05
2.521730000000000000e+05
3.789970000000000000e+05
3.115030000000000000e+05
4.105430000000000000e+05
3.975080000000000000e+05
3.542120000000000000e+05
3.306470000000000000e+05
3.109040000000000000e+05
3.103280000000000000e+05
3.830700000000000000e+05
4.000890000000000000e+05
4.130290000000000000e+05
2.968270000000000000e+05
3.360090000000000000e+05
3.941260000000000000e+05
3.182270000000000000e+05
2.546610000000000000e+05
3.304250000000000000e+05
3.334620000000000000e+05
4.490030000000000000e+05
2.874610000000000000e+05
3.341110000000000000e+05
4.191940000000000000e+05
4.292710000000000000e+05
3.497070000000000000e+05
4.346780000000000000e+05
4.318040000000000000e+05
3.866510000000000000e+05
3.483890000000000000e+05
3.115510000000000000e+05
3.762780000000000000e+05
3.014280000000000000e+05
3.880730000000000000e+05
4.826210000000000000e+05
3.580060000000000000e+05
4.851000000000000000e+05
3.945270000000000000e+05
3.600500000000000000e+05
4.485680000000000000e+05
2.924720000000000000e+05
4.990580000000000000e+05
3.004800000000000000e+05
4.142800000000000000e+05
4.379450000000000000e+05
4.114690000000000000e+05
