4.924900000000000000e+05
4.899460000000000000e+05
5.496210000000000000e+05
5.159220000000000000e+05
5.038070000000000000e+05
5.122650000000000000e+05
4.953430000000000000e+05
4.577410000000000000e+05
5.336170000000000000e+05
5.155750000000000000e+05
5.089670000000000000e+05
5.242050000000000000e+05
5.143370000000000000e+05
5.789200000000000000e+05
5.173410000000000000e+05
5.338510000000000000e+05
5.772970000000000000e+05
4.171810000000000000e+05
4.750650000000000000e+05
4.776440000000000000e+05
4.900340000000000000e+05
5.070680000000000000e+05
4.564410000000000000e+05
5.311750000000000000e+05
5.087040000000000000e+05
4.678580000000000000e+05
4.639360000000000000e+05
4.909990000000000000e+05
5.148930000000000000e+05
4.341930000000000000e+05
5.127070000000000000e+05
5.346120000000000000e+05
5.076700000000000000e+05
5.588360000000000000e+05
4.949500000000000000e+05
4.632520000000000000e+05
5.074800000000000000e+05
5.185500000000000000e+05
4.992620000000000000e+05
4.783020000000000000e+05
5.533220000000000000e+05
4.605360000000000000e+05
4.630420000000000000e+05
5.444860000000000000e+05
5.115900000000000000e+05
5.002820000000000000e+05
5.327600000000000000e+05
4.716190000000000000e+05
4.708600000000000000e+05
5.375480000000000000e+05
