8.250100000000000000e+04
1.070940000000000000e+05
2.016210000000000000e+05
8.186700000000000000e+04
9.731700000000000000e+04
1.018710000000000000e+05
1.859710000000000000e+05
4.976600000000000000e+04
2.322700000000000000e+04
1.603210000000000000e+05
1.275980000000000000e+05
1.528700000000000000e+04
2.838100000000000000e+04
8.068800000000000000e+04
4.215200000000000000e+04
3.209500000000000000e+04
7.943100000000000000e+04
7.940100000000000000e+04
9.058300000000000000e+04
3.443000000000000000e+04
3.393800000000000000e+04
7.902200000000000000e+04
8.185500000000000000e+04
5.672400000000000000e+04
1.129760000000000000e+05
9.495900000000000000e+04
4.141200000000000000e+04
7.802900000000000000e+04
6.607200000000000000e+04
8.869500000000000000e+04
4.376000000000000000e+03
1.078830000000000000e+05
3.030900000000000000e+04
1.118840000000000000e+05
1.140490000000000000e+05
3.953500000000000000e+04
6.253800000000000000e+04
4.403200000000000000e+04
7.138400000000000000e+04
5.871000000000000000e+04
4.832000000000000000e+03
4.994600000000000000e+04
6.417400000000000000e+04
1.014410000000000000e+05
3.411700000000000000e+04
1.169400000000000000e+04
4.926700000000000000e+04
1.434420000000000000e+05
7.769300000000000000e+04
6.936600000000000000e+04
