4.290990000000000000e+05
4.510780000000000000e+05
4.158950000000000000e+05
4.109310000000000000e+05
3.725830000000000000e+05
4.188880000000000000e+05
4.076120000000000000e+05
4.219880000000000000e+05
3.865260000000000000e+05
4.952630000000000000e+05
3.918160000000000000e+05
4.558910000000000000e+05
4.412750000000000000e+05
3.961260000000000000e+05
4.715850000000000000e+05
4.203040000000000000e+05
4.586210000000000000e+05
4.673040000000000000e+05
3.618710000000000000e+05
4.524550000000000000e+05
4.657390000000000000e+05
4.248440000000000000e+05
4.570450000000000000e+05
4.608790000000000000e+05
4.524780000000000000e+05
4.078700000000000000e+05
3.813020000000000000e+05
4.438170000000000000e+05
3.874080000000000000e+05
3.491870000000000000e+05
4.223860000000000000e+05
3.684750000000000000e+05
3.765420000000000000e+05
4.025060000000000000e+05
4.394930000000000000e+05
4.553750000000000000e+05
4.486740000000000000e+05
4.192230000000000000e+05
3.501880000000000000e+05
4.506290000000000000e+05
4.622500000000000000e+05
4.275800000000000000e+05
4.380400000000000000e+05
3.708930000000000000e+05
4.974370000000000000e+05
4.164680000000000000e+05
5.048290000000000000e+05
3.807050000000000000e+05
4.138030000000000000e+05
4.617990000000000000e+05
