4.695950000000000000e+05
5.437180000000000000e+05
5.701490000000000000e+05
5.446350000000000000e+05
4.110680000000000000e+05
5.314140000000000000e+05
4.231460000000000000e+05
4.958640000000000000e+05
4.111000000000000000e+05
4.658480000000000000e+05
5.352260000000000000e+05
5.244520000000000000e+05
5.475070000000000000e+05
5.069660000000000000e+05
4.962820000000000000e+05
5.091320000000000000e+05
4.475880000000000000e+05
5.154370000000000000e+05
5.168940000000000000e+05
4.580560000000000000e+05
5.378570000000000000e+05
5.190650000000000000e+05
4.731210000000000000e+05
5.391230000000000000e+05
5.289190000000000000e+05
4.776990000000000000e+05
5.169550000000000000e+05
4.660080000000000000e+05
4.686440000000000000e+05
4.830540000000000000e+05
5.515940000000000000e+05
4.447770000000000000e+05
5.075960000000000000e+05
5.270040000000000000e+05
4.656610000000000000e+05
4.931770000000000000e+05
4.755580000000000000e+05
4.733480000000000000e+05
4.694950000000000000e+05
4.969170000000000000e+05
4.888150000000000000e+05
5.392430000000000000e+05
4.941170000000000000e+05
4.727990000000000000e+05
5.413650000000000000e+05
4.949690000000000000e+05
5.531400000000000000e+05
4.976130000000000000e+05
4.636560000000000000e+05
5.239790000000000000e+05
