2.897250000000000000e+05
3.799200000000000000e+05
1.205670000000000000e+05
2.865480000000000000e+05
3.707160000000000000e+05
2.959930000000000000e+05
2.867790000000000000e+05
2.065740000000000000e+05
1.492260000000000000e+05
3.409850000000000000e+05
1.213730000000000000e+05
2.318390000000000000e+05
3.276640000000000000e+05
1.877990000000000000e+05
1.737500000000000000e+05
1.233780000000000000e+05
3.098000000000000000e+05
2.811330000000000000e+05
2.011830000000000000e+05
3.119810000000000000e+05
3.215770000000000000e+05
1.101720000000000000e+05
2.968430000000000000e+05
2.590180000000000000e+05
2.854440000000000000e+05
1.656960000000000000e+05
2.608160000000000000e+05
2.516880000000000000e+05
3.000100000000000000e+05
2.182830000000000000e+05
1.007120000000000000e+05
2.708130000000000000e+05
3.914050000000000000e+05
1.772120000000000000e+05
1.040770000000000000e+05
3.976210000000000000e+05
2.178240000000000000e+05
2.261840000000000000e+05
4.076710000000000000e+05
1.763400000000000000e+05
2.291940000000000000e+05
1.967940000000000000e+05
3.084910000000000000e+05
2.326920000000000000e+05
3.128470000000000000e+05
4.145510000000000000e+05
3.063680000000000000e+05
2.492240000000000000e+05
2.307530000000000000e+05
1.623380000000000000e+05
