1.952000000000000000e+04
1.357600000000000000e+04
2.049900000000000000e+04
1.110000000000000000e+04
2.672500000000000000e+04
3.900000000000000000e+01
1.104800000000000000e+04
6.454000000000000000e+03
1.408900000000000000e+04
3.309000000000000000e+03
1.632500000000000000e+04
7.666000000000000000e+03
9.306000000000000000e+03
2.166000000000000000e+04
1.448500000000000000e+04
7.323000000000000000e+03
1.611200000000000000e+04
1.375500000000000000e+04
5.835000000000000000e+03
1.976000000000000000e+04
2.722300000000000000e+04
1.274600000000000000e+04
1.056900000000000000e+04
1.339900000000000000e+04
2.470400000000000000e+04
3.197600000000000000e+04
1.079900000000000000e+04
8.466000000000000000e+03
1.029000000000000000e+04
1.483800000000000000e+04
2.395200000000000000e+04
8.500000000000000000e+01
1.413500000000000000e+04
6.608000000000000000e+03
5.814000000000000000e+03
1.237100000000000000e+04
1.204300000000000000e+04
1.960400000000000000e+04
2.383800000000000000e+04
2.579000000000000000e+04
1.852000000000000000e+04
1.581100000000000000e+04
2.310000000000000000e+03
1.517200000000000000e+04
1.602700000000000000e+04
9.834000000000000000e+03
3.879000000000000000e+03
1.316000000000000000e+03
1.521300000000000000e+04
1.734000000000000000e+04
