1.032250000000000000e+05
8.395100000000000000e+04
1.188450000000000000e+05
1.269770000000000000e+05
9.502900000000000000e+04
6.436700000000000000e+04
1.222730000000000000e+05
7.568300000000000000e+04
1.120620000000000000e+05
1.285810000000000000e+05
4.833400000000000000e+04
1.085680000000000000e+05
1.084440000000000000e+05
8.882600000000000000e+04
1.064620000000000000e+05
8.838200000000000000e+04
6.381400000000000000e+04
1.118230000000000000e+05
1.189970000000000000e+05
1.152000000000000000e+05
9.794700000000000000e+04
8.065300000000000000e+04
9.064600000000000000e+04
8.966300000000000000e+04
9.700700000000000000e+04
1.062080000000000000e+05
7.498300000000000000e+04
1.129800000000000000e+05
1.050270000000000000e+05
1.196320000000000000e+05
8.799100000000000000e+04
8.849200000000000000e+04
1.153460000000000000e+05
1.192740000000000000e+05
9.487800000000000000e+04
5.832800000000000000e+04
8.900800000000000000e+04
1.075430000000000000e+05
1.048050000000000000e+05
1.001070000000000000e+05
9.647400000000000000e+04
1.076740000000000000e+05
8.653000000000000000e+04
1.236840000000000000e+05
8.127900000000000000e+04
1.057280000000000000e+05
8.788400000000000000e+04
1.025550000000000000e+05
9.096800000000000000e+04
8.531200000000000000e+04
