4.798700000000000000e+04
4.143100000000000000e+04
5.302400000000000000e+04
4.413800000000000000e+04
3.482700000000000000e+04
5.613600000000000000e+04
4.894000000000000000e+04
5.185600000000000000e+04
1.851700000000000000e+04
4.690600000000000000e+04
7.868100000000000000e+04
4.339300000000000000e+04
3.360700000000000000e+04
2.889100000000000000e+04
5.033200000000000000e+04
2.069400000000000000e+04
3.274100000000000000e+04
4.880800000000000000e+04
4.587800000000000000e+04
6.853900000000000000e+04
6.147000000000000000e+04
3.453100000000000000e+04
4.789900000000000000e+04
6.302700000000000000e+04
6.863500000000000000e+04
3.535300000000000000e+04
6.971900000000000000e+04
4.075600000000000000e+04
4.455200000000000000e+04
4.534100000000000000e+04
3.284900000000000000e+04
3.771500000000000000e+04
4.778800000000000000e+04
4.990400000000000000e+04
5.831900000000000000e+04
3.853900000000000000e+04
5.782600000000000000e+04
2.358900000000000000e+04
5.248800000000000000e+04
4.585800000000000000e+04
3.879900000000000000e+04
4.195700000000000000e+04
4.042100000000000000e+04
3.226100000000000000e+04
3.478900000000000000e+04
2.818800000000000000e+04
3.136100000000000000e+04
4.003300000000000000e+04
2.132900000000000000e+04
5.718900000000000000e+04
