5.745300000000000000e+04
8.221400000000000000e+04
9.315900000000000000e+04
8.513100000000000000e+04
8.290700000000000000e+04
6.501000000000000000e+04
6.537100000000000000e+04
7.316500000000000000e+04
7.151000000000000000e+04
5.879500000000000000e+04
9.113400000000000000e+04
7.000600000000000000e+04
8.056400000000000000e+04
7.653100000000000000e+04
5.709000000000000000e+04
6.871800000000000000e+04
7.654000000000000000e+04
5.453400000000000000e+04
8.149200000000000000e+04
7.421300000000000000e+04
5.945700000000000000e+04
6.540100000000000000e+04
8.249800000000000000e+04
6.557800000000000000e+04
6.886700000000000000e+04
7.691300000000000000e+04
7.640000000000000000e+04
5.678500000000000000e+04
5.673700000000000000e+04
8.567500000000000000e+04
2.403400000000000000e+04
5.777900000000000000e+04
6.090300000000000000e+04
2.944000000000000000e+04
1.075910000000000000e+05
8.291400000000000000e+04
6.353400000000000000e+04
7.177300000000000000e+04
6.623200000000000000e+04
8.479100000000000000e+04
6.868400000000000000e+04
7.562300000000000000e+04
5.851700000000000000e+04
5.204000000000000000e+04
6.974600000000000000e+04
8.859500000000000000e+04
7.787300000000000000e+04
5.998300000000000000e+04
8.683300000000000000e+04
7.025500000000000000e+04
