1.303390000000000000e+05
1.178030000000000000e+05
1.265150000000000000e+05
9.048300000000000000e+04
1.065980000000000000e+05
1.198510000000000000e+05
1.201060000000000000e+05
1.658220000000000000e+05
1.154610000000000000e+05
9.574700000000000000e+04
1.103440000000000000e+05
1.506500000000000000e+05
9.748700000000000000e+04
1.005270000000000000e+05
1.350090000000000000e+05
8.656400000000000000e+04
1.231070000000000000e+05
1.952480000000000000e+05
1.316050000000000000e+05
1.112060000000000000e+05
1.245230000000000000e+05
1.008360000000000000e+05
1.286250000000000000e+05
9.072400000000000000e+04
1.301580000000000000e+05
1.232020000000000000e+05
1.463980000000000000e+05
1.127820000000000000e+05
1.488190000000000000e+05
1.400260000000000000e+05
1.340620000000000000e+05
8.894300000000000000e+04
1.718880000000000000e+05
1.577750000000000000e+05
1.073770000000000000e+05
1.273010000000000000e+05
1.651930000000000000e+05
1.119400000000000000e+05
9.121000000000000000e+04
1.486380000000000000e+05
1.113790000000000000e+05
1.696940000000000000e+05
8.880600000000000000e+04
1.423770000000000000e+05
1.042500000000000000e+05
1.512220000000000000e+05
1.249320000000000000e+05
1.013470000000000000e+05
1.353210000000000000e+05
1.293890000000000000e+05
