1.344140000000000000e+05
1.448940000000000000e+05
1.041400000000000000e+05
1.371810000000000000e+05
1.074720000000000000e+05
1.232470000000000000e+05
1.374390000000000000e+05
1.244640000000000000e+05
1.063670000000000000e+05
1.429980000000000000e+05
9.547800000000000000e+04
1.376160000000000000e+05
1.380380000000000000e+05
1.184720000000000000e+05
1.155410000000000000e+05
1.289910000000000000e+05
1.090010000000000000e+05
1.615250000000000000e+05
9.500300000000000000e+04
1.710110000000000000e+05
1.091780000000000000e+05
1.470560000000000000e+05
1.346760000000000000e+05
9.317200000000000000e+04
1.391820000000000000e+05
1.388940000000000000e+05
1.175950000000000000e+05
1.440200000000000000e+05
1.135690000000000000e+05
1.155500000000000000e+05
1.326630000000000000e+05
1.167290000000000000e+05
1.293230000000000000e+05
1.122470000000000000e+05
1.271700000000000000e+05
1.074200000000000000e+05
1.022630000000000000e+05
1.293830000000000000e+05
1.397220000000000000e+05
1.681150000000000000e+05
1.214140000000000000e+05
1.268310000000000000e+05
1.105570000000000000e+05
1.309010000000000000e+05
1.437590000000000000e+05
1.303250000000000000e+05
1.250910000000000000e+05
9.722400000000000000e+04
1.026350000000000000e+05
1.304580000000000000e+05
