9.389000000000000000e+03
1.001800000000000000e+04
2.494500000000000000e+04
1.326700000000000000e+04
7.558000000000000000e+03
2.013900000000000000e+04
2.534400000000000000e+04
5.025000000000000000e+03
4.766000000000000000e+03
2.002200000000000000e+04
8.599000000000000000e+03
9.399000000000000000e+03
1.176800000000000000e+04
7.543000000000000000e+03
1.063300000000000000e+04
8.143000000000000000e+03
5.371000000000000000e+03
1.224700000000000000e+04
1.446100000000000000e+04
1.390500000000000000e+04
1.216400000000000000e+04
1.326000000000000000e+04
4.230000000000000000e+03
1.206900000000000000e+04
8.272000000000000000e+03
1.506800000000000000e+04
5.230000000000000000e+03
5.879000000000000000e+03
1.090200000000000000e+04
1.290300000000000000e+04
1.708000000000000000e+03
2.580200000000000000e+04
1.036300000000000000e+04
2.170700000000000000e+04
2.079000000000000000e+04
8.501000000000000000e+03
1.355800000000000000e+04
1.011900000000000000e+04
1.523300000000000000e+04
5.779000000000000000e+03
6.041000000000000000e+03
1.065000000000000000e+04
1.115500000000000000e+04
1.344000000000000000e+04
1.214500000000000000e+04
2.051000000000000000e+03
9.146000000000000000e+03
1.215400000000000000e+04
6.716000000000000000e+03
1.882700000000000000e+04
