1.158220000000000000e+05
6.031500000000000000e+04
6.528900000000000000e+04
7.412600000000000000e+04
5.358900000000000000e+04
6.072700000000000000e+04
1.096530000000000000e+05
9.363900000000000000e+04
6.280100000000000000e+04
9.867200000000000000e+04
6.321700000000000000e+04
3.880800000000000000e+04
8.717700000000000000e+04
8.018300000000000000e+04
5.654600000000000000e+04
3.884300000000000000e+04
9.811300000000000000e+04
8.085500000000000000e+04
6.989100000000000000e+04
6.473900000000000000e+04
4.278800000000000000e+04
5.824800000000000000e+04
3.776300000000000000e+04
3.094900000000000000e+04
6.012800000000000000e+04
6.433800000000000000e+04
1.165650000000000000e+05
5.003100000000000000e+04
6.054600000000000000e+04
7.663900000000000000e+04
1.019600000000000000e+05
7.590100000000000000e+04
4.494900000000000000e+04
6.142300000000000000e+04
1.050420000000000000e+05
8.849800000000000000e+04
5.974500000000000000e+04
7.686900000000000000e+04
7.878500000000000000e+04
7.803900000000000000e+04
8.250700000000000000e+04
5.873300000000000000e+04
7.271100000000000000e+04
8.569200000000000000e+04
9.367600000000000000e+04
7.487300000000000000e+04
7.843400000000000000e+04
5.863000000000000000e+04
6.775100000000000000e+04
5.252500000000000000e+04
