1.179510000000000000e+05
2.094290000000000000e+05
1.885650000000000000e+05
1.694660000000000000e+05
2.036900000000000000e+05
1.579950000000000000e+05
1.874370000000000000e+05
2.018790000000000000e+05
1.960680000000000000e+05
1.384360000000000000e+05
1.783430000000000000e+05
2.064690000000000000e+05
1.546980000000000000e+05
1.529160000000000000e+05
1.672120000000000000e+05
1.839140000000000000e+05
1.616100000000000000e+05
1.985470000000000000e+05
1.821500000000000000e+05
1.652490000000000000e+05
1.603480000000000000e+05
1.903110000000000000e+05
1.683310000000000000e+05
1.797010000000000000e+05
1.809480000000000000e+05
1.482820000000000000e+05
1.697900000000000000e+05
1.567220000000000000e+05
1.740100000000000000e+05
1.382370000000000000e+05
1.558630000000000000e+05
1.623290000000000000e+05
2.174630000000000000e+05
1.578500000000000000e+05
1.849420000000000000e+05
1.587520000000000000e+05
1.915670000000000000e+05
1.599560000000000000e+05
1.572280000000000000e+05
1.950170000000000000e+05
1.729050000000000000e+05
1.637970000000000000e+05
1.401360000000000000e+05
1.667960000000000000e+05
1.666780000000000000e+05
1.930490000000000000e+05
1.757090000000000000e+05
1.509410000000000000e+05
1.604250000000000000e+05
1.919620000000000000e+05
