1.141770000000000000e+05
8.855500000000000000e+04
8.541900000000000000e+04
1.310410000000000000e+05
1.100530000000000000e+05
4.880600000000000000e+04
9.606100000000000000e+04
7.592700000000000000e+04
1.036280000000000000e+05
7.055400000000000000e+04
8.583400000000000000e+04
7.257000000000000000e+04
7.021000000000000000e+04
1.006360000000000000e+05
6.542400000000000000e+04
1.087680000000000000e+05
9.013800000000000000e+04
8.140300000000000000e+04
6.628200000000000000e+04
1.308660000000000000e+05
9.697800000000000000e+04
9.366000000000000000e+04
1.102590000000000000e+05
7.093000000000000000e+04
1.202010000000000000e+05
1.026370000000000000e+05
1.103480000000000000e+05
6.868400000000000000e+04
8.264500000000000000e+04
8.078900000000000000e+04
1.138540000000000000e+05
9.306700000000000000e+04
8.903000000000000000e+04
7.809700000000000000e+04
7.423700000000000000e+04
1.303990000000000000e+05
5.546800000000000000e+04
1.206930000000000000e+05
1.418430000000000000e+05
1.050230000000000000e+05
8.240900000000000000e+04
1.012110000000000000e+05
1.073330000000000000e+05
1.426960000000000000e+05
7.515300000000000000e+04
1.210070000000000000e+05
6.659300000000000000e+04
1.074160000000000000e+05
8.299400000000000000e+04
9.030700000000000000e+04
