3.890600000000000000e+04
4.329700000000000000e+04
4.978800000000000000e+04
6.081800000000000000e+04
5.491000000000000000e+04
6.312500000000000000e+04
6.158400000000000000e+04
4.826000000000000000e+04
5.449400000000000000e+04
7.905000000000000000e+04
6.203900000000000000e+04
5.880000000000000000e+04
6.409800000000000000e+04
6.352700000000000000e+04
5.437200000000000000e+04
6.733900000000000000e+04
5.321600000000000000e+04
3.947400000000000000e+04
6.245600000000000000e+04
4.433100000000000000e+04
7.376300000000000000e+04
7.016500000000000000e+04
4.671300000000000000e+04
5.309900000000000000e+04
6.538900000000000000e+04
5.015200000000000000e+04
4.899400000000000000e+04
4.937500000000000000e+04
5.508100000000000000e+04
5.241900000000000000e+04
7.063300000000000000e+04
5.299000000000000000e+04
2.635500000000000000e+04
4.722900000000000000e+04
6.330700000000000000e+04
7.884000000000000000e+04
5.019000000000000000e+04
7.489600000000000000e+04
5.398000000000000000e+04
3.939400000000000000e+04
5.295400000000000000e+04
4.170000000000000000e+04
5.121300000000000000e+04
4.106100000000000000e+04
7.032300000000000000e+04
5.445100000000000000e+04
5.391700000000000000e+04
8.206100000000000000e+04
7.869100000000000000e+04
6.581800000000000000e+04
