8.103600000000000000e+04
7.285200000000000000e+04
8.216800000000000000e+04
5.075000000000000000e+04
9.749800000000000000e+04
7.710400000000000000e+04
7.330100000000000000e+04
6.903700000000000000e+04
7.804700000000000000e+04
7.949100000000000000e+04
8.308000000000000000e+04
8.153200000000000000e+04
7.239400000000000000e+04
6.458400000000000000e+04
8.767800000000000000e+04
8.211600000000000000e+04
9.104000000000000000e+04
6.715800000000000000e+04
6.618900000000000000e+04
8.323600000000000000e+04
8.186500000000000000e+04
8.222000000000000000e+04
6.015900000000000000e+04
6.907300000000000000e+04
8.824800000000000000e+04
7.330100000000000000e+04
4.850900000000000000e+04
8.679600000000000000e+04
6.243500000000000000e+04
6.830800000000000000e+04
9.445800000000000000e+04
9.550800000000000000e+04
4.554200000000000000e+04
4.313900000000000000e+04
6.814400000000000000e+04
6.164700000000000000e+04
6.818500000000000000e+04
5.156700000000000000e+04
6.062500000000000000e+04
3.826500000000000000e+04
7.709500000000000000e+04
8.801100000000000000e+04
1.004230000000000000e+05
7.475800000000000000e+04
4.060000000000000000e+04
6.780100000000000000e+04
9.023400000000000000e+04
8.735000000000000000e+04
8.051700000000000000e+04
7.404800000000000000e+04
