2.810800000000000000e+04
5.035900000000000000e+04
5.080800000000000000e+04
2.696200000000000000e+04
3.489300000000000000e+04
6.725600000000000000e+04
5.008400000000000000e+04
3.295500000000000000e+04
7.596900000000000000e+04
2.309900000000000000e+04
2.263600000000000000e+04
4.189300000000000000e+04
5.852400000000000000e+04
3.613100000000000000e+04
4.044600000000000000e+04
4.054100000000000000e+04
4.622200000000000000e+04
2.783000000000000000e+04
2.788800000000000000e+04
6.469300000000000000e+04
2.985700000000000000e+04
2.755900000000000000e+04
3.089000000000000000e+04
3.244300000000000000e+04
3.615100000000000000e+04
3.052700000000000000e+04
4.323400000000000000e+04
4.525100000000000000e+04
6.551900000000000000e+04
4.172800000000000000e+04
4.355300000000000000e+04
7.682700000000000000e+04
4.274600000000000000e+04
3.369200000000000000e+04
3.738200000000000000e+04
5.683500000000000000e+04
2.742000000000000000e+04
2.503000000000000000e+04
5.690300000000000000e+04
3.682200000000000000e+04
5.055900000000000000e+04
4.805700000000000000e+04
4.891800000000000000e+04
4.815100000000000000e+04
3.646700000000000000e+04
5.045500000000000000e+04
3.018100000000000000e+04
2.387300000000000000e+04
5.815000000000000000e+04
3.903800000000000000e+04
