4.437400000000000000e+04
6.158200000000000000e+04
6.735800000000000000e+04
3.715200000000000000e+04
9.307700000000000000e+04
6.612100000000000000e+04
3.683800000000000000e+04
6.919200000000000000e+04
6.372700000000000000e+04
6.490000000000000000e+04
7.330100000000000000e+04
4.737100000000000000e+04
4.396900000000000000e+04
6.092500000000000000e+04
5.115600000000000000e+04
5.987600000000000000e+04
8.299200000000000000e+04
8.786400000000000000e+04
5.904700000000000000e+04
9.453300000000000000e+04
4.812800000000000000e+04
6.565100000000000000e+04
7.485700000000000000e+04
7.657000000000000000e+04
4.388000000000000000e+04
9.082200000000000000e+04
8.319000000000000000e+04
4.377400000000000000e+04
8.635800000000000000e+04
7.268800000000000000e+04
4.393700000000000000e+04
7.998300000000000000e+04
6.432500000000000000e+04
6.533600000000000000e+04
4.548600000000000000e+04
4.689600000000000000e+04
6.315800000000000000e+04
1.944800000000000000e+04
5.606500000000000000e+04
3.535000000000000000e+04
5.389500000000000000e+04
9.263000000000000000e+04
6.766200000000000000e+04
5.606500000000000000e+04
5.388600000000000000e+04
7.842400000000000000e+04
8.087100000000000000e+04
4.270600000000000000e+04
7.990400000000000000e+04
5.330300000000000000e+04
