8.191600000000000000e+04
6.961200000000000000e+04
7.490800000000000000e+04
8.318500000000000000e+04
9.004300000000000000e+04
6.694200000000000000e+04
9.528900000000000000e+04
6.248800000000000000e+04
6.804600000000000000e+04
9.147600000000000000e+04
8.670300000000000000e+04
5.891400000000000000e+04
6.770600000000000000e+04
7.683200000000000000e+04
6.729900000000000000e+04
6.888100000000000000e+04
7.792300000000000000e+04
1.016690000000000000e+05
5.809900000000000000e+04
9.967000000000000000e+04
8.343600000000000000e+04
9.320800000000000000e+04
7.855300000000000000e+04
6.281700000000000000e+04
4.978600000000000000e+04
8.355400000000000000e+04
7.352500000000000000e+04
7.727300000000000000e+04
1.093060000000000000e+05
9.333800000000000000e+04
6.645700000000000000e+04
9.474400000000000000e+04
5.545000000000000000e+04
9.317300000000000000e+04
3.878300000000000000e+04
6.778500000000000000e+04
7.098600000000000000e+04
5.442800000000000000e+04
6.358100000000000000e+04
6.526100000000000000e+04
5.045000000000000000e+04
1.126840000000000000e+05
8.267800000000000000e+04
5.462200000000000000e+04
5.958300000000000000e+04
6.368900000000000000e+04
1.020850000000000000e+05
5.668800000000000000e+04
8.978600000000000000e+04
6.542900000000000000e+04
