6.841000000000000000e+04
9.113200000000000000e+04
6.010200000000000000e+04
4.764100000000000000e+04
6.805100000000000000e+04
5.695900000000000000e+04
6.520400000000000000e+04
7.168800000000000000e+04
8.841200000000000000e+04
6.376700000000000000e+04
3.192600000000000000e+04
7.367300000000000000e+04
5.052800000000000000e+04
3.351000000000000000e+04
1.743000000000000000e+04
6.221300000000000000e+04
5.785900000000000000e+04
5.752700000000000000e+04
5.788600000000000000e+04
6.520700000000000000e+04
6.767300000000000000e+04
7.198000000000000000e+04
4.275800000000000000e+04
6.661300000000000000e+04
3.241400000000000000e+04
6.138900000000000000e+04
5.075100000000000000e+04
5.232800000000000000e+04
3.937400000000000000e+04
3.712700000000000000e+04
7.310300000000000000e+04
7.219900000000000000e+04
6.167200000000000000e+04
8.753300000000000000e+04
8.753800000000000000e+04
3.470600000000000000e+04
5.727100000000000000e+04
6.283400000000000000e+04
7.856800000000000000e+04
6.782600000000000000e+04
6.276900000000000000e+04
3.949800000000000000e+04
4.657300000000000000e+04
7.127000000000000000e+04
4.782300000000000000e+04
4.892500000000000000e+04
5.430400000000000000e+04
7.158200000000000000e+04
5.977500000000000000e+04
5.597700000000000000e+04
