9.699600000000000000e+04
7.795100000000000000e+04
8.834800000000000000e+04
9.307100000000000000e+04
6.748200000000000000e+04
7.770000000000000000e+04
7.912700000000000000e+04
8.517600000000000000e+04
1.038320000000000000e+05
8.443700000000000000e+04
9.683100000000000000e+04
7.733500000000000000e+04
7.805400000000000000e+04
9.100400000000000000e+04
9.842200000000000000e+04
9.107900000000000000e+04
1.098680000000000000e+05
1.112060000000000000e+05
8.831100000000000000e+04
9.763700000000000000e+04
6.197400000000000000e+04
9.637900000000000000e+04
9.215000000000000000e+04
6.418600000000000000e+04
7.514200000000000000e+04
6.470600000000000000e+04
7.694800000000000000e+04
9.309700000000000000e+04
7.003700000000000000e+04
6.614000000000000000e+04
1.026410000000000000e+05
6.188100000000000000e+04
1.315290000000000000e+05
9.340700000000000000e+04
7.658600000000000000e+04
1.352790000000000000e+05
8.300400000000000000e+04
1.068780000000000000e+05
1.152200000000000000e+05
7.415800000000000000e+04
9.601700000000000000e+04
7.391500000000000000e+04
9.671500000000000000e+04
8.441300000000000000e+04
5.563200000000000000e+04
1.393060000000000000e+05
9.854200000000000000e+04
1.112940000000000000e+05
7.631900000000000000e+04
7.004700000000000000e+04
