7.730300000000000000e+04
1.245720000000000000e+05
1.123210000000000000e+05
1.407950000000000000e+05
1.044700000000000000e+05
8.916800000000000000e+04
1.113530000000000000e+05
9.315600000000000000e+04
8.213700000000000000e+04
4.706600000000000000e+04
5.814700000000000000e+04
8.710900000000000000e+04
1.034710000000000000e+05
1.084230000000000000e+05
7.970700000000000000e+04
8.948200000000000000e+04
7.978900000000000000e+04
6.781700000000000000e+04
1.188420000000000000e+05
1.053780000000000000e+05
7.595200000000000000e+04
8.550400000000000000e+04
1.048370000000000000e+05
8.299200000000000000e+04
9.229100000000000000e+04
7.890300000000000000e+04
8.479200000000000000e+04
1.016550000000000000e+05
1.321920000000000000e+05
9.918700000000000000e+04
8.924300000000000000e+04
1.187760000000000000e+05
8.567700000000000000e+04
9.516900000000000000e+04
8.784300000000000000e+04
1.120370000000000000e+05
1.123460000000000000e+05
5.354200000000000000e+04
8.636100000000000000e+04
8.421000000000000000e+04
7.283900000000000000e+04
8.694700000000000000e+04
1.055870000000000000e+05
8.128600000000000000e+04
6.050100000000000000e+04
8.678600000000000000e+04
9.178900000000000000e+04
8.419000000000000000e+04
9.794200000000000000e+04
7.938300000000000000e+04
