3.170500000000000000e+04
6.455800000000000000e+04
6.451500000000000000e+04
5.771500000000000000e+04
7.651400000000000000e+04
3.001400000000000000e+04
4.326500000000000000e+04
8.063200000000000000e+04
5.151900000000000000e+04
4.006900000000000000e+04
6.494100000000000000e+04
5.202800000000000000e+04
7.471700000000000000e+04
2.781800000000000000e+04
5.332500000000000000e+04
5.800100000000000000e+04
6.310800000000000000e+04
4.990400000000000000e+04
5.365800000000000000e+04
2.880700000000000000e+04
5.914800000000000000e+04
6.761800000000000000e+04
3.528600000000000000e+04
3.996300000000000000e+04
6.370100000000000000e+04
5.726900000000000000e+04
3.921200000000000000e+04
4.478500000000000000e+04
4.768900000000000000e+04
7.689000000000000000e+04
7.932300000000000000e+04
4.803400000000000000e+04
3.153300000000000000e+04
6.174300000000000000e+04
5.600200000000000000e+04
4.832500000000000000e+04
8.919600000000000000e+04
7.672900000000000000e+04
4.689500000000000000e+04
5.368600000000000000e+04
7.882000000000000000e+04
6.739600000000000000e+04
5.555700000000000000e+04
6.242600000000000000e+04
4.224400000000000000e+04
5.049400000000000000e+04
6.303600000000000000e+04
6.078900000000000000e+04
6.330400000000000000e+04
8.500900000000000000e+04
