4.124500000000000000e+04
4.349500000000000000e+04
4.060800000000000000e+04
2.569600000000000000e+04
5.905200000000000000e+04
6.839100000000000000e+04
7.342700000000000000e+04
4.009000000000000000e+04
4.786800000000000000e+04
5.235600000000000000e+04
4.213900000000000000e+04
5.892900000000000000e+04
3.700600000000000000e+04
3.045100000000000000e+04
3.702000000000000000e+04
5.424500000000000000e+04
4.929500000000000000e+04
5.645400000000000000e+04
3.480700000000000000e+04
2.330500000000000000e+04
4.338700000000000000e+04
2.222700000000000000e+04
2.582000000000000000e+04
7.952900000000000000e+04
4.173700000000000000e+04
4.311200000000000000e+04
4.771400000000000000e+04
2.524900000000000000e+04
2.580300000000000000e+04
1.688900000000000000e+04
5.927500000000000000e+04
2.934300000000000000e+04
6.018600000000000000e+04
1.818700000000000000e+04
4.768000000000000000e+04
4.762200000000000000e+04
4.739600000000000000e+04
5.473400000000000000e+04
2.988500000000000000e+04
3.726000000000000000e+04
6.082600000000000000e+04
5.794500000000000000e+04
4.032500000000000000e+04
4.266400000000000000e+04
6.590300000000000000e+04
1.302700000000000000e+04
4.022300000000000000e+04
4.362000000000000000e+04
4.525900000000000000e+04
5.883000000000000000e+04
