5.630400000000000000e+04
8.774100000000000000e+04
6.435900000000000000e+04
6.482300000000000000e+04
7.110100000000000000e+04
6.797300000000000000e+04
9.366500000000000000e+04
7.502700000000000000e+04
7.601300000000000000e+04
7.528700000000000000e+04
9.518300000000000000e+04
8.107400000000000000e+04
9.933800000000000000e+04
6.552100000000000000e+04
7.402900000000000000e+04
7.889700000000000000e+04
8.658100000000000000e+04
6.197800000000000000e+04
8.097300000000000000e+04
7.338700000000000000e+04
8.943800000000000000e+04
8.809000000000000000e+04
5.147700000000000000e+04
9.824100000000000000e+04
4.268400000000000000e+04
6.165300000000000000e+04
4.713100000000000000e+04
7.657300000000000000e+04
7.688600000000000000e+04
6.412700000000000000e+04
5.003800000000000000e+04
7.671000000000000000e+04
1.175930000000000000e+05
5.314700000000000000e+04
6.344000000000000000e+04
9.347800000000000000e+04
6.858100000000000000e+04
8.334400000000000000e+04
9.198500000000000000e+04
8.768300000000000000e+04
6.528200000000000000e+04
6.007500000000000000e+04
9.297500000000000000e+04
8.696200000000000000e+04
7.185000000000000000e+04
9.106500000000000000e+04
7.405200000000000000e+04
7.333100000000000000e+04
7.491900000000000000e+04
8.686800000000000000e+04
