8.614000000000000000e+04
9.594800000000000000e+04
8.232300000000000000e+04
9.218900000000000000e+04
9.822300000000000000e+04
9.034200000000000000e+04
9.118600000000000000e+04
9.755300000000000000e+04
7.677500000000000000e+04
7.877900000000000000e+04
9.135100000000000000e+04
9.756700000000000000e+04
7.868000000000000000e+04
9.189400000000000000e+04
7.288300000000000000e+04
4.852200000000000000e+04
7.638800000000000000e+04
8.265800000000000000e+04
9.550700000000000000e+04
7.035100000000000000e+04
8.450300000000000000e+04
1.210140000000000000e+05
6.016700000000000000e+04
1.011450000000000000e+05
9.659100000000000000e+04
5.275100000000000000e+04
1.099350000000000000e+05
1.005190000000000000e+05
1.084100000000000000e+05
1.154760000000000000e+05
9.806200000000000000e+04
9.569800000000000000e+04
1.278410000000000000e+05
1.088030000000000000e+05
1.005960000000000000e+05
8.475400000000000000e+04
9.861800000000000000e+04
1.177660000000000000e+05
1.048910000000000000e+05
7.182500000000000000e+04
7.800200000000000000e+04
1.001530000000000000e+05
9.203500000000000000e+04
8.667600000000000000e+04
1.403330000000000000e+05
1.034450000000000000e+05
6.729900000000000000e+04
1.108720000000000000e+05
8.797600000000000000e+04
8.664100000000000000e+04
