7.011700000000000000e+04
8.245900000000000000e+04
5.094400000000000000e+04
7.019300000000000000e+04
8.251100000000000000e+04
4.762700000000000000e+04
6.679900000000000000e+04
8.111700000000000000e+04
6.692800000000000000e+04
7.106300000000000000e+04
6.671200000000000000e+04
5.358100000000000000e+04
5.248700000000000000e+04
5.397100000000000000e+04
4.156100000000000000e+04
5.914200000000000000e+04
7.796900000000000000e+04
8.946700000000000000e+04
7.074200000000000000e+04
8.594900000000000000e+04
4.974600000000000000e+04
7.992700000000000000e+04
7.556800000000000000e+04
6.346300000000000000e+04
7.238100000000000000e+04
9.579100000000000000e+04
7.328000000000000000e+04
5.437600000000000000e+04
9.507600000000000000e+04
7.361900000000000000e+04
5.471200000000000000e+04
8.716200000000000000e+04
5.748100000000000000e+04
9.673800000000000000e+04
4.675500000000000000e+04
4.756000000000000000e+04
7.268300000000000000e+04
3.878300000000000000e+04
7.057100000000000000e+04
5.034300000000000000e+04
4.883900000000000000e+04
1.102660000000000000e+05
3.936100000000000000e+04
4.911900000000000000e+04
5.766100000000000000e+04
4.489200000000000000e+04
1.119070000000000000e+05
7.133000000000000000e+04
9.481500000000000000e+04
6.098600000000000000e+04
