8.352400000000000000e+04
1.318020000000000000e+05
9.634600000000000000e+04
1.201200000000000000e+05
1.003130000000000000e+05
1.042370000000000000e+05
1.017670000000000000e+05
9.439300000000000000e+04
1.051840000000000000e+05
5.864600000000000000e+04
7.594700000000000000e+04
9.275500000000000000e+04
1.131810000000000000e+05
9.215400000000000000e+04
7.046400000000000000e+04
9.416000000000000000e+04
7.388000000000000000e+04
6.990400000000000000e+04
1.072740000000000000e+05
1.170290000000000000e+05
7.260100000000000000e+04
9.157900000000000000e+04
9.468800000000000000e+04
6.557500000000000000e+04
1.064510000000000000e+05
8.064200000000000000e+04
8.419200000000000000e+04
1.025140000000000000e+05
1.487290000000000000e+05
9.493400000000000000e+04
7.763800000000000000e+04
1.097970000000000000e+05
9.248000000000000000e+04
1.006540000000000000e+05
8.135400000000000000e+04
1.259100000000000000e+05
9.954100000000000000e+04
5.605200000000000000e+04
8.659900000000000000e+04
8.465000000000000000e+04
7.580900000000000000e+04
8.227700000000000000e+04
9.360500000000000000e+04
7.125200000000000000e+04
4.981000000000000000e+04
7.487200000000000000e+04
9.556900000000000000e+04
9.314300000000000000e+04
9.243200000000000000e+04
8.970100000000000000e+04
