3.513970000000000000e+05
3.513970000000000000e+05
3.513970000000000000e+05
3.513970000000000000e+05
3.513970000000000000e+05
3.513970000000000000e+05
3.513970000000000000e+05
3.513970000000000000e+05
3.513970000000000000e+05
3.513970000000000000e+05
3.513970000000000000e+05
3.513970000000000000e+05
3.513970000000000000e+05
3.513970000000000000e+05
3.513970000000000000e+05
3.513970000000000000e+05
3.513970000000000000e+05
3.513970000000000000e+05
3.513970000000000000e+05
3.513970000000000000e+05
3.513970000000000000e+05
3.513970000000000000e+05
3.513970000000000000e+05
3.513970000000000000e+05
3.513970000000000000e+05
3.513970000000000000e+05
3.513970000000000000e+05
3.513970000000000000e+05
3.513970000000000000e+05
3.513970000000000000e+05
3.513970000000000000e+05
3.513970000000000000e+05
3.513970000000000000e+05
3.513970000000000000e+05
3.513970000000000000e+05
3.513970000000000000e+05
3.513970000000000000e+05
3.513970000000000000e+05
3.513970000000000000e+05
3.513970000000000000e+05
3.513970000000000000e+05
3.513970000000000000e+05
3.513970000000000000e+05
3.513970000000000000e+05
3.513970000000000000e+05
3.513970000000000000e+05
3.513970000000000000e+05
3.513970000000000000e+05
3.513970000000000000e+05
3.513970000000000000e+05
