1.680970000000000000e+05
1.609680000000000000e+05
1.632790000000000000e+05
1.518330000000000000e+05
1.736730000000000000e+05
1.664580000000000000e+05
1.655680000000000000e+05
1.757290000000000000e+05
1.593810000000000000e+05
1.608580000000000000e+05
1.714270000000000000e+05
1.647270000000000000e+05
1.662760000000000000e+05
1.613370000000000000e+05
1.662440000000000000e+05
1.704200000000000000e+05
1.639910000000000000e+05
1.582980000000000000e+05
1.719990000000000000e+05
1.733530000000000000e+05
1.731100000000000000e+05
1.653090000000000000e+05
1.680680000000000000e+05
1.748620000000000000e+05
1.743030000000000000e+05
1.611620000000000000e+05
1.702480000000000000e+05
1.540920000000000000e+05
1.579860000000000000e+05
1.633780000000000000e+05
1.730390000000000000e+05
1.605310000000000000e+05
1.534330000000000000e+05
1.509100000000000000e+05
1.606330000000000000e+05
1.606200000000000000e+05
1.856980000000000000e+05
1.818880000000000000e+05
1.698810000000000000e+05
1.528990000000000000e+05
1.705610000000000000e+05
1.678160000000000000e+05
1.701490000000000000e+05
1.626060000000000000e+05
1.759720000000000000e+05
1.704140000000000000e+05
1.721880000000000000e+05
1.665800000000000000e+05
1.747520000000000000e+05
1.882260000000000000e+05
