3.297850000000000000e+05
3.297850000000000000e+05
3.297850000000000000e+05
3.297850000000000000e+05
3.297850000000000000e+05
3.297850000000000000e+05
3.297850000000000000e+05
3.297850000000000000e+05
3.297850000000000000e+05
3.297850000000000000e+05
3.297850000000000000e+05
3.297850000000000000e+05
3.297850000000000000e+05
3.297850000000000000e+05
3.297850000000000000e+05
3.297850000000000000e+05
3.297850000000000000e+05
3.297850000000000000e+05
3.297850000000000000e+05
3.297850000000000000e+05
3.297850000000000000e+05
3.297850000000000000e+05
3.297850000000000000e+05
3.297850000000000000e+05
3.297850000000000000e+05
3.297850000000000000e+05
3.297850000000000000e+05
3.297850000000000000e+05
3.297850000000000000e+05
3.297850000000000000e+05
3.297850000000000000e+05
3.297850000000000000e+05
3.297850000000000000e+05
3.297850000000000000e+05
3.297850000000000000e+05
3.297850000000000000e+05
3.297850000000000000e+05
3.297850000000000000e+05
3.297850000000000000e+05
3.297850000000000000e+05
3.297850000000000000e+05
3.297850000000000000e+05
3.297850000000000000e+05
3.297850000000000000e+05
3.297850000000000000e+05
3.297850000000000000e+05
3.297850000000000000e+05
3.297850000000000000e+05
3.297850000000000000e+05
3.297850000000000000e+05
