1.755700000000000000e+05
1.601580000000000000e+05
1.879590000000000000e+05
2.191380000000000000e+05
1.562700000000000000e+05
1.814430000000000000e+05
1.848510000000000000e+05
1.667770000000000000e+05
1.796210000000000000e+05
2.127470000000000000e+05
1.606350000000000000e+05
1.552260000000000000e+05
1.624990000000000000e+05
1.717000000000000000e+05
1.640440000000000000e+05
1.672110000000000000e+05
1.704600000000000000e+05
1.975550000000000000e+05
1.748760000000000000e+05
1.857880000000000000e+05
1.772110000000000000e+05
1.904900000000000000e+05
1.791010000000000000e+05
1.761910000000000000e+05
1.871110000000000000e+05
1.835180000000000000e+05
1.964010000000000000e+05
1.703300000000000000e+05
1.795980000000000000e+05
1.602870000000000000e+05
1.691730000000000000e+05
1.964180000000000000e+05
1.623100000000000000e+05
1.802110000000000000e+05
1.840340000000000000e+05
1.783360000000000000e+05
1.672510000000000000e+05
1.557190000000000000e+05
1.553270000000000000e+05
1.533140000000000000e+05
1.653840000000000000e+05
1.675770000000000000e+05
1.759790000000000000e+05
1.697250000000000000e+05
1.677480000000000000e+05
1.708580000000000000e+05
1.839980000000000000e+05
1.869230000000000000e+05
1.738190000000000000e+05
1.493230000000000000e+05
