5.031700000000000000e+04
6.562400000000000000e+04
5.466700000000000000e+04
4.920100000000000000e+04
6.627600000000000000e+04
5.261800000000000000e+04
5.551500000000000000e+04
6.803400000000000000e+04
6.643800000000000000e+04
9.058100000000000000e+04
4.715300000000000000e+04
6.083200000000000000e+04
7.033200000000000000e+04
6.985600000000000000e+04
6.493300000000000000e+04
7.112200000000000000e+04
6.201600000000000000e+04
5.179600000000000000e+04
7.835500000000000000e+04
5.681100000000000000e+04
6.463500000000000000e+04
6.874400000000000000e+04
5.403300000000000000e+04
6.571000000000000000e+04
6.715800000000000000e+04
6.834600000000000000e+04
5.575300000000000000e+04
5.494000000000000000e+04
7.931400000000000000e+04
6.240000000000000000e+04
4.925400000000000000e+04
6.655500000000000000e+04
5.242000000000000000e+04
7.812400000000000000e+04
5.123200000000000000e+04
6.723900000000000000e+04
6.475900000000000000e+04
5.988800000000000000e+04
5.192700000000000000e+04
6.887700000000000000e+04
5.835900000000000000e+04
6.518400000000000000e+04
6.902400000000000000e+04
6.778900000000000000e+04
6.879100000000000000e+04
7.291700000000000000e+04
5.780900000000000000e+04
7.338900000000000000e+04
6.944800000000000000e+04
7.410600000000000000e+04
