7.208200000000000000e+04
6.224900000000000000e+04
5.567700000000000000e+04
6.033500000000000000e+04
5.056100000000000000e+04
4.993900000000000000e+04
5.897600000000000000e+04
5.855500000000000000e+04
5.133900000000000000e+04
7.192100000000000000e+04
5.798600000000000000e+04
6.497300000000000000e+04
6.172300000000000000e+04
6.096100000000000000e+04
4.653500000000000000e+04
6.737800000000000000e+04
5.633100000000000000e+04
6.242400000000000000e+04
5.779100000000000000e+04
5.911200000000000000e+04
5.935100000000000000e+04
5.703400000000000000e+04
5.006800000000000000e+04
7.634900000000000000e+04
5.508500000000000000e+04
6.259800000000000000e+04
5.836900000000000000e+04
5.778400000000000000e+04
5.995200000000000000e+04
6.369800000000000000e+04
6.371800000000000000e+04
7.024500000000000000e+04
5.596900000000000000e+04
5.023500000000000000e+04
6.182900000000000000e+04
5.579200000000000000e+04
5.482000000000000000e+04
6.204700000000000000e+04
6.658500000000000000e+04
5.663600000000000000e+04
5.223100000000000000e+04
5.560900000000000000e+04
5.978900000000000000e+04
6.342600000000000000e+04
6.945900000000000000e+04
7.892300000000000000e+04
5.934800000000000000e+04
5.945400000000000000e+04
5.402300000000000000e+04
8.649300000000000000e+04
