5.897100000000000000e+04
7.344000000000000000e+04
8.084200000000000000e+04
8.503400000000000000e+04
6.250100000000000000e+04
7.858800000000000000e+04
5.808000000000000000e+04
6.669300000000000000e+04
6.033200000000000000e+04
7.952700000000000000e+04
5.512100000000000000e+04
7.072400000000000000e+04
7.622200000000000000e+04
5.883400000000000000e+04
7.149100000000000000e+04
7.143100000000000000e+04
7.054000000000000000e+04
8.250000000000000000e+04
6.859700000000000000e+04
9.208200000000000000e+04
6.906000000000000000e+04
6.300000000000000000e+04
8.842200000000000000e+04
6.994800000000000000e+04
9.414000000000000000e+04
6.099900000000000000e+04
8.355500000000000000e+04
8.168000000000000000e+04
7.675400000000000000e+04
7.240800000000000000e+04
6.632700000000000000e+04
6.467700000000000000e+04
7.081100000000000000e+04
5.742400000000000000e+04
8.854200000000000000e+04
6.137900000000000000e+04
8.904900000000000000e+04
6.040900000000000000e+04
8.691000000000000000e+04
6.729100000000000000e+04
5.934800000000000000e+04
7.133500000000000000e+04
8.607800000000000000e+04
6.461700000000000000e+04
7.528300000000000000e+04
6.356300000000000000e+04
7.590200000000000000e+04
8.131800000000000000e+04
8.492100000000000000e+04
7.478100000000000000e+04
