6.109100000000000000e+04
4.412300000000000000e+04
8.133400000000000000e+04
6.106000000000000000e+04
6.486400000000000000e+04
6.321700000000000000e+04
7.140200000000000000e+04
6.835200000000000000e+04
5.397000000000000000e+04
6.160200000000000000e+04
6.212600000000000000e+04
5.286800000000000000e+04
7.637800000000000000e+04
5.943800000000000000e+04
5.341800000000000000e+04
6.243400000000000000e+04
7.910200000000000000e+04
4.884400000000000000e+04
5.572800000000000000e+04
6.385300000000000000e+04
4.907400000000000000e+04
6.641000000000000000e+04
6.445000000000000000e+04
6.127700000000000000e+04
5.429000000000000000e+04
5.290400000000000000e+04
6.758700000000000000e+04
5.646200000000000000e+04
7.172800000000000000e+04
5.524700000000000000e+04
6.028600000000000000e+04
5.599100000000000000e+04
5.420800000000000000e+04
6.195200000000000000e+04
5.885500000000000000e+04
5.821600000000000000e+04
7.267300000000000000e+04
4.912000000000000000e+04
6.084700000000000000e+04
4.595100000000000000e+04
4.454400000000000000e+04
5.792000000000000000e+04
7.977000000000000000e+04
4.514900000000000000e+04
4.594700000000000000e+04
5.791900000000000000e+04
4.945300000000000000e+04
6.583100000000000000e+04
6.927100000000000000e+04
5.906800000000000000e+04
