6.801700000000000000e+04
5.864600000000000000e+04
5.797400000000000000e+04
5.298500000000000000e+04
7.780200000000000000e+04
7.468000000000000000e+04
4.390400000000000000e+04
6.460400000000000000e+04
5.997500000000000000e+04
4.578100000000000000e+04
8.327700000000000000e+04
5.264600000000000000e+04
4.794900000000000000e+04
4.855700000000000000e+04
5.897300000000000000e+04
5.019800000000000000e+04
6.845300000000000000e+04
5.247200000000000000e+04
5.496200000000000000e+04
5.255000000000000000e+04
7.526000000000000000e+04
5.642900000000000000e+04
6.289500000000000000e+04
7.156600000000000000e+04
6.955800000000000000e+04
7.410700000000000000e+04
6.540400000000000000e+04
7.245300000000000000e+04
6.737800000000000000e+04
6.136300000000000000e+04
5.500900000000000000e+04
6.183500000000000000e+04
5.950500000000000000e+04
5.585000000000000000e+04
4.066400000000000000e+04
4.453900000000000000e+04
5.999200000000000000e+04
6.233400000000000000e+04
7.299300000000000000e+04
6.953700000000000000e+04
6.545300000000000000e+04
5.973900000000000000e+04
5.498000000000000000e+04
5.884000000000000000e+04
6.262100000000000000e+04
6.242600000000000000e+04
6.345000000000000000e+04
5.948200000000000000e+04
8.604600000000000000e+04
7.150900000000000000e+04
