7.485500000000000000e+04
7.584500000000000000e+04
7.668300000000000000e+04
7.734600000000000000e+04
8.730700000000000000e+04
6.711000000000000000e+04
7.239300000000000000e+04
6.602100000000000000e+04
7.491900000000000000e+04
5.994800000000000000e+04
6.611800000000000000e+04
7.947900000000000000e+04
7.526500000000000000e+04
7.158600000000000000e+04
7.466700000000000000e+04
8.682100000000000000e+04
8.650000000000000000e+04
6.550800000000000000e+04
8.144800000000000000e+04
7.143800000000000000e+04
7.332600000000000000e+04
7.424300000000000000e+04
7.247200000000000000e+04
8.205000000000000000e+04
8.474400000000000000e+04
6.724200000000000000e+04
5.017900000000000000e+04
8.055200000000000000e+04
8.464200000000000000e+04
6.511400000000000000e+04
8.639100000000000000e+04
7.691000000000000000e+04
7.615300000000000000e+04
7.573100000000000000e+04
8.100000000000000000e+04
7.408400000000000000e+04
7.533700000000000000e+04
7.548800000000000000e+04
5.629800000000000000e+04
7.963300000000000000e+04
8.037600000000000000e+04
6.259100000000000000e+04
6.754200000000000000e+04
6.900100000000000000e+04
6.740500000000000000e+04
6.628000000000000000e+04
6.742700000000000000e+04
6.938400000000000000e+04
7.219600000000000000e+04
6.313200000000000000e+04
