6.987600000000000000e+04
9.077500000000000000e+04
7.448600000000000000e+04
8.390800000000000000e+04
1.061550000000000000e+05
1.141260000000000000e+05
8.782200000000000000e+04
9.601200000000000000e+04
1.082220000000000000e+05
7.904100000000000000e+04
8.800800000000000000e+04
9.853800000000000000e+04
6.405500000000000000e+04
1.272320000000000000e+05
5.639400000000000000e+04
8.254100000000000000e+04
9.586100000000000000e+04
6.705800000000000000e+04
8.987200000000000000e+04
5.482900000000000000e+04
9.224300000000000000e+04
7.921100000000000000e+04
1.160350000000000000e+05
6.030500000000000000e+04
9.746300000000000000e+04
9.846100000000000000e+04
8.576800000000000000e+04
9.799300000000000000e+04
8.640600000000000000e+04
1.013250000000000000e+05
7.815600000000000000e+04
9.366300000000000000e+04
9.944200000000000000e+04
1.104110000000000000e+05
9.758000000000000000e+04
9.763700000000000000e+04
6.391700000000000000e+04
8.621600000000000000e+04
9.449900000000000000e+04
8.264600000000000000e+04
1.094450000000000000e+05
5.855600000000000000e+04
1.049820000000000000e+05
8.216400000000000000e+04
1.073700000000000000e+05
8.911500000000000000e+04
8.321900000000000000e+04
8.929900000000000000e+04
7.292700000000000000e+04
4.353100000000000000e+04
