8.769300000000000000e+04
6.309400000000000000e+04
1.103740000000000000e+05
5.833200000000000000e+04
1.050230000000000000e+05
1.139000000000000000e+05
1.274290000000000000e+05
8.593700000000000000e+04
1.180980000000000000e+05
8.689000000000000000e+04
8.821800000000000000e+04
7.654800000000000000e+04
7.929800000000000000e+04
9.964400000000000000e+04
8.083100000000000000e+04
8.037800000000000000e+04
9.338100000000000000e+04
1.276720000000000000e+05
5.175100000000000000e+04
1.004490000000000000e+05
1.010430000000000000e+05
1.023270000000000000e+05
1.192960000000000000e+05
6.812200000000000000e+04
1.235120000000000000e+05
9.397300000000000000e+04
9.510000000000000000e+04
6.917300000000000000e+04
1.093920000000000000e+05
9.776300000000000000e+04
8.008100000000000000e+04
1.330370000000000000e+05
7.655800000000000000e+04
5.593100000000000000e+04
7.890200000000000000e+04
1.041750000000000000e+05
1.118460000000000000e+05
9.382200000000000000e+04
7.142200000000000000e+04
1.028010000000000000e+05
8.685500000000000000e+04
9.552600000000000000e+04
6.084000000000000000e+04
8.675800000000000000e+04
1.010300000000000000e+05
5.738700000000000000e+04
1.080070000000000000e+05
6.893700000000000000e+04
8.694300000000000000e+04
7.031600000000000000e+04
