8.189700000000000000e+04
6.536400000000000000e+04
1.060440000000000000e+05
5.320800000000000000e+04
9.684200000000000000e+04
1.069040000000000000e+05
1.157690000000000000e+05
9.944200000000000000e+04
1.365960000000000000e+05
7.683900000000000000e+04
9.971300000000000000e+04
9.491100000000000000e+04
6.874400000000000000e+04
1.177410000000000000e+05
7.933300000000000000e+04
7.820100000000000000e+04
9.365000000000000000e+04
1.201240000000000000e+05
7.122400000000000000e+04
1.109200000000000000e+05
7.937000000000000000e+04
8.706700000000000000e+04
1.338060000000000000e+05
7.674800000000000000e+04
1.552710000000000000e+05
8.889400000000000000e+04
7.704900000000000000e+04
7.524600000000000000e+04
1.295900000000000000e+05
9.428400000000000000e+04
8.124900000000000000e+04
1.304910000000000000e+05
9.140900000000000000e+04
6.509100000000000000e+04
7.653100000000000000e+04
1.022580000000000000e+05
1.091380000000000000e+05
7.802100000000000000e+04
6.746500000000000000e+04
1.091610000000000000e+05
8.755400000000000000e+04
1.083370000000000000e+05
7.009000000000000000e+04
8.369900000000000000e+04
1.012070000000000000e+05
5.379200000000000000e+04
1.018730000000000000e+05
7.261300000000000000e+04
9.160500000000000000e+04
6.879100000000000000e+04
