3.063200000000000000e+04
3.483900000000000000e+04
3.356500000000000000e+04
3.560900000000000000e+04
3.939100000000000000e+04
5.048400000000000000e+04
6.003800000000000000e+04
8.456000000000000000e+03
2.826700000000000000e+04
4.937700000000000000e+04
5.838900000000000000e+04
4.486800000000000000e+04
8.212300000000000000e+04
4.219900000000000000e+04
2.003500000000000000e+04
4.629900000000000000e+04
4.032800000000000000e+04
5.545600000000000000e+04
3.049500000000000000e+04
3.066400000000000000e+04
8.126900000000000000e+04
3.885500000000000000e+04
3.020400000000000000e+04
4.518100000000000000e+04
3.022700000000000000e+04
2.735000000000000000e+04
3.652900000000000000e+04
2.973400000000000000e+04
4.905000000000000000e+04
3.649400000000000000e+04
6.210300000000000000e+04
3.776000000000000000e+04
3.946800000000000000e+04
5.083200000000000000e+04
3.962200000000000000e+04
4.915500000000000000e+04
5.527200000000000000e+04
3.698300000000000000e+04
2.415700000000000000e+04
4.435100000000000000e+04
3.636900000000000000e+04
4.976400000000000000e+04
2.192100000000000000e+04
2.984900000000000000e+04
5.161800000000000000e+04
3.391700000000000000e+04
1.953400000000000000e+04
3.892400000000000000e+04
3.340300000000000000e+04
3.646100000000000000e+04
