6.016400000000000000e+04
3.768800000000000000e+04
1.008560000000000000e+05
5.056600000000000000e+04
1.129120000000000000e+05
1.069050000000000000e+05
1.150790000000000000e+05
6.450600000000000000e+04
1.292280000000000000e+05
9.117400000000000000e+04
8.403900000000000000e+04
9.378800000000000000e+04
5.796400000000000000e+04
9.174500000000000000e+04
6.493000000000000000e+04
6.061200000000000000e+04
7.683000000000000000e+04
1.013650000000000000e+05
4.269500000000000000e+04
1.107880000000000000e+05
8.342900000000000000e+04
1.056830000000000000e+05
1.087630000000000000e+05
3.522800000000000000e+04
1.280470000000000000e+05
7.601600000000000000e+04
8.023600000000000000e+04
6.301700000000000000e+04
1.091970000000000000e+05
6.553500000000000000e+04
6.857500000000000000e+04
1.160580000000000000e+05
7.438300000000000000e+04
8.358400000000000000e+04
5.994700000000000000e+04
8.495200000000000000e+04
1.019360000000000000e+05
8.720100000000000000e+04
7.215100000000000000e+04
9.410500000000000000e+04
6.392800000000000000e+04
1.089810000000000000e+05
4.918800000000000000e+04
5.402700000000000000e+04
7.855700000000000000e+04
4.207500000000000000e+04
1.036370000000000000e+05
5.909400000000000000e+04
9.375600000000000000e+04
3.550400000000000000e+04
