8.683200000000000000e+04
1.143200000000000000e+05
8.032300000000000000e+04
8.301100000000000000e+04
8.202800000000000000e+04
8.171100000000000000e+04
7.179900000000000000e+04
9.797700000000000000e+04
7.531400000000000000e+04
7.620400000000000000e+04
9.902700000000000000e+04
9.783200000000000000e+04
3.781000000000000000e+04
8.637800000000000000e+04
5.967200000000000000e+04
5.741800000000000000e+04
5.558100000000000000e+04
8.510100000000000000e+04
7.890400000000000000e+04
6.100700000000000000e+04
8.176000000000000000e+04
7.930100000000000000e+04
5.477900000000000000e+04
7.454200000000000000e+04
8.903800000000000000e+04
7.484800000000000000e+04
5.352800000000000000e+04
9.458500000000000000e+04
5.604900000000000000e+04
9.659300000000000000e+04
7.047800000000000000e+04
8.124300000000000000e+04
9.390600000000000000e+04
8.483700000000000000e+04
8.322900000000000000e+04
7.761500000000000000e+04
5.465000000000000000e+04
6.019100000000000000e+04
8.760100000000000000e+04
5.102000000000000000e+04
7.534400000000000000e+04
6.452600000000000000e+04
5.625500000000000000e+04
7.937200000000000000e+04
6.863700000000000000e+04
9.974000000000000000e+04
6.362400000000000000e+04
5.758700000000000000e+04
7.117500000000000000e+04
6.019100000000000000e+04
