6.014000000000000000e+04
5.052100000000000000e+04
3.998800000000000000e+04
8.106200000000000000e+04
4.413800000000000000e+04
7.142700000000000000e+04
6.175000000000000000e+04
9.057000000000000000e+04
8.679000000000000000e+04
8.255400000000000000e+04
5.649400000000000000e+04
4.468800000000000000e+04
7.492300000000000000e+04
4.783200000000000000e+04
5.527400000000000000e+04
7.196300000000000000e+04
3.675400000000000000e+04
7.541800000000000000e+04
3.028500000000000000e+04
7.070900000000000000e+04
9.263100000000000000e+04
5.118900000000000000e+04
5.876900000000000000e+04
5.611200000000000000e+04
3.409500000000000000e+04
7.477400000000000000e+04
7.616300000000000000e+04
7.209600000000000000e+04
3.696900000000000000e+04
4.455800000000000000e+04
3.369100000000000000e+04
5.090900000000000000e+04
5.010500000000000000e+04
5.628900000000000000e+04
5.754200000000000000e+04
3.976500000000000000e+04
5.316700000000000000e+04
6.666000000000000000e+04
6.336500000000000000e+04
5.267400000000000000e+04
7.249400000000000000e+04
7.666300000000000000e+04
5.498800000000000000e+04
5.639500000000000000e+04
4.762500000000000000e+04
4.441400000000000000e+04
8.920300000000000000e+04
5.236700000000000000e+04
4.779100000000000000e+04
4.373500000000000000e+04
