3.157100000000000000e+04
2.244000000000000000e+04
1.145400000000000000e+04
2.908200000000000000e+04
2.073000000000000000e+04
4.420600000000000000e+04
1.973800000000000000e+04
2.098700000000000000e+04
3.218900000000000000e+04
4.250400000000000000e+04
5.276600000000000000e+04
3.096500000000000000e+04
4.837200000000000000e+04
3.429600000000000000e+04
6.952000000000000000e+03
6.861000000000000000e+03
1.508700000000000000e+04
5.142000000000000000e+04
3.702200000000000000e+04
3.334400000000000000e+04
6.010500000000000000e+04
8.862000000000000000e+03
2.662100000000000000e+04
5.351400000000000000e+04
1.169600000000000000e+04
4.531200000000000000e+04
3.455300000000000000e+04
1.936400000000000000e+04
3.808700000000000000e+04
2.723600000000000000e+04
4.953400000000000000e+04
3.246200000000000000e+04
3.130000000000000000e+04
1.683300000000000000e+04
2.966900000000000000e+04
4.629300000000000000e+04
4.405100000000000000e+04
4.795300000000000000e+04
5.668000000000000000e+03
2.014200000000000000e+04
2.710000000000000000e+04
3.090400000000000000e+04
1.584200000000000000e+04
3.243400000000000000e+04
2.162400000000000000e+04
6.837000000000000000e+03
1.851000000000000000e+03
4.381300000000000000e+04
2.415700000000000000e+04
1.830900000000000000e+04
