9.698900000000000000e+04
9.011400000000000000e+04
9.308200000000000000e+04
8.537200000000000000e+04
7.997800000000000000e+04
6.421400000000000000e+04
5.993300000000000000e+04
9.493400000000000000e+04
6.426500000000000000e+04
7.177700000000000000e+04
7.765400000000000000e+04
1.110440000000000000e+05
3.674200000000000000e+04
8.995300000000000000e+04
5.194200000000000000e+04
5.184400000000000000e+04
6.578200000000000000e+04
7.154300000000000000e+04
8.104000000000000000e+04
7.858200000000000000e+04
7.728100000000000000e+04
6.156000000000000000e+04
5.265500000000000000e+04
7.125900000000000000e+04
7.457800000000000000e+04
6.734000000000000000e+04
6.109200000000000000e+04
8.565700000000000000e+04
7.070700000000000000e+04
8.174800000000000000e+04
7.720100000000000000e+04
1.043230000000000000e+05
8.004300000000000000e+04
8.669800000000000000e+04
7.681700000000000000e+04
3.693700000000000000e+04
6.353600000000000000e+04
6.109800000000000000e+04
6.925800000000000000e+04
5.627400000000000000e+04
4.014700000000000000e+04
8.239900000000000000e+04
7.444300000000000000e+04
7.503800000000000000e+04
6.401600000000000000e+04
9.072900000000000000e+04
5.256200000000000000e+04
6.997400000000000000e+04
6.563400000000000000e+04
3.945400000000000000e+04
