6.563000000000000000e+04
7.094400000000000000e+04
6.455200000000000000e+04
7.605100000000000000e+04
7.130500000000000000e+04
8.205600000000000000e+04
6.365300000000000000e+04
6.022500000000000000e+04
6.459800000000000000e+04
7.834500000000000000e+04
6.878600000000000000e+04
1.050270000000000000e+05
7.516400000000000000e+04
1.206970000000000000e+05
7.356800000000000000e+04
6.880300000000000000e+04
9.262600000000000000e+04
7.184200000000000000e+04
5.814100000000000000e+04
8.985200000000000000e+04
8.487200000000000000e+04
8.439500000000000000e+04
8.630500000000000000e+04
7.896800000000000000e+04
9.501300000000000000e+04
1.072850000000000000e+05
8.078500000000000000e+04
6.811200000000000000e+04
6.591200000000000000e+04
7.673100000000000000e+04
8.445800000000000000e+04
6.457400000000000000e+04
9.060400000000000000e+04
7.390400000000000000e+04
7.140900000000000000e+04
1.092740000000000000e+05
9.542800000000000000e+04
8.059600000000000000e+04
7.745200000000000000e+04
6.607700000000000000e+04
1.206260000000000000e+05
8.927900000000000000e+04
8.071800000000000000e+04
6.394300000000000000e+04
6.878900000000000000e+04
7.094200000000000000e+04
7.316000000000000000e+04
8.516900000000000000e+04
1.160240000000000000e+05
6.838000000000000000e+04
