3.076900000000000000e+04
2.917700000000000000e+04
2.652700000000000000e+04
2.971300000000000000e+04
1.696100000000000000e+04
5.123000000000000000e+03
8.398000000000000000e+03
3.553300000000000000e+04
3.682300000000000000e+04
2.990600000000000000e+04
2.978600000000000000e+04
1.620500000000000000e+04
1.887800000000000000e+04
4.991200000000000000e+04
4.090200000000000000e+04
2.608900000000000000e+04
1.857600000000000000e+04
3.042300000000000000e+04
2.825500000000000000e+04
2.668200000000000000e+04
2.936800000000000000e+04
4.323300000000000000e+04
3.590100000000000000e+04
1.768800000000000000e+04
3.246000000000000000e+04
3.817800000000000000e+04
3.054200000000000000e+04
3.318200000000000000e+04
2.605100000000000000e+04
2.434900000000000000e+04
3.229700000000000000e+04
8.736000000000000000e+03
9.356000000000000000e+03
3.324300000000000000e+04
1.814800000000000000e+04
2.430300000000000000e+04
1.493300000000000000e+04
3.292600000000000000e+04
1.014400000000000000e+04
3.323000000000000000e+04
3.300700000000000000e+04
1.543200000000000000e+04
1.669400000000000000e+04
4.501500000000000000e+04
4.490200000000000000e+04
2.741700000000000000e+04
3.485500000000000000e+04
1.215400000000000000e+04
4.544300000000000000e+04
3.839600000000000000e+04
