5.547200000000000000e+04
6.221300000000000000e+04
7.196500000000000000e+04
6.983200000000000000e+04
7.518200000000000000e+04
6.478000000000000000e+04
5.055400000000000000e+04
7.108600000000000000e+04
7.317600000000000000e+04
8.328200000000000000e+04
6.719500000000000000e+04
9.415900000000000000e+04
7.224600000000000000e+04
1.026790000000000000e+05
7.052800000000000000e+04
6.563300000000000000e+04
8.844000000000000000e+04
6.445000000000000000e+04
7.663700000000000000e+04
6.890500000000000000e+04
8.875100000000000000e+04
8.222200000000000000e+04
9.087700000000000000e+04
7.564500000000000000e+04
1.025690000000000000e+05
1.183510000000000000e+05
6.833700000000000000e+04
5.923800000000000000e+04
7.217900000000000000e+04
7.376700000000000000e+04
8.354400000000000000e+04
7.748800000000000000e+04
7.801600000000000000e+04
6.631200000000000000e+04
6.716800000000000000e+04
1.057700000000000000e+05
9.841400000000000000e+04
7.098100000000000000e+04
6.837000000000000000e+04
5.351600000000000000e+04
1.172920000000000000e+05
8.929800000000000000e+04
7.824000000000000000e+04
6.804600000000000000e+04
8.158800000000000000e+04
7.833600000000000000e+04
6.070500000000000000e+04
9.363800000000000000e+04
1.124070000000000000e+05
5.144600000000000000e+04
