6.200300000000000000e+04
8.310100000000000000e+04
7.353300000000000000e+04
6.600100000000000000e+04
9.808200000000000000e+04
1.016830000000000000e+05
8.449200000000000000e+04
7.254200000000000000e+04
9.695300000000000000e+04
7.255700000000000000e+04
9.244900000000000000e+04
1.241290000000000000e+05
7.398200000000000000e+04
9.721100000000000000e+04
1.039890000000000000e+05
7.941500000000000000e+04
9.714800000000000000e+04
9.476600000000000000e+04
8.631800000000000000e+04
9.527600000000000000e+04
8.680200000000000000e+04
9.366700000000000000e+04
1.053910000000000000e+05
9.263400000000000000e+04
1.046500000000000000e+05
1.135510000000000000e+05
8.295600000000000000e+04
1.305070000000000000e+05
1.020390000000000000e+05
9.767400000000000000e+04
8.128100000000000000e+04
1.138080000000000000e+05
9.457900000000000000e+04
1.022910000000000000e+05
8.742000000000000000e+04
9.032700000000000000e+04
8.992200000000000000e+04
9.521000000000000000e+04
8.299000000000000000e+04
7.765000000000000000e+04
6.750100000000000000e+04
7.146700000000000000e+04
9.075500000000000000e+04
8.353800000000000000e+04
7.845000000000000000e+04
7.008800000000000000e+04
7.786600000000000000e+04
1.118390000000000000e+05
7.065200000000000000e+04
9.837900000000000000e+04
