4.549300000000000000e+04
2.378300000000000000e+04
4.112900000000000000e+04
3.243600000000000000e+04
4.831300000000000000e+04
1.399000000000000000e+04
2.042200000000000000e+04
2.179900000000000000e+04
2.435300000000000000e+04
1.078400000000000000e+04
5.828700000000000000e+04
1.693000000000000000e+04
7.720000000000000000e+02
5.557000000000000000e+04
3.065200000000000000e+04
3.678600000000000000e+04
5.835000000000000000e+03
2.545300000000000000e+04
2.205600000000000000e+04
4.241200000000000000e+04
3.334400000000000000e+04
2.032000000000000000e+04
3.154100000000000000e+04
2.184000000000000000e+04
3.044400000000000000e+04
2.965300000000000000e+04
4.551800000000000000e+04
3.686300000000000000e+04
3.703100000000000000e+04
3.039600000000000000e+04
3.088100000000000000e+04
7.457000000000000000e+03
3.712500000000000000e+04
3.807600000000000000e+04
8.696000000000000000e+03
6.756600000000000000e+04
2.182400000000000000e+04
2.359400000000000000e+04
2.793400000000000000e+04
3.703200000000000000e+04
2.069900000000000000e+04
4.346500000000000000e+04
2.974000000000000000e+03
6.947100000000000000e+04
3.641100000000000000e+04
2.723900000000000000e+04
2.156400000000000000e+04
2.081500000000000000e+04
4.082100000000000000e+04
2.387500000000000000e+04
