5.455900000000000000e+04
5.616100000000000000e+04
3.374400000000000000e+04
6.031200000000000000e+04
6.032000000000000000e+04
5.590000000000000000e+04
8.498100000000000000e+04
4.857900000000000000e+04
3.355200000000000000e+04
7.074800000000000000e+04
4.293700000000000000e+04
3.499400000000000000e+04
6.065800000000000000e+04
4.358500000000000000e+04
4.149900000000000000e+04
4.166900000000000000e+04
5.353400000000000000e+04
6.077100000000000000e+04
5.590700000000000000e+04
7.427500000000000000e+04
6.230500000000000000e+04
5.379600000000000000e+04
5.842400000000000000e+04
5.719100000000000000e+04
8.013100000000000000e+04
6.365700000000000000e+04
3.848900000000000000e+04
5.189000000000000000e+04
5.844700000000000000e+04
6.375900000000000000e+04
1.722700000000000000e+04
4.754000000000000000e+04
6.019000000000000000e+04
4.442200000000000000e+04
3.348200000000000000e+04
6.469200000000000000e+04
4.661900000000000000e+04
6.601400000000000000e+04
7.452200000000000000e+04
4.772800000000000000e+04
4.838300000000000000e+04
4.422100000000000000e+04
6.028100000000000000e+04
6.137100000000000000e+04
6.028800000000000000e+04
7.643900000000000000e+04
5.842200000000000000e+04
5.900400000000000000e+04
5.448000000000000000e+04
4.273200000000000000e+04
