9.803600000000000000e+04
1.004660000000000000e+05
1.066410000000000000e+05
6.773500000000000000e+04
8.640500000000000000e+04
8.116700000000000000e+04
1.051360000000000000e+05
1.194430000000000000e+05
1.101770000000000000e+05
6.897700000000000000e+04
7.988600000000000000e+04
7.846000000000000000e+04
5.663400000000000000e+04
5.460900000000000000e+04
9.394900000000000000e+04
7.457500000000000000e+04
9.577100000000000000e+04
1.036680000000000000e+05
8.811900000000000000e+04
8.545700000000000000e+04
8.694900000000000000e+04
1.021120000000000000e+05
7.251400000000000000e+04
9.672700000000000000e+04
6.660000000000000000e+04
9.315400000000000000e+04
9.568500000000000000e+04
7.747600000000000000e+04
1.083430000000000000e+05
1.219480000000000000e+05
9.365900000000000000e+04
6.710600000000000000e+04
1.090810000000000000e+05
8.447700000000000000e+04
8.924800000000000000e+04
8.755500000000000000e+04
9.369900000000000000e+04
1.044710000000000000e+05
4.651600000000000000e+04
1.036340000000000000e+05
7.612400000000000000e+04
1.206060000000000000e+05
9.681700000000000000e+04
1.335140000000000000e+05
6.403100000000000000e+04
1.590020000000000000e+05
7.616700000000000000e+04
9.469100000000000000e+04
8.177000000000000000e+04
6.961800000000000000e+04
