8.823600000000000000e+04
7.266100000000000000e+04
5.561300000000000000e+04
6.912200000000000000e+04
7.450900000000000000e+04
6.555100000000000000e+04
8.586900000000000000e+04
6.252500000000000000e+04
7.792800000000000000e+04
5.688200000000000000e+04
6.510100000000000000e+04
4.839700000000000000e+04
5.584300000000000000e+04
7.644400000000000000e+04
5.783300000000000000e+04
6.838300000000000000e+04
8.847300000000000000e+04
7.693900000000000000e+04
6.399400000000000000e+04
6.874500000000000000e+04
5.641700000000000000e+04
6.689800000000000000e+04
5.436100000000000000e+04
5.315200000000000000e+04
6.442800000000000000e+04
9.307700000000000000e+04
6.074500000000000000e+04
3.109900000000000000e+04
8.147600000000000000e+04
8.103300000000000000e+04
9.692600000000000000e+04
9.337500000000000000e+04
7.134400000000000000e+04
4.500500000000000000e+04
5.780400000000000000e+04
6.418700000000000000e+04
5.779800000000000000e+04
6.647500000000000000e+04
6.415900000000000000e+04
8.030600000000000000e+04
8.737900000000000000e+04
6.287900000000000000e+04
5.175800000000000000e+04
5.906400000000000000e+04
7.000900000000000000e+04
7.886600000000000000e+04
9.107900000000000000e+04
6.640500000000000000e+04
7.617500000000000000e+04
6.812400000000000000e+04
