9.501300000000000000e+04
1.049120000000000000e+05
1.051650000000000000e+05
8.077200000000000000e+04
9.411000000000000000e+04
9.243000000000000000e+04
1.133520000000000000e+05
9.732800000000000000e+04
8.716300000000000000e+04
8.848100000000000000e+04
6.187000000000000000e+04
7.153500000000000000e+04
6.153200000000000000e+04
7.385500000000000000e+04
1.163730000000000000e+05
9.392000000000000000e+04
9.632000000000000000e+04
1.256460000000000000e+05
1.138420000000000000e+05
1.005960000000000000e+05
1.108970000000000000e+05
9.265000000000000000e+04
1.053800000000000000e+05
8.791000000000000000e+04
8.286900000000000000e+04
1.037530000000000000e+05
8.149400000000000000e+04
7.874700000000000000e+04
9.181600000000000000e+04
1.367820000000000000e+05
9.575000000000000000e+04
7.340100000000000000e+04
9.247000000000000000e+04
9.249200000000000000e+04
8.339700000000000000e+04
8.647100000000000000e+04
7.539800000000000000e+04
1.212410000000000000e+05
7.348700000000000000e+04
8.144500000000000000e+04
6.621700000000000000e+04
1.311830000000000000e+05
9.872500000000000000e+04
1.025930000000000000e+05
8.038900000000000000e+04
1.327510000000000000e+05
9.932200000000000000e+04
9.153500000000000000e+04
1.064670000000000000e+05
7.491200000000000000e+04
