9.883700000000000000e+04
8.501700000000000000e+04
8.643500000000000000e+04
8.601800000000000000e+04
8.408600000000000000e+04
8.192800000000000000e+04
8.112500000000000000e+04
5.658300000000000000e+04
9.521000000000000000e+04
8.513400000000000000e+04
8.235000000000000000e+04
1.023640000000000000e+05
9.926300000000000000e+04
7.941100000000000000e+04
1.085930000000000000e+05
8.766300000000000000e+04
8.456800000000000000e+04
6.760000000000000000e+04
6.338100000000000000e+04
8.638500000000000000e+04
1.074010000000000000e+05
5.153400000000000000e+04
9.118100000000000000e+04
7.501500000000000000e+04
7.060000000000000000e+04
1.107360000000000000e+05
1.047570000000000000e+05
9.965200000000000000e+04
7.609600000000000000e+04
1.061380000000000000e+05
5.811900000000000000e+04
8.561400000000000000e+04
6.831900000000000000e+04
8.216200000000000000e+04
7.751100000000000000e+04
9.817900000000000000e+04
7.919800000000000000e+04
9.378300000000000000e+04
9.939300000000000000e+04
7.566600000000000000e+04
7.219400000000000000e+04
9.568500000000000000e+04
1.147100000000000000e+05
7.733700000000000000e+04
8.717100000000000000e+04
7.783400000000000000e+04
7.911600000000000000e+04
7.840900000000000000e+04
9.793300000000000000e+04
7.442000000000000000e+04
