1.018440000000000000e+05
9.774100000000000000e+04
1.043880000000000000e+05
8.523400000000000000e+04
1.044880000000000000e+05
8.649300000000000000e+04
1.216140000000000000e+05
9.909100000000000000e+04
9.611000000000000000e+04
1.014260000000000000e+05
6.923000000000000000e+04
7.322800000000000000e+04
6.794000000000000000e+04
7.324200000000000000e+04
9.734400000000000000e+04
9.315700000000000000e+04
1.019710000000000000e+05
1.116710000000000000e+05
1.197130000000000000e+05
9.378200000000000000e+04
1.092970000000000000e+05
9.903000000000000000e+04
8.786300000000000000e+04
7.937500000000000000e+04
7.147700000000000000e+04
9.826500000000000000e+04
8.767200000000000000e+04
7.933000000000000000e+04
1.027860000000000000e+05
1.379100000000000000e+05
1.005680000000000000e+05
7.192200000000000000e+04
1.236140000000000000e+05
8.704000000000000000e+04
8.339400000000000000e+04
8.004700000000000000e+04
8.226300000000000000e+04
1.123540000000000000e+05
6.325400000000000000e+04
1.010960000000000000e+05
8.423500000000000000e+04
1.366020000000000000e+05
1.074720000000000000e+05
1.025980000000000000e+05
8.004300000000000000e+04
1.569630000000000000e+05
9.299400000000000000e+04
9.475400000000000000e+04
1.098910000000000000e+05
7.963400000000000000e+04
