2.875260000000000000e+05
3.497440000000000000e+05
3.001950000000000000e+05
3.401300000000000000e+05
3.112720000000000000e+05
2.804920000000000000e+05
3.073390000000000000e+05
3.793920000000000000e+05
3.118510000000000000e+05
3.663210000000000000e+05
3.169710000000000000e+05
3.498600000000000000e+05
3.582680000000000000e+05
3.259690000000000000e+05
4.367960000000000000e+05
2.990070000000000000e+05
2.939620000000000000e+05
3.225420000000000000e+05
3.396350000000000000e+05
3.727570000000000000e+05
3.146200000000000000e+05
3.188730000000000000e+05
3.539050000000000000e+05
3.104960000000000000e+05
3.145280000000000000e+05
3.156610000000000000e+05
3.555090000000000000e+05
3.265100000000000000e+05
3.445010000000000000e+05
2.842600000000000000e+05
3.281030000000000000e+05
3.607520000000000000e+05
3.054490000000000000e+05
3.957480000000000000e+05
3.315200000000000000e+05
3.259900000000000000e+05
3.340440000000000000e+05
2.937820000000000000e+05
3.128240000000000000e+05
3.595520000000000000e+05
3.076360000000000000e+05
3.517240000000000000e+05
3.139780000000000000e+05
3.083790000000000000e+05
2.669990000000000000e+05
2.887140000000000000e+05
3.205880000000000000e+05
3.226640000000000000e+05
2.898900000000000000e+05
2.788400000000000000e+05
