3.433670000000000000e+05
3.671850000000000000e+05
3.920690000000000000e+05
3.066000000000000000e+05
3.485240000000000000e+05
3.981750000000000000e+05
4.144130000000000000e+05
3.705430000000000000e+05
3.908220000000000000e+05
3.511670000000000000e+05
3.708990000000000000e+05
4.156030000000000000e+05
3.387390000000000000e+05
2.952970000000000000e+05
4.027140000000000000e+05
3.991280000000000000e+05
3.242450000000000000e+05
3.389030000000000000e+05
3.861040000000000000e+05
3.861030000000000000e+05
4.051960000000000000e+05
3.471980000000000000e+05
3.473430000000000000e+05
3.891480000000000000e+05
3.864200000000000000e+05
3.490480000000000000e+05
3.902180000000000000e+05
3.471630000000000000e+05
3.703780000000000000e+05
3.524340000000000000e+05
3.730630000000000000e+05
3.150640000000000000e+05
4.003980000000000000e+05
3.490320000000000000e+05
3.284940000000000000e+05
3.697460000000000000e+05
3.922120000000000000e+05
3.732840000000000000e+05
3.810350000000000000e+05
3.734730000000000000e+05
3.529010000000000000e+05
3.702170000000000000e+05
3.842520000000000000e+05
3.805180000000000000e+05
4.141430000000000000e+05
3.164920000000000000e+05
3.888820000000000000e+05
3.531460000000000000e+05
3.254760000000000000e+05
3.807020000000000000e+05
