2.352510000000000000e+05
2.525950000000000000e+05
3.598250000000000000e+05
2.931830000000000000e+05
1.912440000000000000e+05
3.782650000000000000e+05
2.637950000000000000e+05
2.462930000000000000e+05
2.985500000000000000e+05
1.767620000000000000e+05
2.385740000000000000e+05
2.212940000000000000e+05
1.847980000000000000e+05
1.772380000000000000e+05
2.512230000000000000e+05
1.454850000000000000e+05
2.131120000000000000e+05
2.332730000000000000e+05
2.586240000000000000e+05
2.969320000000000000e+05
8.318700000000000000e+04
2.208660000000000000e+05
2.073900000000000000e+05
1.413920000000000000e+05
2.814780000000000000e+05
2.878200000000000000e+05
2.482760000000000000e+05
2.378410000000000000e+05
2.423070000000000000e+05
2.135590000000000000e+05
2.780700000000000000e+05
2.664430000000000000e+05
2.696010000000000000e+05
2.409280000000000000e+05
1.513170000000000000e+05
3.090370000000000000e+05
2.757630000000000000e+05
1.329620000000000000e+05
2.822830000000000000e+05
2.226590000000000000e+05
2.611080000000000000e+05
1.605480000000000000e+05
1.793560000000000000e+05
2.966590000000000000e+05
2.361860000000000000e+05
2.963280000000000000e+05
2.966490000000000000e+05
3.131860000000000000e+05
2.701080000000000000e+05
2.810520000000000000e+05
