8.411200000000000000e+04
2.817580000000000000e+05
3.278920000000000000e+05
3.210080000000000000e+05
3.178440000000000000e+05
3.344830000000000000e+05
1.693780000000000000e+05
2.579500000000000000e+05
3.483510000000000000e+05
2.426680000000000000e+05
2.896350000000000000e+05
2.526650000000000000e+05
3.128780000000000000e+05
2.549620000000000000e+05
3.013690000000000000e+05
3.397440000000000000e+05
1.833420000000000000e+05
3.398770000000000000e+05
3.266990000000000000e+05
2.189200000000000000e+05
1.484690000000000000e+05
3.142840000000000000e+05
1.572530000000000000e+05
3.047020000000000000e+05
3.343600000000000000e+05
1.921500000000000000e+05
3.775990000000000000e+05
3.825410000000000000e+05
2.363490000000000000e+05
2.747080000000000000e+05
2.590990000000000000e+05
3.075240000000000000e+05
2.975710000000000000e+05
3.643210000000000000e+05
1.638020000000000000e+05
3.539200000000000000e+05
2.971460000000000000e+05
2.281370000000000000e+05
2.719080000000000000e+05
3.134280000000000000e+05
2.703210000000000000e+05
1.047970000000000000e+05
3.337670000000000000e+05
2.875200000000000000e+05
2.024390000000000000e+05
1.860510000000000000e+05
3.280730000000000000e+05
3.157720000000000000e+05
2.859470000000000000e+05
2.243590000000000000e+05
