2.707480000000000000e+05
2.903280000000000000e+05
2.792440000000000000e+05
2.792250000000000000e+05
2.935610000000000000e+05
3.337620000000000000e+05
3.240920000000000000e+05
2.590050000000000000e+05
3.151580000000000000e+05
2.854860000000000000e+05
2.599960000000000000e+05
3.138310000000000000e+05
2.984840000000000000e+05
2.937110000000000000e+05
2.867530000000000000e+05
3.265820000000000000e+05
3.500950000000000000e+05
2.240120000000000000e+05
2.809430000000000000e+05
2.976200000000000000e+05
3.386590000000000000e+05
3.116260000000000000e+05
2.798920000000000000e+05
3.128530000000000000e+05
3.280580000000000000e+05
2.773820000000000000e+05
3.312330000000000000e+05
2.764500000000000000e+05
3.148570000000000000e+05
3.393470000000000000e+05
2.785420000000000000e+05
3.058280000000000000e+05
3.603890000000000000e+05
2.880960000000000000e+05
2.633090000000000000e+05
3.436260000000000000e+05
2.931120000000000000e+05
2.938550000000000000e+05
3.142070000000000000e+05
2.831560000000000000e+05
3.015580000000000000e+05
3.294430000000000000e+05
3.522820000000000000e+05
2.991480000000000000e+05
2.864730000000000000e+05
3.082040000000000000e+05
3.119190000000000000e+05
2.626530000000000000e+05
2.743030000000000000e+05
3.195480000000000000e+05
