1.900130000000000000e+05
1.666900000000000000e+05
2.862570000000000000e+05
2.255430000000000000e+05
1.953570000000000000e+05
3.287520000000000000e+05
2.692580000000000000e+05
2.492720000000000000e+05
2.220940000000000000e+05
1.882760000000000000e+05
2.138140000000000000e+05
1.394870000000000000e+05
2.306470000000000000e+05
2.155310000000000000e+05
2.341100000000000000e+05
1.132550000000000000e+05
2.640920000000000000e+05
1.060640000000000000e+05
1.329210000000000000e+05
2.356460000000000000e+05
1.169450000000000000e+05
1.655500000000000000e+05
2.555800000000000000e+05
2.142210000000000000e+05
1.137540000000000000e+05
1.246020000000000000e+05
1.480250000000000000e+05
2.767250000000000000e+05
2.642160000000000000e+05
1.582120000000000000e+05
3.170130000000000000e+05
2.454540000000000000e+05
2.584090000000000000e+05
1.837830000000000000e+05
1.346260000000000000e+05
2.445340000000000000e+05
2.469430000000000000e+05
1.938000000000000000e+05
2.743860000000000000e+05
2.716590000000000000e+05
1.335870000000000000e+05
1.481240000000000000e+05
1.386740000000000000e+05
1.861800000000000000e+05
2.128060000000000000e+05
2.831370000000000000e+05
2.542130000000000000e+05
1.968800000000000000e+05
2.461170000000000000e+05
1.844510000000000000e+05
