2.934600000000000000e+04
1.098800000000000000e+04
6.485500000000000000e+04
6.776200000000000000e+04
6.383600000000000000e+04
5.982000000000000000e+03
3.499200000000000000e+04
1.077070000000000000e+05
6.295500000000000000e+04
0.000000000000000000e+00
3.107000000000000000e+04
3.739400000000000000e+04
6.579600000000000000e+04
2.031300000000000000e+04
9.835000000000000000e+03
1.054400000000000000e+05
4.840200000000000000e+04
2.749000000000000000e+03
3.692400000000000000e+04
1.168300000000000000e+04
3.523300000000000000e+04
2.619400000000000000e+04
3.377500000000000000e+04
4.743600000000000000e+04
4.231100000000000000e+04
1.443400000000000000e+04
9.261800000000000000e+04
4.249500000000000000e+04
3.649000000000000000e+04
0.000000000000000000e+00
1.191060000000000000e+05
7.507200000000000000e+04
4.000000000000000000e+00
3.732600000000000000e+04
6.440000000000000000e+04
5.819500000000000000e+04
9.179700000000000000e+04
1.509260000000000000e+05
8.080000000000000000e+03
8.402700000000000000e+04
7.070900000000000000e+04
3.049800000000000000e+04
1.403810000000000000e+05
1.102000000000000000e+04
5.910600000000000000e+04
6.963400000000000000e+04
7.367000000000000000e+03
3.006700000000000000e+04
3.895400000000000000e+04
5.178900000000000000e+04
