4.399500000000000000e+04
4.158500000000000000e+04
3.078200000000000000e+04
3.706800000000000000e+04
2.747300000000000000e+04
3.767400000000000000e+04
2.862200000000000000e+04
3.975500000000000000e+04
3.101200000000000000e+04
3.938400000000000000e+04
1.800100000000000000e+04
1.554100000000000000e+04
5.705100000000000000e+04
2.153500000000000000e+04
2.137900000000000000e+04
2.595300000000000000e+04
4.439500000000000000e+04
4.237000000000000000e+03
2.257100000000000000e+04
1.643900000000000000e+04
1.484400000000000000e+04
3.497600000000000000e+04
2.418400000000000000e+04
3.407600000000000000e+04
3.280500000000000000e+04
3.970200000000000000e+04
3.679300000000000000e+04
3.896000000000000000e+04
2.382900000000000000e+04
1.913000000000000000e+04
2.045200000000000000e+04
3.227000000000000000e+04
3.612900000000000000e+04
6.880000000000000000e+03
1.047700000000000000e+04
2.394500000000000000e+04
6.555000000000000000e+04
2.047800000000000000e+04
7.572000000000000000e+03
4.265700000000000000e+04
3.428200000000000000e+04
1.016900000000000000e+04
1.924600000000000000e+04
4.181700000000000000e+04
2.038000000000000000e+04
4.505700000000000000e+04
3.919000000000000000e+04
2.903900000000000000e+04
2.932100000000000000e+04
2.570600000000000000e+04
