5.081700000000000000e+04
3.138400000000000000e+04
3.848000000000000000e+04
2.965000000000000000e+04
3.687700000000000000e+04
4.776600000000000000e+04
4.404900000000000000e+04
3.291100000000000000e+04
4.988500000000000000e+04
4.078300000000000000e+04
2.627100000000000000e+04
3.138700000000000000e+04
5.818300000000000000e+04
2.805100000000000000e+04
3.292000000000000000e+04
2.920000000000000000e+04
2.805600000000000000e+04
2.445200000000000000e+04
3.079100000000000000e+04
4.350600000000000000e+04
2.409700000000000000e+04
3.434900000000000000e+04
4.986100000000000000e+04
3.634800000000000000e+04
3.384400000000000000e+04
2.386000000000000000e+04
3.163200000000000000e+04
5.870100000000000000e+04
7.109000000000000000e+04
2.607500000000000000e+04
4.551900000000000000e+04
4.691000000000000000e+04
4.920100000000000000e+04
3.883300000000000000e+04
8.524000000000000000e+03
5.351100000000000000e+04
3.793600000000000000e+04
2.933300000000000000e+04
5.316900000000000000e+04
3.846100000000000000e+04
2.333200000000000000e+04
2.884400000000000000e+04
2.278400000000000000e+04
4.922700000000000000e+04
3.411300000000000000e+04
5.292600000000000000e+04
5.778100000000000000e+04
4.117400000000000000e+04
4.353700000000000000e+04
2.910300000000000000e+04
