7.480600000000000000e+04
7.596500000000000000e+04
6.265400000000000000e+04
5.294200000000000000e+04
7.023500000000000000e+04
5.978000000000000000e+04
7.090000000000000000e+04
3.874700000000000000e+04
7.702900000000000000e+04
7.071600000000000000e+04
7.654200000000000000e+04
7.228200000000000000e+04
7.146300000000000000e+04
6.731600000000000000e+04
7.376900000000000000e+04
6.650700000000000000e+04
7.240100000000000000e+04
8.373200000000000000e+04
4.925900000000000000e+04
4.860300000000000000e+04
8.261300000000000000e+04
4.149800000000000000e+04
5.021600000000000000e+04
7.364000000000000000e+04
5.874200000000000000e+04
6.922400000000000000e+04
8.757700000000000000e+04
6.004300000000000000e+04
6.960100000000000000e+04
6.043500000000000000e+04
5.921200000000000000e+04
7.917200000000000000e+04
8.438600000000000000e+04
5.547200000000000000e+04
8.463000000000000000e+04
4.576600000000000000e+04
5.654000000000000000e+04
5.508300000000000000e+04
5.621800000000000000e+04
6.730700000000000000e+04
7.383700000000000000e+04
4.806400000000000000e+04
6.680800000000000000e+04
8.657200000000000000e+04
6.599500000000000000e+04
7.789000000000000000e+04
5.647900000000000000e+04
4.889000000000000000e+04
6.868600000000000000e+04
8.100700000000000000e+04
