7.462200000000000000e+04
3.792800000000000000e+04
4.182700000000000000e+04
8.044100000000000000e+04
8.773300000000000000e+04
7.529800000000000000e+04
7.941400000000000000e+04
7.902000000000000000e+04
9.250800000000000000e+04
6.732500000000000000e+04
5.066300000000000000e+04
9.751700000000000000e+04
8.681700000000000000e+04
9.057500000000000000e+04
4.999800000000000000e+04
6.288200000000000000e+04
6.806500000000000000e+04
4.355600000000000000e+04
7.421000000000000000e+04
7.855400000000000000e+04
8.418200000000000000e+04
7.018600000000000000e+04
8.523600000000000000e+04
6.990800000000000000e+04
1.134120000000000000e+05
1.076990000000000000e+05
8.460400000000000000e+04
1.076240000000000000e+05
6.638800000000000000e+04
8.867600000000000000e+04
9.005100000000000000e+04
6.753100000000000000e+04
5.803900000000000000e+04
8.613800000000000000e+04
6.935800000000000000e+04
8.995600000000000000e+04
7.161400000000000000e+04
8.115200000000000000e+04
7.537600000000000000e+04
1.108570000000000000e+05
1.078350000000000000e+05
6.579800000000000000e+04
8.325600000000000000e+04
8.870200000000000000e+04
5.979600000000000000e+04
6.198500000000000000e+04
6.850600000000000000e+04
1.165940000000000000e+05
1.039990000000000000e+05
7.713500000000000000e+04
