2.000500000000000000e+04
7.301100000000000000e+04
3.638500000000000000e+04
2.230000000000000000e+04
4.159400000000000000e+04
6.865100000000000000e+04
4.610000000000000000e+04
2.150000000000000000e+04
3.486500000000000000e+04
6.048500000000000000e+04
3.777100000000000000e+04
6.087000000000000000e+04
2.674500000000000000e+04
6.148000000000000000e+04
2.069300000000000000e+04
2.800100000000000000e+04
3.312400000000000000e+04
4.648200000000000000e+04
2.502900000000000000e+04
5.697200000000000000e+04
3.230300000000000000e+04
3.863700000000000000e+04
1.541700000000000000e+04
1.370300000000000000e+04
3.909400000000000000e+04
3.060500000000000000e+04
2.945100000000000000e+04
4.412400000000000000e+04
4.512000000000000000e+04
2.119900000000000000e+04
2.085500000000000000e+04
3.338100000000000000e+04
5.720500000000000000e+04
2.180000000000000000e+04
2.027100000000000000e+04
4.067000000000000000e+04
2.951800000000000000e+04
3.773800000000000000e+04
1.914400000000000000e+04
3.476800000000000000e+04
1.935000000000000000e+04
2.052400000000000000e+04
3.825300000000000000e+04
3.221600000000000000e+04
3.975400000000000000e+04
2.535000000000000000e+04
4.224600000000000000e+04
3.641900000000000000e+04
3.954600000000000000e+04
3.158200000000000000e+04
