1.410210000000000000e+05
1.177870000000000000e+05
1.382960000000000000e+05
1.189670000000000000e+05
1.303920000000000000e+05
1.144410000000000000e+05
1.324390000000000000e+05
1.193530000000000000e+05
1.346300000000000000e+05
1.196010000000000000e+05
1.019860000000000000e+05
1.063900000000000000e+05
1.192120000000000000e+05
1.019010000000000000e+05
1.377850000000000000e+05
1.137440000000000000e+05
1.538090000000000000e+05
1.107430000000000000e+05
8.966400000000000000e+04
1.410400000000000000e+05
1.372340000000000000e+05
1.107610000000000000e+05
9.579700000000000000e+04
9.349900000000000000e+04
1.350540000000000000e+05
1.397440000000000000e+05
1.183110000000000000e+05
1.328720000000000000e+05
1.455810000000000000e+05
1.286310000000000000e+05
1.581080000000000000e+05
1.125550000000000000e+05
1.290930000000000000e+05
1.213630000000000000e+05
1.220070000000000000e+05
1.118780000000000000e+05
1.285640000000000000e+05
1.158610000000000000e+05
1.255300000000000000e+05
1.414520000000000000e+05
1.241660000000000000e+05
1.249230000000000000e+05
1.274350000000000000e+05
1.060860000000000000e+05
1.084910000000000000e+05
1.228440000000000000e+05
1.391330000000000000e+05
1.417920000000000000e+05
1.209820000000000000e+05
1.194340000000000000e+05
