2.273300000000000000e+04
3.032800000000000000e+04
3.309800000000000000e+04
5.333000000000000000e+03
2.303900000000000000e+04
3.871500000000000000e+04
2.461700000000000000e+04
2.666700000000000000e+04
3.574800000000000000e+04
3.141100000000000000e+04
2.384100000000000000e+04
2.800400000000000000e+04
5.418000000000000000e+03
1.587800000000000000e+04
1.682000000000000000e+04
1.494400000000000000e+04
5.303600000000000000e+04
3.821300000000000000e+04
2.164900000000000000e+04
3.471300000000000000e+04
2.835900000000000000e+04
2.509600000000000000e+04
3.346700000000000000e+04
3.314800000000000000e+04
4.892100000000000000e+04
2.681100000000000000e+04
2.842500000000000000e+04
2.065100000000000000e+04
2.156800000000000000e+04
1.898300000000000000e+04
2.786800000000000000e+04
1.512800000000000000e+04
1.074700000000000000e+04
8.535000000000000000e+03
3.897600000000000000e+04
2.443600000000000000e+04
3.748700000000000000e+04
2.699700000000000000e+04
1.846200000000000000e+04
3.510300000000000000e+04
1.482300000000000000e+04
4.554600000000000000e+04
2.628800000000000000e+04
2.439200000000000000e+04
1.878700000000000000e+04
3.333300000000000000e+04
2.260000000000000000e+04
1.060600000000000000e+04
3.579500000000000000e+04
3.539700000000000000e+04
