1.608960000000000000e+05
1.155870000000000000e+05
1.233090000000000000e+05
1.208330000000000000e+05
1.406140000000000000e+05
1.248380000000000000e+05
1.277170000000000000e+05
1.035240000000000000e+05
1.314910000000000000e+05
1.329650000000000000e+05
1.359140000000000000e+05
1.447620000000000000e+05
1.285580000000000000e+05
1.555790000000000000e+05
1.311700000000000000e+05
1.410670000000000000e+05
1.247560000000000000e+05
1.308930000000000000e+05
1.317670000000000000e+05
1.514330000000000000e+05
1.185160000000000000e+05
8.795300000000000000e+04
1.137860000000000000e+05
1.541130000000000000e+05
1.606220000000000000e+05
1.225350000000000000e+05
1.220850000000000000e+05
1.391920000000000000e+05
1.335700000000000000e+05
1.364310000000000000e+05
1.518660000000000000e+05
1.365790000000000000e+05
1.394920000000000000e+05
1.323100000000000000e+05
1.525120000000000000e+05
1.470170000000000000e+05
1.363900000000000000e+05
1.766890000000000000e+05
1.027100000000000000e+05
1.460330000000000000e+05
1.246730000000000000e+05
1.570170000000000000e+05
8.524500000000000000e+04
1.867230000000000000e+05
1.247240000000000000e+05
1.665600000000000000e+05
1.514150000000000000e+05
1.431600000000000000e+05
9.398000000000000000e+04
1.228340000000000000e+05
