1.042710000000000000e+05
1.114450000000000000e+05
9.924900000000000000e+04
1.211910000000000000e+05
1.268990000000000000e+05
1.080810000000000000e+05
1.116820000000000000e+05
7.642600000000000000e+04
1.407840000000000000e+05
1.110210000000000000e+05
1.058190000000000000e+05
1.334240000000000000e+05
1.387760000000000000e+05
1.242310000000000000e+05
7.617300000000000000e+04
1.281880000000000000e+05
9.663700000000000000e+04
1.146480000000000000e+05
1.133020000000000000e+05
1.175840000000000000e+05
1.121480000000000000e+05
1.233680000000000000e+05
1.296030000000000000e+05
1.168610000000000000e+05
1.268970000000000000e+05
1.161130000000000000e+05
1.267350000000000000e+05
1.178920000000000000e+05
1.261190000000000000e+05
1.211110000000000000e+05
1.292310000000000000e+05
1.317040000000000000e+05
1.180400000000000000e+05
1.309690000000000000e+05
1.411380000000000000e+05
1.055380000000000000e+05
1.132960000000000000e+05
1.475550000000000000e+05
1.390090000000000000e+05
1.253240000000000000e+05
1.287420000000000000e+05
1.169700000000000000e+05
1.069980000000000000e+05
1.547840000000000000e+05
1.307570000000000000e+05
1.634990000000000000e+05
1.087120000000000000e+05
1.448980000000000000e+05
1.235000000000000000e+05
1.414430000000000000e+05
