1.167660000000000000e+05
9.579800000000000000e+04
9.139600000000000000e+04
8.789800000000000000e+04
1.019510000000000000e+05
1.205590000000000000e+05
1.170470000000000000e+05
1.429950000000000000e+05
1.223800000000000000e+05
1.187400000000000000e+05
1.119770000000000000e+05
1.012260000000000000e+05
1.036240000000000000e+05
1.093920000000000000e+05
1.084110000000000000e+05
1.185820000000000000e+05
1.330370000000000000e+05
9.320500000000000000e+04
6.896000000000000000e+04
7.821900000000000000e+04
1.069430000000000000e+05
1.056540000000000000e+05
9.677700000000000000e+04
9.895900000000000000e+04
7.942700000000000000e+04
1.256780000000000000e+05
9.033700000000000000e+04
1.020650000000000000e+05
1.077490000000000000e+05
1.055910000000000000e+05
1.036360000000000000e+05
1.468690000000000000e+05
1.211370000000000000e+05
8.099100000000000000e+04
1.090390000000000000e+05
1.091630000000000000e+05
8.101200000000000000e+04
1.137120000000000000e+05
8.942000000000000000e+04
1.210310000000000000e+05
1.035760000000000000e+05
1.064670000000000000e+05
1.075670000000000000e+05
1.373040000000000000e+05
8.745600000000000000e+04
1.270950000000000000e+05
8.917100000000000000e+04
1.049170000000000000e+05
9.707600000000000000e+04
1.377050000000000000e+05
