5.403800000000000000e+04
4.586900000000000000e+04
5.227000000000000000e+04
6.349400000000000000e+04
8.657400000000000000e+04
4.916900000000000000e+04
6.428200000000000000e+04
6.626500000000000000e+04
5.481300000000000000e+04
5.306400000000000000e+04
4.971400000000000000e+04
4.683000000000000000e+04
5.546500000000000000e+04
6.319200000000000000e+04
5.655400000000000000e+04
4.843900000000000000e+04
4.175800000000000000e+04
7.021800000000000000e+04
3.833600000000000000e+04
5.382900000000000000e+04
2.608900000000000000e+04
7.100700000000000000e+04
7.133400000000000000e+04
3.369100000000000000e+04
8.863200000000000000e+04
3.788500000000000000e+04
5.551400000000000000e+04
4.832600000000000000e+04
4.863700000000000000e+04
5.766900000000000000e+04
3.272500000000000000e+04
5.154700000000000000e+04
6.083800000000000000e+04
6.215300000000000000e+04
4.617600000000000000e+04
4.537000000000000000e+04
6.730400000000000000e+04
7.008700000000000000e+04
4.383100000000000000e+04
6.311300000000000000e+04
6.191600000000000000e+04
5.008500000000000000e+04
4.118400000000000000e+04
3.650100000000000000e+04
5.401200000000000000e+04
5.797700000000000000e+04
6.411100000000000000e+04
5.903000000000000000e+04
6.749000000000000000e+04
5.435500000000000000e+04
