7.899200000000000000e+04
7.502300000000000000e+04
7.379300000000000000e+04
9.514000000000000000e+04
8.818300000000000000e+04
8.295100000000000000e+04
8.955200000000000000e+04
9.201500000000000000e+04
7.006900000000000000e+04
7.593100000000000000e+04
9.227600000000000000e+04
8.952100000000000000e+04
8.212600000000000000e+04
8.102200000000000000e+04
9.300600000000000000e+04
8.616600000000000000e+04
7.445800000000000000e+04
8.312300000000000000e+04
8.472100000000000000e+04
1.007550000000000000e+05
7.688800000000000000e+04
9.113400000000000000e+04
6.584600000000000000e+04
7.905800000000000000e+04
6.606600000000000000e+04
9.777300000000000000e+04
6.029700000000000000e+04
5.260500000000000000e+04
1.048000000000000000e+05
9.063400000000000000e+04
8.323000000000000000e+04
8.733700000000000000e+04
8.769400000000000000e+04
6.940400000000000000e+04
9.238600000000000000e+04
9.221300000000000000e+04
7.765300000000000000e+04
7.160200000000000000e+04
6.792300000000000000e+04
8.977000000000000000e+04
1.066370000000000000e+05
7.651600000000000000e+04
9.102700000000000000e+04
8.949700000000000000e+04
6.660700000000000000e+04
6.996600000000000000e+04
7.850300000000000000e+04
8.513400000000000000e+04
7.456700000000000000e+04
6.987900000000000000e+04
