1.305213000000000000e+06
1.305213000000000000e+06
1.305213000000000000e+06
1.305213000000000000e+06
1.305213000000000000e+06
1.305213000000000000e+06
1.305213000000000000e+06
1.305213000000000000e+06
1.305213000000000000e+06
1.305213000000000000e+06
1.305213000000000000e+06
1.305213000000000000e+06
1.305213000000000000e+06
1.305213000000000000e+06
1.305213000000000000e+06
1.305213000000000000e+06
1.305213000000000000e+06
1.305213000000000000e+06
1.305213000000000000e+06
1.305213000000000000e+06
1.305213000000000000e+06
1.305213000000000000e+06
1.305213000000000000e+06
1.305213000000000000e+06
1.305213000000000000e+06
1.305213000000000000e+06
1.305213000000000000e+06
1.305213000000000000e+06
1.305213000000000000e+06
1.305213000000000000e+06
1.305213000000000000e+06
1.305213000000000000e+06
1.305213000000000000e+06
1.305213000000000000e+06
1.305213000000000000e+06
1.305213000000000000e+06
1.305213000000000000e+06
1.305213000000000000e+06
1.305213000000000000e+06
1.305213000000000000e+06
1.305213000000000000e+06
1.305213000000000000e+06
1.305213000000000000e+06
1.305213000000000000e+06
1.305213000000000000e+06
1.305213000000000000e+06
1.305213000000000000e+06
1.305213000000000000e+06
1.305213000000000000e+06
1.305213000000000000e+06
