1.743850000000000000e+06
1.743850000000000000e+06
1.743850000000000000e+06
1.743850000000000000e+06
1.743850000000000000e+06
1.743850000000000000e+06
1.743850000000000000e+06
1.743850000000000000e+06
1.743850000000000000e+06
1.743850000000000000e+06
1.743850000000000000e+06
1.743850000000000000e+06
1.743850000000000000e+06
1.743850000000000000e+06
1.743850000000000000e+06
1.743850000000000000e+06
1.743850000000000000e+06
1.743850000000000000e+06
1.743850000000000000e+06
1.743850000000000000e+06
1.743850000000000000e+06
1.743850000000000000e+06
1.743850000000000000e+06
1.743850000000000000e+06
1.743850000000000000e+06
1.743850000000000000e+06
1.743850000000000000e+06
1.743850000000000000e+06
1.743850000000000000e+06
1.743850000000000000e+06
1.743850000000000000e+06
1.743850000000000000e+06
1.743850000000000000e+06
1.743850000000000000e+06
1.743850000000000000e+06
1.743850000000000000e+06
1.743850000000000000e+06
1.743850000000000000e+06
1.743850000000000000e+06
1.743850000000000000e+06
1.743850000000000000e+06
1.743850000000000000e+06
1.743850000000000000e+06
1.743850000000000000e+06
1.743850000000000000e+06
1.743850000000000000e+06
1.743850000000000000e+06
1.743850000000000000e+06
1.743850000000000000e+06
1.743850000000000000e+06
