1.360180000000000000e+06
1.360180000000000000e+06
1.360180000000000000e+06
1.360180000000000000e+06
1.360180000000000000e+06
1.360180000000000000e+06
1.360180000000000000e+06
1.360180000000000000e+06
1.360180000000000000e+06
1.360180000000000000e+06
1.360180000000000000e+06
1.360180000000000000e+06
1.360180000000000000e+06
1.360180000000000000e+06
1.360180000000000000e+06
1.360180000000000000e+06
1.360180000000000000e+06
1.360180000000000000e+06
1.360180000000000000e+06
1.360180000000000000e+06
1.360180000000000000e+06
1.360180000000000000e+06
1.360180000000000000e+06
1.360180000000000000e+06
1.360180000000000000e+06
1.360180000000000000e+06
1.360180000000000000e+06
1.360180000000000000e+06
1.360180000000000000e+06
1.360180000000000000e+06
1.360180000000000000e+06
1.360180000000000000e+06
1.360180000000000000e+06
1.360180000000000000e+06
1.360180000000000000e+06
1.360180000000000000e+06
1.360180000000000000e+06
1.360180000000000000e+06
1.360180000000000000e+06
1.360180000000000000e+06
1.360180000000000000e+06
1.360180000000000000e+06
1.360180000000000000e+06
1.360180000000000000e+06
1.360180000000000000e+06
1.360180000000000000e+06
1.360180000000000000e+06
1.360180000000000000e+06
1.360180000000000000e+06
1.360180000000000000e+06
