7.723400000000000000e+05
7.723400000000000000e+05
7.723400000000000000e+05
7.723400000000000000e+05
7.723400000000000000e+05
7.723400000000000000e+05
7.723400000000000000e+05
7.723400000000000000e+05
7.723400000000000000e+05
7.723400000000000000e+05
7.723400000000000000e+05
7.723400000000000000e+05
7.723400000000000000e+05
7.723400000000000000e+05
7.723400000000000000e+05
7.723400000000000000e+05
7.723400000000000000e+05
7.723400000000000000e+05
7.723400000000000000e+05
7.723400000000000000e+05
7.723400000000000000e+05
7.723400000000000000e+05
7.723400000000000000e+05
7.723400000000000000e+05
7.723400000000000000e+05
7.723400000000000000e+05
7.723400000000000000e+05
7.723400000000000000e+05
7.723400000000000000e+05
7.723400000000000000e+05
7.723400000000000000e+05
7.723400000000000000e+05
7.723400000000000000e+05
7.723400000000000000e+05
7.723400000000000000e+05
7.723400000000000000e+05
7.723400000000000000e+05
7.723400000000000000e+05
7.723400000000000000e+05
7.723400000000000000e+05
7.723400000000000000e+05
7.723400000000000000e+05
7.723400000000000000e+05
7.723400000000000000e+05
7.723400000000000000e+05
7.723400000000000000e+05
7.723400000000000000e+05
7.723400000000000000e+05
7.723400000000000000e+05
7.723400000000000000e+05
