1.642028000000000000e+06
1.642028000000000000e+06
1.642028000000000000e+06
1.642028000000000000e+06
1.642028000000000000e+06
1.642028000000000000e+06
1.642028000000000000e+06
1.642028000000000000e+06
1.642028000000000000e+06
1.642028000000000000e+06
1.642028000000000000e+06
1.642028000000000000e+06
1.642028000000000000e+06
1.642028000000000000e+06
1.642028000000000000e+06
1.642028000000000000e+06
1.642028000000000000e+06
1.642028000000000000e+06
1.642028000000000000e+06
1.642028000000000000e+06
1.642028000000000000e+06
1.642028000000000000e+06
1.642028000000000000e+06
1.642028000000000000e+06
1.642028000000000000e+06
1.642028000000000000e+06
1.642028000000000000e+06
1.642028000000000000e+06
1.642028000000000000e+06
1.642028000000000000e+06
1.642028000000000000e+06
1.642028000000000000e+06
1.642028000000000000e+06
1.642028000000000000e+06
1.642028000000000000e+06
1.642028000000000000e+06
1.642028000000000000e+06
1.642028000000000000e+06
1.642028000000000000e+06
1.642028000000000000e+06
1.642028000000000000e+06
1.642028000000000000e+06
1.642028000000000000e+06
1.642028000000000000e+06
1.642028000000000000e+06
1.642028000000000000e+06
1.642028000000000000e+06
1.642028000000000000e+06
1.642028000000000000e+06
1.642028000000000000e+06
