5.216500000000000000e+04
6.397600000000000000e+04
4.359600000000000000e+04
3.228800000000000000e+04
5.649100000000000000e+04
3.081800000000000000e+04
4.597700000000000000e+04
6.984900000000000000e+04
6.973100000000000000e+04
5.306200000000000000e+04
2.768000000000000000e+04
6.578200000000000000e+04
4.174100000000000000e+04
3.874500000000000000e+04
3.277600000000000000e+04
6.664000000000000000e+04
4.969400000000000000e+04
7.054300000000000000e+04
7.653800000000000000e+04
3.367800000000000000e+04
5.251100000000000000e+04
5.513700000000000000e+04
2.071600000000000000e+04
3.953400000000000000e+04
3.021800000000000000e+04
1.875500000000000000e+04
3.862000000000000000e+04
6.084100000000000000e+04
2.062900000000000000e+04
4.485700000000000000e+04
5.097900000000000000e+04
7.172100000000000000e+04
6.952100000000000000e+04
4.876400000000000000e+04
4.878100000000000000e+04
4.218700000000000000e+04
6.103800000000000000e+04
5.284900000000000000e+04
8.993200000000000000e+04
4.746600000000000000e+04
4.540000000000000000e+04
4.100300000000000000e+04
4.254800000000000000e+04
4.576900000000000000e+04
4.818300000000000000e+04
3.746600000000000000e+04
6.020000000000000000e+04
6.034800000000000000e+04
6.424100000000000000e+04
4.489900000000000000e+04
