1.027000000000000000e+05
7.984100000000000000e+04
5.287100000000000000e+04
8.571900000000000000e+04
5.513900000000000000e+04
7.661700000000000000e+04
7.252800000000000000e+04
8.072400000000000000e+04
7.914900000000000000e+04
8.082700000000000000e+04
4.859600000000000000e+04
6.574300000000000000e+04
4.848100000000000000e+04
5.084800000000000000e+04
5.006100000000000000e+04
6.538100000000000000e+04
6.036800000000000000e+04
9.116500000000000000e+04
8.458200000000000000e+04
9.416500000000000000e+04
6.752000000000000000e+04
8.485500000000000000e+04
5.477200000000000000e+04
4.807600000000000000e+04
8.080800000000000000e+04
7.347200000000000000e+04
5.894000000000000000e+04
6.531600000000000000e+04
5.411400000000000000e+04
7.204500000000000000e+04
8.939000000000000000e+04
8.103000000000000000e+04
8.364400000000000000e+04
5.901200000000000000e+04
6.573300000000000000e+04
6.490700000000000000e+04
9.044700000000000000e+04
7.503700000000000000e+04
7.002200000000000000e+04
1.091390000000000000e+05
3.884500000000000000e+04
6.594000000000000000e+04
7.113900000000000000e+04
7.625400000000000000e+04
4.853300000000000000e+04
6.151900000000000000e+04
6.514200000000000000e+04
5.186900000000000000e+04
5.290300000000000000e+04
4.757800000000000000e+04
