2.228900000000000000e+04
3.187200000000000000e+04
2.471800000000000000e+04
4.108500000000000000e+04
2.884400000000000000e+04
4.854200000000000000e+04
1.276500000000000000e+04
2.815300000000000000e+04
1.933800000000000000e+04
1.933800000000000000e+04
4.531300000000000000e+04
2.550900000000000000e+04
5.706400000000000000e+04
0.000000000000000000e+00
2.384900000000000000e+04
8.751000000000000000e+03
3.076600000000000000e+04
3.722600000000000000e+04
4.086200000000000000e+04
1.245400000000000000e+04
5.144800000000000000e+04
2.590000000000000000e+02
1.225900000000000000e+04
2.795800000000000000e+04
3.557200000000000000e+04
3.420100000000000000e+04
2.569200000000000000e+04
1.059700000000000000e+04
3.687200000000000000e+04
3.150900000000000000e+04
5.979000000000000000e+03
2.157800000000000000e+04
2.439400000000000000e+04
3.889900000000000000e+04
1.000100000000000000e+04
1.140400000000000000e+04
2.830900000000000000e+04
2.707300000000000000e+04
2.453700000000000000e+04
2.502900000000000000e+04
1.527800000000000000e+04
1.154000000000000000e+03
1.454000000000000000e+04
1.025600000000000000e+04
2.625000000000000000e+03
2.674300000000000000e+04
2.618400000000000000e+04
2.452800000000000000e+04
2.258100000000000000e+04
2.657800000000000000e+04
