4.870800000000000000e+04
6.065800000000000000e+04
5.934800000000000000e+04
7.769100000000000000e+04
7.182600000000000000e+04
4.001500000000000000e+04
2.096700000000000000e+04
8.216200000000000000e+04
4.097500000000000000e+04
3.013900000000000000e+04
5.764100000000000000e+04
4.444400000000000000e+04
6.106400000000000000e+04
2.225400000000000000e+04
5.113400000000000000e+04
4.713800000000000000e+04
6.025100000000000000e+04
5.068000000000000000e+04
4.416700000000000000e+04
3.129200000000000000e+04
4.819500000000000000e+04
6.919700000000000000e+04
2.694000000000000000e+04
5.520300000000000000e+04
5.718500000000000000e+04
8.360400000000000000e+04
6.399500000000000000e+04
5.353600000000000000e+04
3.471300000000000000e+04
6.405400000000000000e+04
7.404500000000000000e+04
7.043900000000000000e+04
4.010500000000000000e+04
3.968600000000000000e+04
2.291400000000000000e+04
3.489400000000000000e+04
8.569000000000000000e+04
7.763000000000000000e+04
5.582100000000000000e+04
5.670700000000000000e+04
5.828500000000000000e+04
5.413300000000000000e+04
5.066400000000000000e+04
5.748600000000000000e+04
4.262600000000000000e+04
3.624000000000000000e+04
6.459700000000000000e+04
3.887600000000000000e+04
4.555900000000000000e+04
7.551900000000000000e+04
