6.297600000000000000e+04
7.285100000000000000e+04
6.014400000000000000e+04
6.702200000000000000e+04
6.008500000000000000e+04
2.545200000000000000e+04
4.009000000000000000e+04
7.859500000000000000e+04
6.668600000000000000e+04
7.141300000000000000e+04
2.675900000000000000e+04
5.393100000000000000e+04
5.535800000000000000e+04
4.475600000000000000e+04
2.195300000000000000e+04
4.437800000000000000e+04
7.220000000000000000e+04
6.750500000000000000e+04
5.619600000000000000e+04
6.207000000000000000e+04
5.619400000000000000e+04
6.052000000000000000e+04
2.692900000000000000e+04
5.566700000000000000e+04
2.733600000000000000e+04
1.297900000000000000e+04
2.549000000000000000e+04
5.233300000000000000e+04
2.125100000000000000e+04
3.913900000000000000e+04
5.858100000000000000e+04
4.516100000000000000e+04
6.619000000000000000e+04
6.900700000000000000e+04
7.282600000000000000e+04
1.929800000000000000e+04
4.162000000000000000e+04
3.179000000000000000e+04
7.953500000000000000e+04
7.175100000000000000e+04
5.769400000000000000e+04
4.746000000000000000e+04
2.156400000000000000e+04
5.220500000000000000e+04
6.855000000000000000e+04
5.358600000000000000e+04
4.880300000000000000e+04
7.021500000000000000e+04
6.607300000000000000e+04
3.507600000000000000e+04
