7.190000000000000000e+04
7.680000000000000000e+04
6.976300000000000000e+04
8.053500000000000000e+04
8.449200000000000000e+04
7.912600000000000000e+04
6.056500000000000000e+04
7.272100000000000000e+04
8.704100000000000000e+04
9.870700000000000000e+04
8.172300000000000000e+04
5.522200000000000000e+04
5.803200000000000000e+04
7.519400000000000000e+04
5.810000000000000000e+04
6.800200000000000000e+04
8.372500000000000000e+04
6.756000000000000000e+04
6.884300000000000000e+04
9.349100000000000000e+04
6.768500000000000000e+04
7.636900000000000000e+04
7.066900000000000000e+04
7.450200000000000000e+04
6.373000000000000000e+04
8.662300000000000000e+04
6.682500000000000000e+04
5.842100000000000000e+04
1.054060000000000000e+05
1.072720000000000000e+05
5.635900000000000000e+04
9.689900000000000000e+04
7.150500000000000000e+04
9.156600000000000000e+04
4.562500000000000000e+04
5.073200000000000000e+04
8.230600000000000000e+04
4.695900000000000000e+04
5.918600000000000000e+04
7.132200000000000000e+04
5.996600000000000000e+04
9.891200000000000000e+04
6.145500000000000000e+04
5.917500000000000000e+04
6.353400000000000000e+04
7.876100000000000000e+04
7.921800000000000000e+04
5.842500000000000000e+04
9.265000000000000000e+04
7.714000000000000000e+04
