6.027100000000000000e+04
8.748600000000000000e+04
1.079780000000000000e+05
1.026550000000000000e+05
8.887800000000000000e+04
9.651500000000000000e+04
9.539400000000000000e+04
9.798100000000000000e+04
9.768200000000000000e+04
7.806300000000000000e+04
7.642200000000000000e+04
1.393810000000000000e+05
6.831800000000000000e+04
8.808400000000000000e+04
9.349300000000000000e+04
1.123700000000000000e+05
1.162250000000000000e+05
4.862600000000000000e+04
9.984600000000000000e+04
7.873600000000000000e+04
7.960700000000000000e+04
9.774700000000000000e+04
9.780700000000000000e+04
7.943600000000000000e+04
8.141500000000000000e+04
8.767100000000000000e+04
7.842300000000000000e+04
8.494200000000000000e+04
7.209900000000000000e+04
8.212500000000000000e+04
9.887100000000000000e+04
8.260400000000000000e+04
9.846900000000000000e+04
9.612200000000000000e+04
9.642900000000000000e+04
1.024750000000000000e+05
8.070600000000000000e+04
9.875300000000000000e+04
8.008100000000000000e+04
7.615500000000000000e+04
8.089000000000000000e+04
6.901500000000000000e+04
9.889600000000000000e+04
1.046870000000000000e+05
7.389900000000000000e+04
5.879600000000000000e+04
8.967500000000000000e+04
9.519000000000000000e+04
6.330100000000000000e+04
9.620400000000000000e+04
