6.041600000000000000e+04
8.838100000000000000e+04
1.085430000000000000e+05
9.033900000000000000e+04
1.041360000000000000e+05
9.119600000000000000e+04
9.541600000000000000e+04
8.781200000000000000e+04
9.751200000000000000e+04
7.919200000000000000e+04
1.009830000000000000e+05
1.272320000000000000e+05
7.995000000000000000e+04
9.150300000000000000e+04
9.979500000000000000e+04
1.145170000000000000e+05
1.054340000000000000e+05
5.309800000000000000e+04
1.104450000000000000e+05
8.348000000000000000e+04
7.869600000000000000e+04
1.028780000000000000e+05
1.163180000000000000e+05
9.962100000000000000e+04
9.420200000000000000e+04
9.012100000000000000e+04
8.344200000000000000e+04
1.008570000000000000e+05
7.693000000000000000e+04
8.503000000000000000e+04
1.099730000000000000e+05
9.564600000000000000e+04
8.654000000000000000e+04
9.530100000000000000e+04
1.053490000000000000e+05
1.243190000000000000e+05
8.885700000000000000e+04
1.129950000000000000e+05
1.026200000000000000e+05
9.058300000000000000e+04
8.900600000000000000e+04
7.029100000000000000e+04
8.416500000000000000e+04
9.335000000000000000e+04
8.983600000000000000e+04
6.562900000000000000e+04
7.429700000000000000e+04
9.636700000000000000e+04
7.127900000000000000e+04
9.071800000000000000e+04
