3.516700000000000000e+04
4.646000000000000000e+04
2.280300000000000000e+04
1.953400000000000000e+04
1.648700000000000000e+04
5.811600000000000000e+04
5.196700000000000000e+04
3.397600000000000000e+04
3.091400000000000000e+04
3.588200000000000000e+04
2.700700000000000000e+04
2.474100000000000000e+04
4.398800000000000000e+04
2.137200000000000000e+04
3.116500000000000000e+04
2.434000000000000000e+04
5.834300000000000000e+04
2.100100000000000000e+04
3.345700000000000000e+04
2.678300000000000000e+04
2.135800000000000000e+04
3.684500000000000000e+04
4.420000000000000000e+03
4.015200000000000000e+04
4.150200000000000000e+04
2.303600000000000000e+04
3.228700000000000000e+04
2.372800000000000000e+04
1.878600000000000000e+04
3.199700000000000000e+04
3.555200000000000000e+04
4.096700000000000000e+04
4.221600000000000000e+04
1.307600000000000000e+04
2.022400000000000000e+04
2.507800000000000000e+04
1.657600000000000000e+04
5.334300000000000000e+04
3.719200000000000000e+04
2.208500000000000000e+04
4.987100000000000000e+04
4.477700000000000000e+04
2.282800000000000000e+04
2.050300000000000000e+04
5.210400000000000000e+04
1.069800000000000000e+04
3.820000000000000000e+04
3.285400000000000000e+04
5.261300000000000000e+04
3.674400000000000000e+04
