3.148800000000000000e+04
2.516200000000000000e+04
2.590400000000000000e+04
1.539600000000000000e+04
2.469100000000000000e+04
4.425400000000000000e+04
2.691500000000000000e+04
2.038500000000000000e+04
4.139800000000000000e+04
3.321900000000000000e+04
3.765100000000000000e+04
2.587100000000000000e+04
5.464700000000000000e+04
1.360900000000000000e+04
1.543700000000000000e+04
2.034000000000000000e+03
3.992000000000000000e+04
4.178300000000000000e+04
4.506300000000000000e+04
2.314800000000000000e+04
6.766900000000000000e+04
1.524300000000000000e+04
1.609200000000000000e+04
3.569800000000000000e+04
3.250200000000000000e+04
3.182800000000000000e+04
1.935400000000000000e+04
3.100500000000000000e+04
5.116900000000000000e+04
3.402700000000000000e+04
1.712200000000000000e+04
2.542800000000000000e+04
1.832100000000000000e+04
2.670200000000000000e+04
2.541700000000000000e+04
1.345000000000000000e+03
2.865900000000000000e+04
3.181800000000000000e+04
3.711500000000000000e+04
3.456700000000000000e+04
1.613400000000000000e+04
5.985000000000000000e+03
1.803300000000000000e+04
1.440900000000000000e+04
6.955000000000000000e+03
3.780400000000000000e+04
1.983300000000000000e+04
3.125000000000000000e+04
4.887100000000000000e+04
1.836300000000000000e+04
