3.870200000000000000e+04
4.479800000000000000e+04
6.009100000000000000e+04
2.854700000000000000e+04
2.779000000000000000e+04
6.070500000000000000e+04
7.132700000000000000e+04
3.261300000000000000e+04
5.162600000000000000e+04
2.116100000000000000e+04
2.752800000000000000e+04
3.906800000000000000e+04
5.036000000000000000e+04
3.195200000000000000e+04
3.825600000000000000e+04
1.930900000000000000e+04
7.033500000000000000e+04
3.403800000000000000e+04
2.323200000000000000e+04
2.747100000000000000e+04
4.123100000000000000e+04
4.334400000000000000e+04
1.039200000000000000e+04
6.474000000000000000e+04
5.245900000000000000e+04
2.547600000000000000e+04
5.263500000000000000e+04
3.552700000000000000e+04
3.585000000000000000e+04
6.324200000000000000e+04
1.979300000000000000e+04
6.309400000000000000e+04
4.209000000000000000e+04
1.974900000000000000e+04
3.254400000000000000e+04
1.806500000000000000e+04
3.428400000000000000e+04
5.002300000000000000e+04
4.836800000000000000e+04
1.272800000000000000e+04
5.074900000000000000e+04
5.989100000000000000e+04
2.789400000000000000e+04
5.447400000000000000e+04
4.237300000000000000e+04
7.836000000000000000e+03
3.360700000000000000e+04
5.005400000000000000e+04
4.411100000000000000e+04
2.388700000000000000e+04
