6.896300000000000000e+04
8.759400000000000000e+04
6.043800000000000000e+04
7.867500000000000000e+04
8.155800000000000000e+04
7.654600000000000000e+04
9.713100000000000000e+04
8.426700000000000000e+04
8.384700000000000000e+04
7.153400000000000000e+04
9.435100000000000000e+04
8.700100000000000000e+04
9.610200000000000000e+04
6.756400000000000000e+04
6.782700000000000000e+04
8.628500000000000000e+04
8.906600000000000000e+04
6.875300000000000000e+04
8.800600000000000000e+04
6.882800000000000000e+04
8.252500000000000000e+04
1.043940000000000000e+05
7.031100000000000000e+04
8.862200000000000000e+04
6.777500000000000000e+04
6.726800000000000000e+04
8.515700000000000000e+04
8.599700000000000000e+04
8.541800000000000000e+04
6.367800000000000000e+04
8.496000000000000000e+04
8.734100000000000000e+04
1.352690000000000000e+05
7.819400000000000000e+04
6.371700000000000000e+04
7.341300000000000000e+04
7.659000000000000000e+04
8.595700000000000000e+04
8.528700000000000000e+04
9.377000000000000000e+04
7.319500000000000000e+04
6.734900000000000000e+04
7.926200000000000000e+04
1.017050000000000000e+05
8.591200000000000000e+04
1.005670000000000000e+05
9.945500000000000000e+04
7.148800000000000000e+04
9.590500000000000000e+04
9.014400000000000000e+04
